1.000000387755102	0.3375901346503607
1.005827640490633	0.34384933626079595
1.0116548932261638	0.3504676218860847
1.0233093986972257	0.3647600831722735
1.0291366514327565	0.37242283311952074
1.0349639041682874	0.380422893520465
1.0466184096393492	0.39741076029827127
1.05244566237488	0.40638783933993383
1.0582729151104109	0.41567730608480313
1.0699274205814726	0.43517036940158516
1.093236431523596	0.47763816408401993
1.0990636842591268	0.48894256316769025
1.1048909369946578	0.5005089447430537
1.1165454424657195	0.5244006072928735
1.139854453407843	0.5750329967257315
1.1864724752920899	0.68621086442273
1.1922997280276206	0.7009093125985877
1.1981269807631516	0.7157644129395577
1.2097814862342133	0.745919685772704
1.2330904971763368	0.8078382516392504
1.2797085190605837	0.9367972511760438
1.3729445628290775	1.2058824894725066
1.3792619725446187	1.2243030173666247
1.3855793822601599	1.2427194020878585
1.3982142016912422	1.2795199673243134
1.4234838405534072	1.3528805181997516
1.4740231182777368	1.497763566626185
1.5751016737263959	1.774328340647795
1.5814190834419373	1.790830501785156
1.5877364931574784	1.8072265391999514
1.6003713125885608	1.839688872180515
1.6256409514507255	1.9032337904049117
1.676180229175055	2.0243521210523885
1.6824976388905961	2.038894934851616
1.6888150486061373	2.0532982724332145
1.7014498680372196	2.081684201370897
1.7267195068993846	2.1367239656741095
1.7772587846237142	2.2395602272547537
1.7831575502988577	2.2509123845724073
1.789056315974001	2.2621234985075196
1.8008538473242877	2.284128970581442
1.824448910024861	2.3264490073967794
1.8303476757000046	2.3366734896105323
1.8362464413751478	2.3467548229039115
1.8480439727254345	2.366488549448642
1.871639035426008	2.4042375481521816
1.8775378011011514	2.4133169900494886
1.8834365667762947	2.42225362817661
1.8952340981265814	2.4396947653195498
1.9188291608271548	2.472884225344869
1.966019286228302	2.5326230958898837
1.9719180519034452	2.539489243682345
1.9778168175785886	2.5462242135019837
1.9896143489288756	2.5593064373377956
2.013209411629449	2.583981706313923
2.0191081773045925	2.5898499618581186
2.0250069429797355	2.59560172182383
2.0368044743300224	2.606763318420307
2.060399537030596	2.6277816720850744
2.0662983027057393	2.6327777411374216
2.0721970683808824	2.6376779689427226
2.0839945997311693	2.6471904246738998
2.1075896624317427	2.665138406575566
2.1547797878328896	2.697427716050753
2.160562843141104	2.701110642378594
2.166345898449319	2.7047440384792987
2.177912009065749	2.7118789222890154
2.201044230298609	2.725682345367806
2.247308672764328	2.75220578698746
2.253091728072543	2.7554827782595828
2.258874783380758	2.7587622789318162
2.270440893997188	2.765344797592755
2.2935731152300476	2.7786773443995383
2.339837557695767	2.8067587992513947
2.345620613003982	2.8104612676604384
2.351403668312197	2.814216286041335
2.362969778928627	2.8218952579095116
2.3861020001614865	2.838006858595922
2.391885055469701	2.842205546313976
2.397668110777916	2.846477715996783
2.409234221394346	2.855255250211516
2.432366442627206	2.873789622479527
2.438149497935421	2.8786398166993497
2.443932553243636	2.883580403643542
2.455498663860066	2.893739689523189
2.4786308850929255	2.9152199271538106
2.524895327558645	2.963065313830632
2.5311685398468704	2.9700747260130496
2.5374417521350954	2.9772107307107234
2.5499881767115458	2.9918635042420925
2.575081025864447	3.0226965082882535
2.625266724170249	3.0903252292475596
2.6315399364584744	3.09931829680643
2.6378131487466994	3.1084260114483944
2.6503595733231498	3.1269775757558143
2.675452422476051	3.1653659552198
2.725638120781853	3.246669417731703
2.7319113330700784	3.257196495723191
2.7381845453583034	3.267792821376371
2.7507309699347537	3.2891780121903613
2.775823819087655	3.3326056890154003
2.826009517393457	3.4211477537015913
2.926380914005061	3.5965676449651203
2.9322354822528887	3.606409515384474
2.938090050500716	3.616182658802687
2.949799186996371	3.6355068440763203
2.9732174599876804	3.6731460337639033
2.9790720282355077	3.682324539574879
2.9849265964833354	3.69141404014959
2.99663573297899	3.7092638472237907
3.0200540059703	3.743592729368264
3.0259085742181275	3.7518703574652594
3.031763142465955	3.76001899485505
3.0434722789616098	3.7759154813232008
3.0668905519529193	3.806004845912933
3.0727451202007465	3.81315403594551
3.0785996884485742	3.8201476956934193
3.0903088249442288	3.833670731021243
3.1137270979355387	3.8587146377008503
3.1195816661833664	3.8645460998765686
3.1254362344311937	3.8701995581079793
3.1371453709268486	3.880964892744891
3.142999939174676	3.8860719484138895
3.148854507422503	3.890992187903577
3.160563643918158	3.900263395193278
3.1664182121659854	3.9046051879931065
3.172272780413813	3.9087540828265084
3.1839819169094676	3.9164568356023834
3.1898364851572953	3.9200146743874003
3.1956910534051226	3.9233659487865378
3.2074001899007776	3.9294541117319155
3.213254758148605	3.9321878935990195
3.219109326396432	3.934707904713625
3.22496389464426	3.9370202726314343
3.230818462892087	3.939120750918955
3.2366730311399143	3.9410080394268956
3.242527599387742	3.9426809195011927
3.2483821676355693	3.9441382380068006
3.2542367358833966	3.9453789069055523
3.2600913041312243	3.946401902792079
3.2659458723790515	3.9472062664214165
3.271800440626879	3.947788644555115
3.2776550088747065	3.948151605998297
3.2835095771225338	3.94829319878169
3.289364145370361	3.948212691330758
3.2952187136181887	3.9479119897279324
3.301073281866016	3.9473876485783483
3.3074180070938537	3.946566963443604
3.313762732321692	3.9454831238119996
3.3201074575495295	3.9441351006504495
3.326452182777367	3.9425225359466687
3.332796908005205	3.940645430347106
3.3391416332330426	3.9385034760049407
3.3454863584608803	3.936096472905102
3.351831083688718	3.93342429668087
3.3581758089165556	3.93048689753067
3.3645205341443933	3.9272842991156884
3.3708652593722315	3.9238165974587034
3.377209984600069	3.9200852582985073
3.383554709827907	3.9160879701797584
3.389899435055745	3.911826332167103
3.4025888855114204	3.9025077284044336
3.408933610739258	3.897454965431086
3.4152783359670957	3.8921396302777347
3.427967786422771	3.8807261666454886
3.434312511650609	3.8746276716120294
3.4406572368784465	3.8682695875848263
3.4533466873341223	3.8547782283402747
3.45969141256196	3.8476468876686445
3.466036137789798	3.8402598241359347
3.4787255882454735	3.8247265198716365
3.5041044891568243	3.790644051841362
3.510449214384662	3.7814939780886143
3.5167939396124996	3.772105245186164
3.529483390068175	3.752597315703918
3.554862290979526	3.71071514466055
3.561207016207364	3.699655191846841
3.567551741435202	3.6883633922204697
3.5802411918908774	3.6650918298957498
3.605620092802228	3.6158643752216477
3.611964818030066	3.603008201953317
3.6183095432579035	3.5899254314190294
3.6309989937135794	3.5631365875615018
3.6563778946249306	3.5070772473559515
3.7071356964476325	3.385555737045574
3.713364711308542	3.3698284171804587
3.7195937261694514	3.3539316249395283
3.73205175589127	3.321628554426757
3.7569678153349066	3.2551113136838454
3.806799934222181	3.1149994041101445
3.9064641719967304	2.811590662364192
4.105792647545829	2.1551984344367052
4.11160301836634	2.135828393855685
4.117413389186851	2.116473475945079
4.129034130827874	2.077815891287176
4.15227561410992	2.000778978531466
4.198758580674012	1.8483084203450555
4.291724513802196	1.5533094901059732
4.297534884622707	1.5354438587495332
4.303345255443219	1.517656023233736
4.314965997084242	1.4823185174556897
4.338207480366288	1.412643278639926
4.38469044693038	1.2776225260509015
4.477656380058563	1.027263015303662
4.483956907859085	1.0113349952147361
4.490257435659606	0.9955461815280993
4.50285849126065	0.9643835423817125
4.5280606024627374	0.9037835758439215
4.578464824866911	0.7896670087729474
4.584765352667433	0.776083099969647
4.591065880467955	0.7626528314695715
4.603666936068999	0.7362557283879995
4.628869047271086	0.6853167643491477
4.67927326967526	0.5910063484482367
4.685573797475782	0.5799306476152483
4.691874325276304	0.5690162329749379
4.704475380877348	0.5476614650957939
4.729677492079435	0.506853154216874
4.735978019879957	0.4970466422107962
4.742278547680478	0.48739805096509625
4.7548796032815215	0.4685745141509867
4.780081714483609	0.4328048238487412
4.786382242284131	0.42425075574859417
4.792682770084653	0.41585087253970743
4.805283825685697	0.39951201689588445
4.830485936887784	0.3686534671395021
4.880890159291958	0.31400527797531175
4.8867720430520825	0.30822375720635387
4.892653926812207	0.3025632638618947
4.904417694332454	0.2916010984196943
4.92794522937295	0.27108045235278544
4.933827113133074	0.26623595968416547
4.939708996893199	0.26150324100768707
4.951472764413446	0.25236890690226943
4.975000299453942	0.23538282411813305
4.980882183214066	0.2313957583098143
4.986764066974191	0.227508899531348
4.998527834494438	0.2200333104372194
5.022055369534934	0.20622793432078912
5.027937253295058	0.20300635204737916
5.033819137055183	0.1998728062134152
5.04558290457543	0.19386665602690156
5.069110439615926	0.18284986299147332
5.07499232337605	0.18029321392350028
5.0808742071361745	0.17781240062508563
5.092637974656422	0.17307110251844748
5.098519858416546	0.17080667482411616
5.10440174217667	0.16861166974194297
5.116165509696918	0.1644218076866435
5.122047393457042	0.16242355606758396
5.1279292772171665	0.16048749254235495
5.139693044737414	0.15679513700133085
5.16322057977791	0.1500810753557824
5.169102463538034	0.14853267057734343
5.1749843472981585	0.14703292724622707
5.186748114818406	0.14417375290318013
5.19262999857853	0.1428104084104217
5.198511882338654	0.14148913557066956
5.210275649858902	0.13896639964031765
5.216157533619025	0.13776147720752308
5.22203941737915	0.136592383056915
5.233803184899397	0.13435496267831137
5.257330719939893	0.13024030239487216
5.263096893333088	0.1292982812366752
5.268863066726285	0.12837749664548892
5.280395413512675	0.12659823613900023
5.303460107085458	0.12325530842297217
5.349589494231022	0.11715463104563673
5.3553556676242176	0.1164259002297432
5.361121841017413	0.1157011617677528
5.372654187803804	0.11425986010404332
5.395718881376586	0.1113876622598573
5.4418482685221505	0.10549277951091163
5.447614441915346	0.10472909682239684
5.453380615308541	0.10395788079913781
5.464912962094933	0.10238945934102117
5.487977655667715	0.09913865193484134
5.534107042813279	0.09210954148026662
5.539873216206474	0.0911775688636502
5.545639389599669	0.09023335426793777
5.557171736386061	0.08830817528680873
5.580236429958843	0.0843117967769027
5.626365817104407	0.07575998898380398
5.632622147477613	0.07454706836588476
5.6388784778508185	0.0733228040478745
5.65139113859723	0.07084159230295967
5.676416460090054	0.06576240521010374
5.7264671030757	0.05527007708813536
5.732723433448906	0.05394007198758671
5.738979763822112	0.05260839521892108
5.751492424568524	0.049942425096166365
5.776517746061348	0.04462549951322703
5.826568389046995	0.03423525791487797
5.8328247194202	0.032975882556434466
5.839081049793407	0.03172813977198652
5.851593710539818	0.02927101057294068
5.876619032032641	0.024533558365457453
5.882875362405847	0.023391197326624258
5.889131692779053	0.022267246328116275
5.901644353525465	0.020078021814357805
5.926669675018289	0.01595704218070132
5.9329260053914945	0.014985419578871506
5.9391823357647	0.014038408154805754
5.951694996511112	0.01222195317039293
5.957951326884317	0.011353971508554356
5.964207657257523	0.01051377156728231
5.976720318003935	0.008919481046904154
5.982976648377141	0.008166733385509023
5.989232978750348	0.007444463935114609
6.001745639496759	0.006093592999941111
6.008001969869965	0.005466371558599414
6.014258300243171	0.004872031672552929
6.026770960989582	0.0037842098169103278
6.03260864732239	0.0033236495499624763
6.038446333655198	0.002893531049757231
6.044284019988006	0.0024942450135414518
6.050121706320814	0.002126166418475184
6.055959392653622	0.0017896464542244972
6.06179707898643	0.0014850460242720465
6.067634765319238	0.0012126773234134025
6.073472451652046	0.0009728496813827536
6.079310137984854	0.0007658556313409892
6.085147824317662	0.0005919707341646152
6.09098551065047	0.0004514534140163118
6.096823196983278	0.00034454480867493475
6.102660883316086	0.00027146863032936897
6.108498569648894	0.00023243120496099778
6.114336255981702	0.00022761794504488897
6.12017394231451	0.000257222217341202
6.126011628647318	0.00032137544503860194
6.131849314980126	0.00042020428350747485
6.137687001312934	0.0005538353784974304
6.143524687645742	0.0007223669277361955
6.14936237397855	0.0009258788604601109
6.155200060311358	0.0011644327845869995
6.161037746644166	0.001438071944145164
6.166875432976974	0.0017468212239251935
6.172713119309782	0.0020906869975711173
6.17855080564259	0.002469657285993243
6.184388491975398	0.0028838287513408
6.190226178308206	0.0033329378823585554
6.196063864641014	0.0038170165930752342
6.2019015509738225	0.004335981673516093
6.213576923639439	0.0054781482446192575
6.219414609972247	0.006101093715216693
6.225252296305056	0.0067584137109018005
6.236927668970672	0.008175498462610647
6.24276535530348	0.00893484775186179
6.248603041636288	0.009727514079200389
6.260278414301904	0.011412551417491923
6.266116100634712	0.012304491607961654
6.27195378696752	0.01322890691518186
6.283629159633136	0.015173892293681102
6.3069799049643684	0.01943865964825814
6.3128175912971765	0.020581670848153433
6.3186552776299845	0.02175352033508049
6.3303306502956005	0.024184134192651502
6.3536813956268325	0.029379923227257576
6.400382886289297	0.04099019947366933
6.406710729602115	0.04267622169158494
6.4130385729149335	0.044386736374409846
6.42569425954057	0.04787794666069639
6.451005632791844	0.055120135642045626
6.501628379294391	0.0704379079892499
6.602873872299485	0.10269766919418022
6.609201715612303	0.10471759344006748
6.615529558925122	0.10673206385649382
6.628185245550759	0.11074100734244323
6.6534966188020315	0.11864765986970958
6.704119365304578	0.13381924982222265
6.7104472086173965	0.13563790730724554
6.716775051930215	0.13743856724950887
6.729430738555852	0.14097335854740933
6.754742111807126	0.1477664160910906
6.805364858309672	0.16007788904383918
6.811576991255562	0.16145859167932647
6.817789124201452	0.1628088800334811
6.830213390093231	0.16541606135488063
6.8364255230391215	0.16667192207931744
6.842637655985011	0.16789530442636877
6.855061921876791	0.17024313425816606
6.861274054822681	0.17136655262938993
6.867486187768571	0.1724557320300359
6.879910453660351	0.17452979376863248
6.904758985443911	0.1782507712848792
6.910971118389801	0.17909041977202356
6.917183251335691	0.17989296180734077
6.9296075172274705	0.18138674167510688
6.935819650173361	0.18207727921442543
6.94203178311925	0.18273009170662524
6.95445604901103	0.1839219134979303
6.960668181956921	0.1844606590178105
6.96688031490281	0.1849611515677216
6.9730924478487	0.18542330908935756
6.97930458079459	0.18584706944557863
6.9855167137404806	0.18623239037735068
6.99172884668637	0.1865782595965271
6.99794097963226	0.1868864470020196
7.00415311257815	0.1871561476817017
7.01036524552404	0.1873873997825496
7.01657737846993	0.18758025546525028
7.022789511415819	0.1877347860169104
7.02900164436171	0.1878510817223073
7.0352137773076	0.18792914397094934
7.04142591025349	0.1879692888678833
7.047638043199379	0.1879715787379655
7.05385017614527	0.18793680480805813
7.06006230909116	0.18786405670451917
7.06627444203705	0.18775402203567176
7.072486574982939	0.18760759313696088
7.0786987079288295	0.18742384070725082
7.084910840874719	0.18720353770487877
7.0911229738206085	0.1869469584390245
7.097335106766499	0.18665439446539847
7.103547239712388	0.18632615418289106
7.109759372658278	0.18596256257912325
7.115971505604168	0.18556396096752226
7.122183638550058	0.18513070672376342
7.128395771495947	0.1846631729986572
7.134607904441838	0.1841606339926412
7.140820037387727	0.183625401603681
7.153244303279507	0.18245605766354955
7.159456436225398	0.18182282234368002
7.165668569171287	0.18115781900994812
7.178092835063067	0.17973432179416177
7.202941366846627	0.1765284246803325
7.208734855752119	0.17571484214964195
7.2145283446576105	0.17487758498970202
7.226115322468595	0.1731322482179124
7.249289278090563	0.16937383149462104
7.2956371893345	0.16089816887750286
7.301430678239992	0.15975910349684685
7.307224167145485	0.15860416647773048
7.318811144956468	0.1562488907120447
7.341985100578437	0.15137261230313223
7.388333011822374	0.14108543352402386
7.394126500727865	0.13976064819122347
7.399919989633357	0.13842914941877332
7.411506967444342	0.13574832134160028
7.43468092306631	0.1303313459626728
7.481028834310247	0.119403353059399
7.57372465679812	0.09813953103088827
7.5800083026836225	0.09676558363785923
7.586291948569125	0.09540348607132024
7.59885924034013	0.09271699514784143
7.62399382388214	0.08750918818714187
7.630277469767642	0.08624487157265938
7.636561115653144	0.08499615141166247
7.64912840742415	0.08254805987249743
7.6742629909661595	0.07786186359410811
7.680546636851662	0.07673608179208966
7.686830282737164	0.07562937220930777
7.699397574508169	0.07347451497466148
7.724532158050179	0.06940633964834834
7.730815803935681	0.06844153275432167
7.737099449821184	0.06749807477432529
7.749666741592188	0.06567607591607649
7.774801325134198	0.06229685142987958
7.7810849710197	0.06150868292876106
7.787368616905203	0.0607428360351536
7.799935908676208	0.059279679187879575
7.80621955456171	0.0585831353910286
7.812503200447212	0.057909181739912455
7.825070492218217	0.05663058761239322
7.831354138103719	0.056025991796941656
7.837637783989221	0.05544453552330985
7.850205075760226	0.0543509755216996
7.856488721645729	0.05383879615419701
7.862772367531232	0.05334961318683583
7.875339659302236	0.05243897927276472
7.8816233051877385	0.05201808710379494
7.887906951073241	0.0516198112961713
7.894190596958744	0.051244025744496484
7.900474242844246	0.05089059109379747
7.906757888729748	0.05055930880008164
7.913041534615251	0.050250094625245274
7.925608826386256	0.04969703922566911
7.931892472271758	0.04945297213800803
7.93817611815726	0.04923002646102742
7.944459764042763	0.04902809543224683
7.950743409928266	0.04884693857498977
7.957027055813768	0.048686399443586645
7.963310701699271	0.0485460474581822
7.969594347584773	0.048425670666156884
7.9758779934702755	0.04832498098276308
7.98174299531538	0.0482484992616554
7.9876079971604845	0.04818865645020261
7.99347299900559	0.04814519194577694
7.9993380008506945	0.0481178392462936
8.005203002695799	0.04810632225392531
8.011068004540904	0.048110357908840044
8.016933006386008	0.04812965576887163
8.022798008231113	0.048164323635256946
8.028663010076219	0.048213358154951175
8.034528011921322	0.04827677062237892
8.040393013766426	0.04835424694441174
8.046258015611532	0.048445466927190185
8.052123017456637	0.048550104486145294
8.05798801930174	0.048667882589079656
8.063853021146844	0.04879836955897984
8.06971802299195	0.04894126556505996
8.075583024837055	0.04909622346588986
8.081448026682159	0.0492628913454663
8.093178030372368	0.04962931739333953
8.099043032217473	0.04982907034077832
8.104908034062577	0.05003853663698377
8.116638037752786	0.05048633208122841
8.122503039597891	0.050724290081634565
8.128368041442995	0.05097093165705811
8.140098045133204	0.051488699027397965
8.163558052513622	0.05261104648890812
8.169423054358727	0.05290738144739634
8.175288056203831	0.05321070338347422
8.18701805989404	0.053830072459346345
8.210478067274458	0.055117584735092644
8.257398082035296	0.057795551795950244
8.2632630838804	0.058131154521540336
8.269128085725505	0.058466611172664065
8.280858089415716	0.05913318104159001
8.304318096796134	0.06043816739645192
8.31018309864124	0.06075638641202455
8.316048100486343	0.06107055356349706
8.327778104176552	0.061687115752427406
8.35123811155697	0.06285605517426344
8.357593270382086	0.06315610035448257
8.3639484292072	0.06344826921741059
8.37665874685743	0.06400751199886265
8.383013905682546	0.06427369000621683
8.38936906450766	0.06453042368382367
8.40207938215789	0.06501322387511199
8.408434540983006	0.06523920456547136
8.41478969980812	0.06545355540307977
8.421144858633234	0.06565716198177624
8.42750001745835	0.06584918966660896
8.433855176283465	0.06602932290829627
8.44021033510858	0.0661972565123361
8.446565493933694	0.06635269581945821
8.45292065275881	0.06649535687907343
8.459275811583925	0.06662496344522695
8.46563097040904	0.06674125867257788
8.471986129234153	0.06684398956860252
8.47834128805927	0.06693291662806311
8.484696446884385	0.06700874866091243
8.4910516057095	0.06706970784187621
8.497406764534613	0.06711624161122479
8.503761923359729	0.06714815822261311
8.510117082184845	0.06716527781979414
8.516472241009959	0.06716743252581023
8.522827399835073	0.06715449776584977
8.529182558660189	0.06712628144143401
8.535537717485305	0.06708267025052717
8.541892876310419	0.06702354496506627
8.548248035135533	0.06694859844493159
8.554603193960649	0.06685804944121553
8.560958352785764	0.06675169589421863
8.567313511610879	0.0666291743096534
8.573668670435993	0.06649090095650456
8.580023829261108	0.06633664088890392
8.586378988086224	0.06616636093775202
8.592734146911338	0.06598004034175423
8.605444464561568	0.06555925609019024
8.611799623386684	0.06532481273704321
8.618154782211798	0.06507436934802072
8.630865099862028	0.064525657227083
8.637220258687144	0.06422776338089396
8.643575417512258	0.06391395032832561
8.656285735162488	0.06323942235681274
8.662640893987604	0.06287892148613206
8.668996052812718	0.06250309152217504
8.681706370462948	0.061706006380071954
8.707127005763407	0.059934540047334554
8.713482164588523	0.05945571103887627
8.719837323413637	0.058963019021276465
8.732547641063867	0.05793672986432003
8.757968276364327	0.055727394483618076
8.764207724822514	0.05515467475940911
8.7704471732807	0.05457049760786629
8.782926070197073	0.05336915840995233
8.807883864029819	0.050841721875755023
8.85779945169531	0.045361864202380586
8.957630627026294	0.0333593538788143
8.963870075484481	0.03259113915933424
8.970109523942668	0.031823263412004775
8.98258842085904	0.030290190000430754
9.007546214691786	0.02724592696974744
9.057461802357277	0.021338032119176335
9.063701250815464	0.02062429016049199
9.069940699273651	0.01991735024490504
9.082419596190023	0.018525709774864618
9.10737739002277	0.015840296830076775
9.157292977688263	0.010940747522618838
9.163113782106052	0.010416206582075385
9.16893458652384	0.009902326425754296
9.180576195359418	0.008907478547977177
9.203859413030571	0.007055620839068966
9.20968021744836	0.006622592430307963
9.21550102186615	0.006201932053224814
9.227142630701726	0.005398352139868171
9.250425848372881	0.00394752402744503
9.25624665279067	0.0036182615746746215
9.26206745720846	0.003302664421499849
9.273709066044036	0.002712985249238308
9.279529870461825	0.002439145183891083
9.285350674879613	0.002179454226485994
9.296992283715191	0.0017030180799558516
9.302813088132979	0.0014867321881141086
9.308633892550768	0.0012845941413508893
9.314454696968557	0.0010970544238690719
9.320275501386345	0.0009241592302636006
9.326096305804134	0.0007659870861024265
9.331917110221923	0.0006225824831205852
9.33773791463971	0.0004939890263952508
9.3435587190575	0.0003802427817427012
9.349379523475289	0.00028137226051629105
9.355200327893076	0.0001973984080290217
9.361021132310865	0.00012833469222457705
9.366841936728655	0.00007418661499052764
9.372662741146442	0.00003490364863244916
9.378483545564231	0.000010589058521175837
9.38430434998202	1.1707652190252882e-6
9.390125154399808	6.626066017416388e-6
9.395945958817597	0.000026924951484982168
9.401766763235386	0.0000620301520094825
9.407587567653174	0.00011189715401224709
9.413408372070963	0.00017647428081954408
9.419229176488752	0.0002557027261234669
9.42504998090654	0.00034951661475840154
9.430870785324329	0.0004577307186333958
9.436691589742118	0.0005804442683084998
9.442512394159907	0.0007174922156698016
9.448333198577696	0.0008686226717967947
9.454154002995484	0.0010339931641160302
9.459974807413273	0.0012133953331834382
9.465795611831062	0.0014066851246286802
9.47161641624885	0.001613749493406754
9.483258025084428	0.002068669979882004
9.489078829502215	0.0023162432651274954
9.494899633920005	0.002577024416332018
9.506541242755581	0.0031375772436657637
9.51236204717337	0.0034377871512469675
9.51818285159116	0.003749995328138578
9.529824460426736	0.004411420887566957
9.536135421824536	0.004790182767559988
9.542446383222334	0.005182984575057368
9.555068306017933	0.006008750744843354
9.580312151609128	0.007814365180572522
9.586623113006928	0.008295771477659218
9.592934074404727	0.008789159595933141
9.605555997200325	0.00980936938907
9.630799842791522	0.011974273211214501
9.63711080418932	0.012539440100584335
9.643421765587119	0.013113492100505414
9.656043688382717	0.014289173205062532
9.681287533973913	0.01672943589054716
9.731775225156305	0.02188802264932411
9.738086186554103	0.022551456987670044
9.744397147951902	0.023217714935858155
9.7570190707475	0.024557105888554528
9.782262916338697	0.02725422885267442
9.832750607521088	0.0326287242244062
9.839061568918886	0.033291011229119816
9.845372530316686	0.033949934917339566
9.857994453112283	0.03525620638773745
9.88323829870348	0.0378100572087855
9.933725989885872	0.04261580616921298
9.939618307243272	0.04314438150785077
9.945510624600674	0.04366530317105445
9.957295259315476	0.044682579857417595
9.98086452874508	0.046614859845477405
9.98675684610248	0.047075292577988155
9.992649163459882	0.04752624954686635
10.004433798174684	0.048398177090099984
10.02800306760429	0.050020276308501616
10.033895384961692	0.05039925498029814
10.039787702319092	0.05076728395804858
10.051572337033896	0.051471000632878745
10.057464654391296	0.051805665911944854
10.063356971748698	0.05212884100312913
10.0751416064635	0.05274021837310925
10.0810339238209	0.05302818574398849
10.086926241178302	0.053303929893253124
10.098710875893104	0.05381935092517827
10.104603193250504	0.05405871422579862
10.110495510607906	0.054285734267290955
10.122280145322708	0.0547024493619407
10.128172462680109	0.05489200108739155
10.13406478003751	0.055068830735317
10.139957097394912	0.05523304592532817
10.145849414752313	0.05538455731153036
10.151741732109715	0.055523329510427356
10.157634049467116	0.055649333917392525
10.163526366824517	0.05576254870874642
10.169418684181919	0.055863057748888126
10.17531100153932	0.05595068956046222
10.18120331889672	0.056025507874845545
10.187095636254123	0.05608751730973886
10.192987953611524	0.05613672909074126
10.198880270968925	0.056173161018738274
10.204772588326326	0.056197009535931826
10.210664905683728	0.056207972071046663
10.216557223041129	0.05620624615777778
10.222449540398529	0.056191881678507104
10.22834185775593	0.05616492746414699
10.234234175113333	0.056125440607307765
10.240126492470733	0.05607348453167306
10.246018809828133	0.056009128947683624
10.251911127185535	0.05593267424571141
10.257803444542937	0.05584380178971998
10.263695761900337	0.05574278434631552
10.269588079257737	0.055629715389588226
10.275480396615139	0.05550469643901518
10.28137271397254	0.05536783452059459
10.287265031329941	0.05521924254590323
10.293157348687343	0.05505848627438072
10.299049666044745	0.05488665548905729
10.310834300759547	0.05450899889468471
10.316610907750018	0.05430758821103619
10.322387514740491	0.05409564152156497
10.333940728721437	0.0536410844392621
10.33971733571191	0.05339848452172482
10.345493942702383	0.053145950557619066
10.357047156683329	0.05261172377729847
10.362823763673802	0.052330363503670256
10.368600370664275	0.05203973395209842
10.38015358464522	0.051431629562909066
10.40326001260711	0.05011208447114098
10.409036619597583	0.04976184896860568
10.414813226588056	0.04940342588803676
10.426366440569002	0.0486647259780705
10.449472868530892	0.04710376405217051
10.495685724454674	0.04369618015959912
10.501462331445147	0.04324809235879725
10.50723893843562	0.04279572829277763
10.518792152416566	0.0418794661459757
10.541898580378456	0.040007046239478775
10.588111436302238	0.03615921661149004
10.680537148149801	0.02848250789829215
10.686803912120283	0.02798102250138978
10.693070676090766	0.027483537425968756
10.705604204031733	0.026501641509916896
10.730671259913667	0.024597435107105547
10.73693802388415	0.024135567466810545
10.743204787854634	0.023679531617299448
10.755738315795599	0.02278655271367905
10.78080537167753	0.021081852823320847
10.787072135648014	0.020674612828055154
10.793338899618497	0.020274771616207818
10.805872427559462	0.019499227674280285
10.830939483441394	0.018049361280543366
10.837206247411878	0.017708947757321215
10.843473011382361	0.01737766128344567
10.856006539323326	0.016743496447612326
10.881073595205258	0.015589200618271853
10.887340359175742	0.015325329685459802
10.893607123146225	0.015071520813725264
10.90614065108719	0.014595099627047652
10.912407415057672	0.01437209276434225
10.918674179028155	0.014159513244147843
10.931207706969122	0.0137657499809992
10.937474470939605	0.01358466588868307
10.943741234910089	0.01341416826020895
10.950007998880572	0.013254289421370843
10.956274762851054	0.01310505470086008
10.962541526821536	0.01296673977947997
10.968808290792019	0.012838936032659985
10.975075054762502	0.012721820115808968
10.981341818732986	0.012615389699478941
10.98760858270347	0.012519101214798503
10.993875346673953	0.012433828475260802
11.000142110644436	0.012359177352596375
11.006408874614918	0.012295362755460797
11.0126756385854	0.012241944152447013
11.018942402555883	0.01219904292419824
11.025209166526366	0.012166608735610651
11.03147593049685	0.012144559746967015
11.037742694467333	0.012132874584829924
11.044009458437817	0.012131465844539622
11.0502762224083	0.012140284089240751
11.056542986378783	0.012159165547670664
11.062809750349267	0.012188102076557373
11.06907651431975	0.012226971349141379
11.075343278290234	0.01227566556661681
11.081610042260715	0.01233408953199665
11.0874581621908	0.012397273987848114
11.093306282120885	0.01246884788633967
11.09915440205097	0.012548492153873679
11.105002521981056	0.012636208439474926
11.110850641911142	0.01273175640835481
11.116698761841226	0.012835244438039727
11.128395001701396	0.013065258844088358
11.134243121631481	0.013191525271668834
11.140091241561567	0.01332514266442368
11.151787481421737	0.013613917225674685
11.15763560135182	0.013768753080688211
11.163483721281906	0.013930373731967842
11.175179961142078	0.014273372901268004
11.181028081072164	0.014454444888668984
11.18687620100225	0.014641279448315543
11.198572440862419	0.015033324526416012
11.22196492058276	0.015885244845168824
11.227813040512846	0.016110967659420317
11.233661160442932	0.016341488628708933
11.245357400303101	0.01681619185657742
11.268749880023442	0.017815179663883525
11.274597999953528	0.018074106469112124
11.280446119883614	0.018336322408123797
11.292142359743783	0.018869225525649715
11.315534839464124	0.019967667773367476
11.362319798904807	0.02223982804029547
11.368167918834892	0.0225273145415053
11.374016038764978	0.02281476001207042
11.385712278625148	0.02338900196971261
11.409104758345489	0.02452800178829648
11.45588971778617	0.026731586059043418
11.462227994696264	0.027017894519592654
11.46856627160636	0.02730057288585
11.481242825426552	0.027854285708647362
11.506595933066933	0.028907385973907282
11.512934209977029	0.029158290591513737
11.519272486887125	0.029404879136651886
11.531949040707316	0.029879179815986222
11.557302148347699	0.030754972595412593
11.563640425257795	0.03095763279764027
11.569978702167889	0.031153431135110113
11.58265525598808	0.031523867251725374
11.588993532898176	0.03169815575669405
11.595331809808272	0.03186496149697949
11.608008363628462	0.032175629159081356
11.614346640538557	0.03231856640564695
11.620684917448653	0.03245378829297702
11.627023194358749	0.0325819749968938
11.633361471268845	0.03270124748083105
11.639699748178941	0.03281150230798896
11.646038025089036	0.032913697096174824
11.65237630199913	0.0330073164102462
11.658714578909226	0.03309226830881254
11.665052855819322	0.03316846687870362
11.671391132729418	0.033235832281750685
11.677729409639515	0.03329429079424001
11.684067686549609	0.033343774845360726
11.690405963459703	0.03338427139690928
11.6967442403698	0.03341565715086514
11.703082517279896	0.03343790757225496
11.709420794189992	0.03345098047825302
11.715759071100088	0.03345456844824358
11.722097348010182	0.033449022487161424
11.728435624920277	0.033434898737143406
11.734773901830373	0.03341094867114249
11.741112178740469	0.03337747144876431
11.747450455650565	0.03333490780443253
11.753788732560661	0.03328304335081407
11.760127009470756	0.033221886033839014
11.76646528638085	0.03315145006852395
11.772803563290946	0.033071755849379
11.779141840201042	0.03298283017069754
11.785480117111138	0.03288470588282673
11.791818394021234	0.03277742203787104
11.798156670931329	0.03266105196326878
11.81083322475152	0.03240115721438987
11.817171501661615	0.03225764842031416
11.823509778571712	0.03210530595128398
11.836186332391902	0.03177474775599548
11.842524609301996	0.03159621793719494
11.848862886212093	0.031409271359929596
11.861539440032285	0.031010168521529796
11.867762006575452	0.030802167486817696
11.87398457311862	0.03058634761212609
11.886429706204954	0.030131709704774176
11.911319972377623	0.02913394707827875
11.91754253892079	0.028866846136039494
11.923765105463957	0.028592845683627716
11.936210238550292	0.028025533373054967
11.961100504722959	0.026815940923668027
11.967323071266126	0.026499017192653226
11.973545637809291	0.026176622293924104
11.985990770895626	0.025516141800570612
12.010881037068295	0.024137677364197717
12.060661569413632	0.021194795438543947
12.0668841359568	0.020813520301841654
12.073106702499967	0.0204299723818354
12.085551835586301	0.01965692589530048
12.11044210175897	0.018093183949274935
12.160222634104306	0.014944562088250396
12.166445200647473	0.014553329169294936
12.172667767190639	0.014163353980220917
12.185112900276973	0.013388048730921871
12.210003166449642	0.011862083877559371
12.25978369879498	0.008955816003778016
12.26558762129775	0.00863326141592527
12.271391543800519	0.008314664995646738
12.282999388806058	0.007689954039459993
12.306215078817134	0.006494563504121401
12.312019001319904	0.006207802983661888
12.317822923822671	0.00592615007599623
12.32943076882821	0.005378626421879949
12.352646458839288	0.004350681895969946
12.358450381342058	0.0041083141981253825
12.364254303844827	0.0038720268638256644
12.375862148850366	0.0034181209974772954
12.381666071353136	0.0032007069271949486
12.387469993855905	0.0029897834290447886
12.399077838861443	0.002587780819956539
12.404881761364212	0.0023968792592525285
12.41068568386698	0.0022128068960774235
12.422293528872519	0.001865636318187044
12.428097451375288	0.001702416781951526
12.433901373878058	0.00154648176876092
12.445509218883597	0.0012564324925350562
12.451313141386366	0.0011223213536641933
12.457117063889136	0.0009955899676988914
12.462920986391905	0.0008762880139897844
12.468724908894675	0.0007644612882115173
12.474528831397445	0.0006601516841952598
12.480332753900214	0.0005633980708663264
12.486136676402982	0.0004742329203573613
12.491940598905751	0.0003926868447027441
12.49774452140852	0.00031878619652909047
12.503548443911289	0.00025255306487382764
12.509352366414058	0.00019399638653322913
12.515156288916828	0.0001431478799551961
12.520960211419597	0.00010004898421073476
12.526764133922367	0.00006456353740822221
12.532568056425136	0.00003686711065720681
12.538371978927906	0.000016906537955103766
12.544175901430675	4.634300238360971e-6
12.549979823933445	6.4344478309733e-8
12.555783746436212	3.1831823791138997e-6
12.561587668938982	0.000013973397054247577
12.567391591441751	0.000032413646711582957
12.573195513944519	0.00005847874625797625
12.578999436447289	0.00009213889023765645
12.584803358950058	0.00013336199923449053
12.590607281452828	0.00018211087095125564
12.596411203955597	0.00023834484594136961
12.602215126458367	0.00030201945739142134
12.608019048961136	0.00037310485932938627
12.613822971463906	0.0004515206329892812
12.619626893966675	0.0005370969563627094
12.631234738972212	0.0007303700159147766
12.637528818454992	0.0008467668781694249
12.64382289793777	0.0009716105367809395
12.65641105690333	0.0012456414401275304
12.66270513638611	0.001394650042278429
12.66899921586889	0.001551511226450049
12.68158737483445	0.0018883317923053715
12.68788145431723	0.002068054208413335
12.69417553380001	0.0022551513277475005
12.706763692765568	0.0026510021453904657
12.731940010696686	0.0035251862317716882
12.738234090179466	0.0037600014566567704
12.744528169662246	0.004001092559397804
12.757116328627804	0.004501301189181132
12.782292646558922	0.005569112831360961
12.83264528242116	0.007934475044738487
12.83893936190394	0.008247891450391297
12.845233441386718	0.008564844657369926
12.857821600352278	0.00920767790762731
12.882997918283397	0.010524220605487192
12.933350554145633	0.013234713132114986
13.034055825870107	0.01859215817701612
13.03993126131249	0.018888928549347345
13.04580669675487	0.019182796743324942
13.057557567639634	0.019761638764082344
13.081059309409161	0.020879656124837234
13.086934744851543	0.021150070307678702
13.092810180293924	0.021416643694739862
13.104561051178688	0.021937079390060895
13.128062792948215	0.02292647667120442
13.133938228390598	0.023162069279090154
13.139813663832978	0.02339276325912066
13.151564534717743	0.0238390118110359
13.157439970160125	0.024054351969015907
13.163315405602507	0.02426436477225424
13.17506627648727	0.02466800949059687
13.180941711929652	0.02486145292408474
13.186817147372032	0.025049188910333274
13.198568018256797	0.025407278773212374
13.222069760026324	0.026051221923331286
13.227945195468706	0.02619686615627925
13.233820630911087	0.02633613285533167
13.245571501795851	0.026595517920730893
13.251446937238233	0.02671552812649225
13.257322372680616	0.0268290172851397
13.269073243565378	0.027036255602883513
13.27494867900776	0.027129923412277632
13.28082411445014	0.027216912748759772
13.286699549892523	0.027297205719590312
13.292574985334905	0.02737076090103571
13.298450420777288	0.02743748557047395
13.30432585621967	0.027497418815658314
13.31020129166205	0.027550868451383024
13.316076727104432	0.027597194090063684
13.321952162546815	0.02763678986503764
13.327827597989195	0.027669565928543034
13.333703033431577	0.027695521218544107
13.33957846887396	0.027714658335271505
13.345453904316342	0.027726983530532802
13.351329339758724	0.027732506696069827
13.357204775201104	0.027731241350630025
13.363080210643487	0.02772320462348921
13.368955646085869	0.027708417566895578
13.37483108152825	0.027686903677483235
13.380706516970632	0.02765869118254108
13.386581952413014	0.027623810806639088
13.392457387855396	0.027582301521746476
13.398332823297778	0.027534210619200312
13.404208258740159	0.0274795130637301
13.410083694182541	0.0274183556031048
13.415843419257996	0.027352161082278
13.42160314433345	0.0272797788838662
13.427362869408903	0.02720129165711104
13.433122594484356	0.027116754537177504
13.43888231955981	0.027026225529878965
13.444642044635263	0.02692976563343522
13.45616149478617	0.026719311719091116
13.461921219861622	0.026605454129079567
13.467680944937076	0.026485939516904988
13.479200395087982	0.026230225101930855
13.502239295389796	0.025654354117839617
13.507999020465249	0.025497446903288003
13.513758745540702	0.025335680429600306
13.525278195691609	0.024997401800185205
13.548317095993422	0.02426538569377463
13.554076821068875	0.024071438621435116
13.559836546144329	0.023873332743668648
13.571355996295235	0.023465091659077862
13.594394896597048	0.022603822276084765
13.600154621672502	0.022379639451383604
13.605914346747955	0.02215244908636038
13.617433796898862	0.021688978965154985
13.640472697200675	0.0207288166389455
13.686550497804301	0.018705926023711603
13.778706099011554	0.014491514398830879
13.784955981067018	0.014208266853195088
13.791205863122482	0.013925900580982576
13.803705627233409	0.013366144025570553
13.828705155455264	0.012268821388998836
13.834955037510728	0.01200007847958734
13.841204919566191	0.011733883052650995
13.853704683677119	0.01120974552295811
13.878704211898974	0.010198751435088632
13.884954093954438	0.009954569964540416
13.891203976009901	0.00971365183494825
13.903703740120829	0.009244428441539016
13.928703268342684	0.008355743518089119
13.934953150398147	0.008144714928037627
13.941203032453611	0.007938372167759845
13.953702796564539	0.0075401799045440995
13.978702324786392	0.006804734001936948
13.984952206841854	0.006633739845536817
13.991202088897317	0.00646838026559972
14.003701853008245	0.0061547986477986415
14.009951735063709	0.006006401306440379
14.016201617119172	0.0058637998242970744
14.0287013812301	0.005596009267723221
14.034951263285564	0.00547101638771135
14.041201145341027	0.005352020490695406
14.047451027396491	0.0052390675840974215
14.053700909451955	0.005132203908387601
14.059950791507418	0.005031434373116151
14.066200673562882	0.004936859519217694
14.07870043767381	0.004766556147160242
14.084950319729273	0.0046904150261452525
14.091200201784737	0.004620760743711979
14.0974500838402	0.004557593134604418
14.103699965895665	0.0045005671619163246
14.109949847951128	0.004449881861600219
14.116199730006592	0.004405518104283442
14.122449612062056	0.004367476745751354
14.12869949411752	0.004335754578785623
14.134949376172983	0.004310345449408433
14.141199258228447	0.004291236435485964
14.14744914028391	0.0042784123915881435
14.153699022339374	0.004271843269234877
14.159948904394838	0.004271522070522249
14.166198786450302	0.004277420029370631
14.172448668505766	0.004289544002546432
14.17869855056123	0.0043077519128893625
14.184529788576295	0.004330266102878806
14.190361026591361	0.004358067349545442
14.196192264606427	0.004391119069738548
14.202023502621493	0.004429378229002982
14.20785474063656	0.004472800681810164
14.213685978651625	0.004521338431886238
14.219517216666691	0.00457494850753503
14.225348454681756	0.004633573483141788
14.23117969269682	0.004697160128400662
14.237010930711886	0.004765652903426339
14.248673406742018	0.004917130768000486
14.254504644757084	0.004999978582461215
14.26033588277215	0.005087482353080303
14.271998358802282	0.005275978484455276
14.277829596817348	0.005377233645236752
14.283660834832414	0.005482691023056826
14.295323310862546	0.005706100228735802
14.318648262922808	0.006201853300807558
14.324479500937873	0.006335415168733234
14.330310738952939	0.006472644726198851
14.34197321498307	0.006757715344473254
14.365298167043335	0.007367292002761754
14.3711294050584	0.0075272980904985765
14.376960643073467	0.0076909097279293645
14.388623119103599	0.008024801053496707
14.411948071163861	0.008722351886190898
14.458597975284388	0.01020873380626135
14.551897783525442	0.013333406159436286
14.558219178520517	0.013542396398314184
14.564540573515593	0.013750516833847412
14.577183363505746	0.014164080365055495
14.602468943486052	0.014968766367401406
14.608790338481128	0.015164924074416029
14.615111733476205	0.015358769249007953
14.627754523466356	0.015738943872539653
14.65304010344666	0.016465265791389863
14.659361498441736	0.016638913179893983
14.665682893436813	0.01680978223928551
14.678325683426966	0.017140570165764025
14.684647078422042	0.017299937650643773
14.690968473417119	0.017455492974983167
14.70361126340727	0.017754846143597985
14.709932658402344	0.017898454802113092
14.71625405339742	0.018037671229100088
14.728896843387574	0.018302889338846648
14.73521823838265	0.0184286849846037
14.741539633377727	0.018549785064010418
14.75418242336788	0.018777174574031708
14.760503818362956	0.018883631979205534
14.766825213358032	0.01898562476183465
14.773146608353109	0.019082296914254854
14.779468003348185	0.019173453100941262
14.785789398343262	0.019259542499521477
14.792110793338338	0.019340343504968556
14.80475358332849	0.01948583239066286
14.811074978323564	0.019550412568648465
14.81739637331864	0.0196094792161969
14.823717768313717	0.01966302852952411
14.830039163308793	0.019710954826615393
14.83636055830387	0.019753233263470168
14.842681953298946	0.019789846464231448
14.849003348294023	0.01982053126987477
14.8553247432891	0.01984557604500246
14.861646138284176	0.019865206647220607
14.867967533279252	0.01987899602770593
14.874288928274328	0.019886914412649625
14.880610323269403	0.01988868811654878
14.886931718264478	0.019884825424500104
14.893253113259554	0.019875238800338417
14.89957450825463	0.01985977635248597
14.905895903249707	0.019838434987498103
14.912217298244784	0.01981138479301487
14.91853869323986	0.019778472935507548
14.924860088234936	0.019739796663753365
14.931181483230013	0.019695329249676104
14.93750287822509	0.019645108980741767
14.943824273220166	0.019589161046841334
14.950145668215242	0.019527336842322204
14.956467063210317	0.019459936313892194
14.962369814164994	0.019392176061273712
14.968272565119673	0.01931936399230163
14.98007806702903	0.019159266958885392
14.985980817983709	0.019071964499434674
14.991883568938388	0.01897996785462026
15.003689070847745	0.018782085615402008
15.009591821802424	0.018676237999852893
15.015494572757103	0.018565866642510073
15.027300074666458	0.01833180444986725
15.050911078485171	0.017813392189771335
15.05681382943985	0.017673026225336726
15.062716580394529	0.01752884237651573
15.074522082303885	0.017228503040861872
15.098133086122598	0.01658299027162924
15.145355093760024	0.015132829123621766
15.151257844714703	0.014938444414772194
15.157160595669382	0.014741554396896367
15.168966097578737	0.014335974170537686
15.19257710139745	0.013509227303004913
15.239799109034877	0.011771232764960378
15.33424312430973	0.008179345031680316
15.34003016489748	0.007962237167846558
15.345817205485229	0.007746148006094189
15.357391286660729	0.007317453538844376
15.380539449011728	0.006477034734614112
15.386326489599478	0.006271101802888407
15.392113530187228	0.006066970468429264
15.403687611362727	0.005664197724055933
15.426835773713728	0.004885064850193391
15.432622814301478	0.0046966940088269795
15.43840985488923	0.004510948880119681
15.44998393606473	0.004147686717336863
15.473132098415729	0.0034570962296569282
15.478919139003478	0.0032920852760883585
15.484706179591228	0.0031305212433398746
15.496280260766728	0.0028173272880334245
15.519428423117727	0.0022333877644361622
15.525215463705477	0.002096845658281618
15.531002504293227	0.001964160798386361
15.542576585468726	0.0017106036879284366
15.548363626056476	0.0015899553328934976
15.554150666644226	0.0014733256372719923
15.565724747819726	0.0012525478432506062
15.571511788407475	0.0011484981645558728
15.577298828995225	0.0010487543317492954
15.588872910170725	0.0008619527446487008
15.594659950758475	0.0007752311051604129
15.600446991346224	0.000693006954681791
15.612021072521724	0.0005421530049415
15.617808113109474	0.00047354192869930416
15.623595153697224	0.0004094385011833039
15.629382194284974	0.00034994930576212656
15.635169234872723	0.0002950602226830454
15.640956275460473	0.0002448118380650689
15.646743316048223	0.00019922396633976916
15.652530356635973	0.00015830473494648058
15.658317397223723	0.00012206910901726596
15.664104437811472	0.00009052725363649112
15.669891478399222	0.00006368445687603141
15.675678518986972	0.00004154779274301778
15.681465559574722	0.000024120572121668488
15.687252600162472	0.000011422073363944775
15.693039640750222	3.4131613762308083e-6
15.698826681337973	1.010781820283066e-7
15.704613721925723	1.4972739530664386e-6
15.710890919493483	8.320431109106342e-6
15.717168117061242	0.00002060965403611779
15.723445314629002	0.000038444605891091964
15.729722512196762	0.00006169561410128551
15.735999709764522	0.00009039710046088905
15.742276907332283	0.00012451089516219436
15.748554104900043	0.00016406264442793417
15.754831302467803	0.00020882359356280212
15.761108500035563	0.00025892909725894675
15.767385697603324	0.0003142729048047619
15.773662895171084	0.000374859193387758
15.779940092738844	0.0004405901244333458
15.786217290306604	0.0005114313698687005
15.792494487874364	0.0005873280831472177
15.805048883009885	0.0007540569437850132
15.811326080577645	0.0008447664425407769
15.817603278145405	0.0009403206907482426
15.830157673280926	0.001145977684719965
15.836434870848686	0.0012557210443605725
15.842712068416446	0.0013701334945954453
15.855266463551967	0.0016118655844795608
15.861543661119727	0.001739223485104145
15.867820858687487	0.001869616099030625
15.880375253823008	0.002144790398984728
15.905484044094049	0.0027405401857058865
15.911761241661809	0.0028985782828042494
15.91803843922957	0.003060155870056582
15.93059283436509	0.0033931010819044983
15.95570162463613	0.004096361408548782
16.005919205178213	0.005618195252532985
16.106354366262376	0.008917489446818616
16.11221291978974	0.009111965862266553
16.1180714733171	0.009305936247400368
16.129788580371823	0.009692393079084226
16.153222794481273	0.010454416233237326
16.200091222700173	0.011916817067363729
16.205949776227534	0.012091904011464389
16.2118083297549	0.012264964845131048
16.223525436809624	0.01260464914243505
16.246959650919074	0.013255826012916387
16.252818204446434	0.013412253509071482
16.2586767579738	0.013565985921204962
16.270393865028524	0.01386506991579508
16.293828079137974	0.01442658260643571
16.299686632665335	0.01455929110733157
16.3055451861927	0.014688381149476334
16.317262293247424	0.01493777801011324
16.323120846774785	0.015056464035918257
16.32897940030215	0.015171945583009626
16.340696507356874	0.01539285300192902
16.346555060884235	0.015497412582700166
16.3524136144116	0.015598648438073213
16.364130721466324	0.015788913854030466
16.369989274993685	0.015878261139198012
16.375847828521046	0.015963934431071896
16.38756493557577	0.016123121012828392
16.393423489103135	0.01619667996201076
16.399282042630496	0.01626617631221439
16.405140596157857	0.016331576006946263
16.410999149685217	0.016392900364393243
16.416857703212578	0.016450045708988982
16.422716256739943	0.016503030182069854
16.428574810267307	0.01655182485372798
16.434433363794668	0.01659641092931516
16.44029191732203	0.01663677190911184
16.446150470849393	0.016672893589724735
16.452009024376757	0.016701080405834654
16.457867577904118	0.016728584962178283
16.46372613143148	0.016751344516381172
16.469584684958843	0.016770291110618202
16.475443238486207	0.0167849561348366
16.481301792013568	0.01679533908878276
16.487650502520943	0.01680175724226274
16.493999213028314	0.01680340223008878
16.500347923535685	0.01679953675427754
16.50669663404306	0.016790944174087764
16.513045344550434	0.01677734438276106
16.519394055057806	0.016763358753656896
16.525742765565177	0.016740064613895718
16.53209147607255	0.016712945870424968
16.538440186579926	0.016680092808587288
16.544788897087297	0.016641962661184315
16.55113760759467	0.01659909320172121
16.557486318102043	0.016551387602237084
16.563835028609414	0.016498924512957865
16.570183739116786	0.01644175731806473
16.58288116013153	0.016313705404326483
16.589229870638903	0.01624001468213536
16.595578581146277	0.016164459996021164
16.60827600216102	0.016001785962163444
16.614624712668395	0.01591313602107917
16.620973423175766	0.01582022152069846
16.63367084419051	0.015621869820758943
16.640019554697886	0.015516574672531083
16.646368265205258	0.015403898054703864
16.659065686220003	0.015174249757876606
16.684460528249495	0.01466988074534972
16.69080923875687	0.014535031273503298
16.69715794926424	0.014396879786905048
16.709855370278987	0.014109526490057403
16.73525021230848	0.013505069907286196
16.78603989636746	0.012173690668431549
16.887619264485423	0.00923756177660056
16.893852264625867	0.009053706855952408
16.90008526476631	0.008870269222643525
16.9125512650472	0.008504577044269455
16.937483265608975	0.0077808173642579925
16.98734726673253	0.006389478677618027
16.993580266872975	0.006222870852208549
16.999813267013423	0.006058208245250279
17.01227926729431	0.005734629609170261
17.037211267856087	0.0051175168402849865
17.04344426799653	0.0049687033503240784
17.049677268136975	0.004822755574512357
17.062143268417863	0.004539477844815268
17.08707526897964	0.0040088779283789
17.093308269120083	0.0038839071650014732
17.099541269260527	0.0037623931625000483
17.112007269541415	0.003528535796078839
17.11824026968186	0.0034168978614083096
17.124473269822303	0.0033089835142283215
17.13693927010319	0.00310375929252621
17.143172270243635	0.003006646920640052
17.14940527038408	0.00291325295761825
17.161871270664967	0.0027379509854509976
17.16810427080541	0.0026560767606121716
17.174337270945855	0.0025781513716035525
17.186803271226747	0.0024336236968104286
17.19303627136719	0.0023674836693933724
17.19926927150764	0.0023055104639331412
17.205502271648083	0.0022475137055464403
17.211735271788527	0.0021936767211604953
17.21796827192897	0.0021438970128933666
17.224201272069415	0.0020982576961137605
17.23043427220986	0.0020568434231533613
17.236667272350303	0.002019496368881841
17.242900272490747	0.001986175868463276
17.24913327263119	0.0019571729484241045
17.255366272771635	0.001932312422397026
17.26159927291208	0.001911692945855102
17.267832273052523	0.0018952308175924533
17.274065273192967	0.001882343291614847
17.28029827333341	0.0018742833765908818
17.286531273473855	0.0018703989106298767
17.2923456295739	0.0018705302312577745
17.298159985673948	0.0018742749156132011
17.303974341773994	0.0018816199199569942
17.30978869787404	0.0018925214057223102
17.315603053974087	0.0019058221622271128
17.321417410074133	0.0019238758168004908
17.32723176617418	0.0019454543464010594
17.333046122274226	0.0019705438325480105
17.338860478374272	0.0019991174433362413
17.34467483447432	0.0020311459685093914
17.350489190574365	0.002066613064778374
17.35630354667441	0.0021054788459077987
17.362117902774457	0.0021477155233004
17.367932258874504	0.0021932925908097725
17.379560971074596	0.0022943443710424067
17.385375327174643	0.002349647910422045
17.39118968327469	0.002408190384300757
17.40281839547478	0.002534662490709079
17.408632751574828	0.0026025046193812046
17.414447107674874	0.0026733566807673704
17.426075819874967	0.002823296926969538
17.431890175975013	0.0029029359470165864
17.43770453207506	0.0029853718074777384
17.449333244275152	0.0031577594534620223
17.47259066867534	0.003534609550051897
17.47840502477539	0.003634983412495769
17.484219380875437	0.0037369342662350842
17.49584809307553	0.003949088350472212
17.519105517475715	0.004398395333657006
17.565620366276086	0.005382082037327022
17.658650063876827	0.007546548675712528
17.664954576956884	0.0076966811966487116
17.67125909003694	0.007845930897793198
17.683868116197054	0.008144646867722358
17.70908616851728	0.008735586090559733
17.759522273157735	0.009869997362932622
17.765826786237792	0.010005507344660729
17.77213129931785	0.010139316382077709
17.784740325477962	0.010399941329678258
17.80995837779819	0.010898011611848394
17.816262890878246	0.01101684294432751
17.822567403958303	0.011133231382271997
17.835176430118416	0.011358399045968191
17.860394482438643	0.011785083830916466
17.8666989955187	0.011882384042217175
17.873003508598757	0.01196997772135875
17.88561253475887	0.012147992665348278
17.891917047838927	0.012232158200073444
17.898221560918984	0.012313155060165757
17.910830587079097	0.012467621955712296
17.917135100159154	0.012538697001678947
17.92343961323921	0.012606870338256545
17.929744126319267	0.01267092153442046
17.936048639399324	0.012731696911011095
17.94235315247938	0.012788938224314341
17.948657665559438	0.012842477930153137
17.96126669171955	0.012938492038331322
17.967571204799608	0.012980901093314418
17.973875717879665	0.013019501832822033
17.98018023095972	0.01305378635179015
17.986484744039778	0.013084473998718583
17.992789257119835	0.013111220091283932
17.99909377019989	0.013134040261055673
18.00539828327995	0.013153542927754959
18.011702796360005	0.01316901844658381
18.018007309440062	0.013180442362447966
18.02431182252012	0.0131879207354427
18.030616335600175	0.013191240340268737
18.036920848680232	0.013190752148252806
18.04322536176029	0.013186424474192361
18.049529874840346	0.013178096749470205
18.055834387920402	0.013163462270771368
18.06213890100046	0.013147230154982788
18.068024770040118	0.013128528992934978
18.073910639079777	0.013106410136843613
18.079796508119436	0.013080546358044424
18.085682377159095	0.013051358830939639
18.091568246198754	0.013018917171839483
18.097454115238413	0.01298289246727557
18.10922585331773	0.01290143573426231
18.11511172235739	0.012855684435587862
18.12099759139705	0.012806634784151094
18.132769329476368	0.012698784050802294
18.138655198516027	0.012640177921660322
18.144541067555686	0.012578106806031627
18.156312805635004	0.012445073406342983
18.162198674674663	0.012373872014187694
18.168084543714322	0.012299718875303008
18.17985628179364	0.012141978373740184
18.203399757952276	0.01179201584924349
18.209285626991935	0.011697370241555094
18.215171496031594	0.011600585414465988
18.226943234110912	0.011398739860720037
18.250486710269545	0.010967465170539734
18.2563725793092	0.010853181135803995
18.26225844834886	0.010736664768699868
18.274030186428178	0.010497087579210522
18.297573662586814	0.009993942100087295
18.344660614904086	0.00890729911081145
18.43883451953863	0.0065437047855021
18.444604678211363	0.006396058617044363
18.45037483688409	0.006248494896200031
18.46191515422955	0.005954423161645522
18.484995788920475	0.005370272544555216
18.53115705830232	0.004236946199134774
18.53692721697505	0.004099947962457462
18.54269737564778	0.003964370548849718
18.55423769299324	0.003697193512223398
18.577318327684164	0.0031809387993787276
18.62347959706601	0.002234712254245144
18.62924975573874	0.0021257275079641287
18.63501991441147	0.00201894707311762
18.64656023175693	0.0018126101963547084
18.65233039042966	0.0017129214550802132
18.658100549102393	0.0016156925691797538
18.669640866447853	0.001428692502552808
18.67541102512058	0.0013390393203442858
18.681181183793313	0.0012520350988846959
18.692721501138777	0.0010857266964803042
18.715802135829698	0.0007864694487993837
18.72157229450243	0.0007187418048253465
18.727342453175158	0.0006538766388331791
18.73888277052062	0.0005333092938252055
18.74465292919335	0.00047740541464427744
18.75042308786608	0.00042450991620009214
18.76196340521154	0.0003278467725593181
18.76773356388427	0.00028409603776851093
18.773503722557	0.00024342610232334048
18.779273881229727	0.00020587352582013578
18.78504403990246	0.00017130166865395426
18.79081419857519	0.00013996266110672707
18.796584357247923	0.00011176928197925468
18.802354515920655	0.00008672693504450327
18.808124674593383	0.00006483194005081237
18.814384990246126	0.000044689515711899067
18.820645305898864	0.00002826958799208865
18.826905621551607	0.00001559124802310045
18.83316593720435	6.697978469505242e-6
18.839426252857088	1.4948316484544172e-6
18.84568656850983	2.076166547037607e-8
18.851946884162572	2.267087311467759e-6
18.85820719981531	8.222893965227802e-6
18.86446751546805	0.00001789126229189927
18.870727831120792	0.00003123934490008849
18.876988146773535	0.000048350858842012654
18.883248462426273	0.00006908310566290871
18.889508778079012	0.00009348805059404964
18.895769093731754	0.0001214860335798961
18.902029409384497	0.000153115762592249
18.908289725037235	0.0001883344417222643
18.914550040689974	0.00022716141632536462
18.920810356342717	0.0002692828164567935
18.92707067199546	0.0003148723905614841
18.933330987648198	0.0003640028430573765
18.93959130330094	0.00041650938086092854
18.945851618953682	0.00047242565756064813
18.958372250259163	0.0005941978453910502
18.964632565911906	0.0006599019658839638
18.970892881564644	0.0007292923215322605
18.98341351287013	0.0008768810369993824
19.00845477548109	0.0012082131694974361
19.01471509113383	0.0012980029672358003
19.020975406786572	0.0013906874342728556
19.033496038092053	0.001584051187326587
19.058537300703016	0.0020015165417321935
19.108619825924944	0.0029420506813166722
19.114880141577686	0.0030679975402623906
19.121140457230425	0.003195234864217229
19.13366108853591	0.003454554171198775
19.15870235114687	0.003990115295022143
19.208784876368796	0.005103079268015427
19.21462654798114	0.005234896175555282
19.22046821959348	0.005366893623510407
19.232151562818167	0.005630982346153776
19.25551824926754	0.006161194403171411
19.302251622166285	0.007199565799388041
19.308093293778626	0.007325935494521132
19.31393496539097	0.0074515525037043735
19.32561830861566	0.007700619783271209
19.34898499506503	0.008184789117103911
19.395718367963774	0.009080317307712932
19.40156003957612	0.009184408614425788
19.40740171118846	0.009286545668679862
19.419085054413145	0.009486357047211147
19.442451740862516	0.009860473412542807
19.44829341247486	0.009947830860459729
19.454135084087202	0.010033405589291739
19.465818427311888	0.010196953716843536
19.48918511376126	0.010495044101515767
19.495026785373604	0.010563095062306377
19.500868456985945	0.010629323682325486
19.51255180021063	0.01075332991672681
19.518393471822975	0.0108110482844415
19.524235143435316	0.010866492669223422
19.53591848666	0.01096822144107734
19.541760158272346	0.011015368161315929
19.547601829884687	0.011059213972602797
19.55344350149703	0.011100026761873041
19.559285173109373	0.011139137095479115
19.565126844721718	0.011174649837563938
19.570968516334062	0.011207147414435684
19.576810187946407	0.011236585947015392
19.582651859558748	0.011263149585982138
19.58917291819447	0.011289901529390425
19.59569397683019	0.011312842396898178
19.60221503546591	0.01133218957663261
19.60873609410163	0.011347619022201657
19.61525715273735	0.011359498845301057
19.621778211373073	0.011367731184221463
19.628299270008796	0.011372374236998748
19.634820328644516	0.011373147249697789
19.641341387280235	0.011370276053224073
19.64786244591596	0.011363667591187544
19.65438350455168	0.011353519062156576
19.6609045631874	0.011339623073130672
19.66742562182312	0.01132211599141837
19.673946680458844	0.011300980152409533
19.680467739094567	0.011276754913478544
19.686988797730287	0.011248680743831781
19.693509856366006	0.011217077788651546
19.70003091500173	0.01118205927841171
19.706551973637453	0.011143396546656276
19.713073032273172	0.011101334832701619
19.719594090908892	0.011055913391600416
19.72611514954461	0.011007162644711209
19.739157266816054	0.010899311023879059
19.745678325451777	0.010840588920144407
19.752199384087497	0.010778588457344649
19.765241501358936	0.010645265211830401
19.771762559994656	0.010573924605681718
19.77828361863038	0.01049970999307452
19.79132573590182	0.010342336571377498
19.79784679453754	0.010259325496800035
19.804367853173265	0.010173574247607316
19.817409970444707	0.009993955697566288
19.843494204987593	0.009604105000914085
19.850015263623312	0.009500636262911206
19.856536322259036	0.009394987005086267
19.86957843953048	0.00917727591480669
19.89566267407336	0.008716485519696027
19.902183732709084	0.008597356729235468
19.908704791344803	0.008476573648562788
19.921746908616242	0.008230507544126265
19.947831143159128	0.00772279468331472
19.954352201794848	0.007593131390001527
19.96087326043057	0.00746254863537291
19.973915377702014	0.007198979459004294
19.980436436337733	0.007066187020541433
19.986957494973456	0.006932800307944148
19.99347855360918	0.006799101790518356
19.9999996122449	0.006664909765039102