1.000000387755102	1.2331013633398085
1.005827640490633	1.2452487419542138
1.0116548932261638	1.2583440743875567
1.0174821459616947	1.272420654322187
1.0233093986972257	1.287506396892975
1.0291366514327565	1.3036318995835874
1.0349639041682874	1.320827726688317
1.0466184096393492	1.35853136592202
1.05244566237488	1.3790870116814613
1.0582729151104109	1.4008145046050497
1.0699274205814726	1.447866358907003
1.0757546733170034	1.4732284883211477
1.0815819260525343	1.499837757849706
1.093236431523596	1.5568596158996355
1.0990636842591268	1.5872938108075703
1.1048909369946578	1.6190182508927853
1.1165454424657195	1.6863799188207738
1.1223726952012503	1.7220239308915568
1.1281999479367812	1.7589744791182724
1.139854453407843	1.8367896619758248
1.1456817061433737	1.877641056308704
1.1515089588789047	1.9197760326486497
1.1631634643499664	2.0078361590946088
1.1864724752920899	2.198656359067826
1.1922997280276206	2.2492905346918075
1.1981269807631516	2.301041754658116
1.2097814862342133	2.407761935034081
1.2330904971763368	2.6330947662097697
1.2797085190605837	3.1220576530739734
1.3729445628290775	4.1700111061996825
1.3792619725446187	4.240790758722552
1.3855793822601599	4.311211435007508
1.3982142016912422	4.450759168504712
1.4234838405534072	4.722994660355749
1.4298012502689486	4.789259803201543
1.4361186599844897	4.854664801053225
1.448753479415572	4.982656418188603
1.4740231182777368	5.2254145638244385
1.480340527993278	5.28293578576547
1.4866579377088192	5.339030642998634
1.4992927571399015	5.446695082841527
1.5056101668554427	5.498119896372763
1.5119275765709839	5.547850856456986
1.5245623960020662	5.642017606755059
1.5308798057176074	5.686316306897144
1.5371972154331486	5.728675171051023
1.549832034864231	5.807412335153426
1.5561494445797721	5.843702569849517
1.5624668542953133	5.877895767607651
1.5751016737263959	5.939920730455903
1.5814190834419373	5.967707293865899
1.5877364931574784	5.993326666096408
1.5940539028730196	6.0167867630961265
1.6003713125885608	6.038090428861952
1.606688722304102	6.057255839862574
1.6130061320196432	6.074305618414493
1.6193235417351843	6.0892731582017605
1.6256409514507255	6.102193858933047
1.6319583611662667	6.113109598050208
1.6382757708818079	6.122070355362421
1.644593180597349	6.129129180015833
1.6509105903128902	6.134351440626228
1.6572280000284314	6.137798779997555
1.6635454097439726	6.139543193233593
1.6698628194595138	6.139650525334174
1.676180229175055	6.13821109998548
1.6824976388905961	6.135299376863787
1.6888150486061373	6.131005427466208
1.6951324583216785	6.125402753720524
1.7014498680372196	6.118588700092733
1.7077672777527608	6.110638363749628
1.714084687468302	6.10163923228523
1.7204020971838432	6.091657218150328
1.7267195068993846	6.080797850509432
1.733036916614926	6.069132457074831
1.7393543263304672	6.056751519595507
1.7519891457615495	6.030109019324499
1.7772587846237142	5.971158770605568
1.7831575502988577	5.956618955019113
1.789056315974001	5.941883074633781
1.8008538473242877	5.9119223374678285
1.824448910024861	5.850791031746031
1.871639035426008	5.727151948348977
1.8775378011011514	5.711690827154291
1.8834365667762947	5.696234426192079
1.8952340981265814	5.6653276792925515
1.9188291608271548	5.6035296845088105
1.966019286228302	5.480905526252068
1.9719180519034452	5.465891870081637
1.9778168175785886	5.451014985787623
1.9896143489288756	5.421786066565774
1.995513114604019	5.40749799545463
2.0014118802791625	5.393476169824373
2.013209411629449	5.366392687565151
2.0191081773045925	5.353417935325286
2.0250069429797355	5.34088414675191
2.030905708654879	5.328841014992065
2.0368044743300224	5.3173420121130315
2.042703240005166	5.306441089170235
2.0486020056803094	5.296196113486907
2.0545007713554524	5.286665949850848
2.060399537030596	5.277911973545557
2.0662983027057393	5.2699957723681425
2.0721970683808824	5.2629811314344686
2.078095834056026	5.256932768164549
2.0839945997311693	5.251916587595582
2.0898933654063128	5.247999161024362
2.0957921310814562	5.24524798418838
2.1016908967565993	5.243730985378628
2.1075896624317427	5.24351634120102
2.113488428106886	5.2446723669763005
2.119387193782029	5.2472671488696605
2.1252859594571727	5.251368589191852
2.131184725132316	5.25704451550857
2.1370834908074596	5.264361711286698
2.142982256482603	5.273387346407706
2.148881022157746	5.284187304405261
2.1547797878328896	5.296828076154843
2.160562843141104	5.311067884195932
2.166345898449319	5.327197226748961
2.172128953757534	5.345273136985018
2.177912009065749	5.365355159523826
2.183695064373964	5.387496532762924
2.189478119682179	5.41175494304029
2.201044230298609	5.466838781057598
2.206827285606824	5.497765166862203
2.212610340915039	5.531014504991713
2.218393396223254	5.566630241581994
2.2241764515314686	5.6046630842957486
2.229959506839683	5.645149856479806
2.235742562147898	5.688137998860626
2.247308672764328	5.781778817798917
2.253091728072543	5.832500733389583
2.258874783380758	5.885867844589983
2.270440893997188	6.000639540188965
2.276223949305403	6.062090232016934
2.282007004613618	6.126282535544708
2.2935731152300476	6.262957484406717
2.299356170538262	6.33545812475425
2.305139225846477	6.410739715913231
2.316705336462907	6.569619844812897
2.339837557695767	6.920263977130975
2.345620613003982	7.014665395104159
2.351403668312197	7.111666848319518
2.362969778928627	7.31330208643646
2.3861020001614865	7.7453061564150225
2.432366442627206	8.704386450908551
2.438149497935421	8.830931323976582
2.443932553243636	8.958499230991581
2.455498663860066	9.216091822162323
2.4786308850929255	9.736568717762616
2.524895327558645	10.760667123245348
2.5311685398468704	10.894111367348621
2.5374417521350954	11.025612001175345
2.5499881767115458	11.281974101547135
2.556261388999771	11.406487716365152
2.5625346012879966	11.528318580232778
2.575081025864447	11.763260930626396
2.581354238152672	11.876052761805251
2.5876274504408974	11.985578684128512
2.600173875017348	12.194348245493615
2.6064470873055736	12.293408343722625
2.6127202995937986	12.388803955635527
2.625266724170249	12.568365544626252
2.6315399364584744	12.652401836617614
2.6378131487466994	12.732618082339751
2.6503595733231498	12.881532858768054
2.656632785611375	12.950271750801294
2.6629059978996006	13.015227937708474
2.675452422476051	13.133997318867115
2.681725634764276	13.1879410724919
2.6879988470525014	13.238370490437754
2.6942720593407268	13.28538224026934
2.700545271628952	13.329102501551361
2.7068184839171776	13.369641827680162
2.7130916962054026	13.407120912357609
2.725638120781853	13.47346229586074
2.7319113330700784	13.502623335626646
2.7381845453583034	13.5293249547817
2.7444577576465283	13.553737939220126
2.7507309699347537	13.57603503708747
2.757004182222979	13.596391956056788
2.7632773945112046	13.614988556904706
2.76955060679943	13.632008703698885
2.775823819087655	13.647630407494344
2.78209703137588	13.662047452911827
2.7883702436641054	13.675445187755026
2.800916668240556	13.699934425354803
2.826009517393457	13.74479827409318
2.8322827296816824	13.75618459011655
2.8385559419699073	13.767974278758528
2.8448291542581323	13.780326599648564
2.8511023665463577	13.793392063166984
2.857375578834583	13.807314938022294
2.8636487911228086	13.822231528665162
2.876195215699259	13.855547140385235
2.882468427987484	13.87417566975327
2.8887416402757093	13.894255033473103
2.8950148525639348	13.915876524973564
2.90128806485216	13.93911953824527
2.9075612771403856	13.96405347862275
2.9138344894286106	13.990736115285113
2.926380914005061	14.049523100037936
2.9322354822528887	14.079479316944079
2.938090050500716	14.111058429998216
2.949799186996371	14.179069239562358
2.955653755244198	14.21547565338853
2.9615083234920254	14.253446519580484
2.9732174599876804	14.333931054505536
2.9790720282355077	14.376334040330871
2.9849265964833354	14.420093474000204
2.99663573297899	14.511350666723434
3.0200540059703	14.706193997406743
3.0259085742181275	14.756810664125682
3.031763142465955	14.807929960214443
3.0434722789616098	14.911081872722207
3.0668905519529193	15.116575604165662
3.0727451202007465	15.166834373780345
3.0785996884485742	15.216252977897769
3.0903088249442288	15.31189035430212
3.0961633931920565	15.357686013826093
3.1020179614398837	15.401919555525785
3.1137270979355387	15.484849210379668
3.1195816661833664	15.523188022121444
3.1254362344311937	15.559159968525437
3.131290802679021	15.592595673857609
3.1371453709268486	15.623278405715665
3.142999939174676	15.65103836481065
3.148854507422503	15.675684896797803
3.154709075670331	15.697058436615402
3.160563643918158	15.714980823603806
3.1664182121659854	15.729287292566765
3.172272780413813	15.739848040706383
3.1781273486616404	15.746480292419772
3.1839819169094676	15.749053320701817
3.1898364851572953	15.74743473070224
3.1956910534051226	15.741487425535786
3.20154562165295	15.73111124891355
3.2074001899007776	15.716199463186008
3.213254758148605	15.696659265259717
3.219109326396432	15.672409776196092
3.22496389464426	15.643384163772307
3.230818462892087	15.609520107593504
3.2366730311399143	15.570770674170081
3.242527599387742	15.527100947493999
3.2483821676355693	15.478494175993047
3.2542367358833966	15.424930002429887
3.2600913041312243	15.366415808060617
3.2659458723790515	15.30296638043988
3.271800440626879	15.234596003189024
3.2776550088747065	15.161360805246524
3.2835095771225338	15.083303939698109
3.289364145370361	15.000487182934695
3.301073281866016	14.820900795347907
3.3074180070938537	14.716013110767538
3.313762732321692	14.605971296351948
3.326452182777367	14.371008943375857
3.351831083688718	13.846544839948569
3.3581758089165556	13.705212211795622
3.3645205341443933	13.560219111367571
3.377209984600069	13.260146507412964
3.4025888855114204	12.626288443556398
3.408933610739258	12.462210700175651
3.4152783359670957	12.296373139229704
3.427967786422771	11.960384800759053
3.4533466873341223	11.277744544070258
3.5041044891568243	9.91832929299537
3.510449214384662	9.752664279735159
3.5167939396124996	9.588484066206615
3.529483390068175	9.265119866984804
3.554862290979526	8.641604310080861
3.561207016207364	8.491115438707435
3.567551741435202	8.342941518284633
3.5802411918908774	8.053770566746628
3.605620092802228	7.505357985321385
3.611964818030066	7.374643109100084
3.6183095432579035	7.246505961348882
3.6309989937135794	6.997960544514831
3.6563778946249306	6.531386520775934
3.7071356964476325	5.713062635090221
3.713364711308542	5.62228860596344
3.7195937261694514	5.533452615503988
3.73205175589127	5.361332596325432
3.7569678153349066	5.037649630745882
3.806799934222181	4.459216634468481
3.8130289490830904	4.392264057372808
3.8192579639439996	4.326326057936781
3.8317159936658185	4.197306308168387
3.856632053109456	3.949494270737871
3.9064641719967304	3.487218199937675
3.9126931868576396	3.4320885808378065
3.9189222017185488	3.3774980999125876
3.9313802314403676	3.269902693840619
3.956296290884005	3.0609540887434576
4.0061284097712795	2.668840237597677
4.012357424632189	2.6224199221147684
4.018586439493099	2.576614007113311
4.031044469214917	2.486916261332131
4.055960528658554	2.315560333762588
4.105792647545829	2.007784461713867
4.11160301836634	1.9751061977679276
4.117413389186851	1.943115495295932
4.129034130827874	1.8811974774472127
4.15227561410992	1.7656376810926968
4.158085984930431	1.7384646651241669
4.163896355750943	1.7119663061226076
4.175517097391966	1.6609821243829854
4.198758580674012	1.566834557523956
4.204568951494523	1.544878940587262
4.210379322315035	1.523536423890305
4.222000063956058	1.4826425306902173
4.227810434776569	1.4630682635920715
4.233620805597081	1.4440597081614808
4.245241547238104	1.4076816360958961
4.251051918058615	1.3902903522374155
4.256862288879127	1.3734126777187763
4.26848303052015	1.3411513073440755
4.291724513802196	1.2822352361275033
4.297534884622707	1.2686013480606473
4.303345255443219	1.2553819788549063
4.314965997084242	1.2301423873242556
4.320776367904753	1.2181011746657044
4.326586738725265	1.20643308581367
4.338207480366288	1.1841764640457395
4.344017851186799	1.173571030422715
4.349828222007311	1.1633028610028937
4.361448963648334	1.1437519226190567
4.38469044693038	1.108422928305087
4.390500817750891	1.1003482715326696
4.396311188571403	1.0925690100942544
4.407931930212426	1.0778852814464202
4.413742301032937	1.0709764936347268
4.419552671853449	1.0643542726813084
4.431173413494472	1.051965464779891
4.436983784314983	1.0461978969195838
4.442794155135495	1.0407146772434057
4.448604525956006	1.0355161261377184
4.454414896776518	1.0306027977849834
4.460225267597029	1.0259753350453904
4.466035638417541	1.0216348921587204
4.477656380058563	1.0138196044072085
4.483956907859085	1.0100678492888928
4.490257435659606	1.0066598320870126
4.496557963460128	1.0035974749724739
4.50285849126065	1.000882655586412
4.509159019061172	0.9985172018390789
4.515459546861694	0.9965030359951177
4.5217600746622155	0.9948413815129902
4.5280606024627374	0.9935338036299024
4.534361130263259	0.9925815078431199
4.540661658063781	0.9919850192897277
4.546962185864302	0.991745384535025
4.553262713664824	0.9918619852509627
4.559563241465346	0.9923356145673168
4.565863769265867	0.9931652462919827
4.572164297066389	0.9943511095280737
4.578464824866911	0.9958899273326374
4.584765352667433	0.9977804402782908
4.591065880467955	1.0000203380105193
4.597366408268477	1.0026053169055986
4.603666936068999	1.0055332695652424
4.609967463869521	1.0087973595253121
4.616267991670043	1.0123956752923369
4.622568519470564	1.0163215598423712
4.628869047271086	1.0205725513764432
4.6351695750716075	1.0251362431274482
4.641470102872129	1.030008962097941
4.654071158473172	1.040645578535142
4.660371686273694	1.0463931917706848
4.666672214074216	1.0524095911439812
4.67927326967526	1.0652204822346323
4.685573797475782	1.0719902338120955
4.691874325276304	1.0789945984274967
4.704475380877348	1.0936282691742991
4.729677492079435	1.125021158567046
4.780081714483609	1.19282176578822
4.786382242284131	1.201429528049601
4.792682770084653	1.2100057067950563
4.805283825685697	1.2269914584444614
4.830485936887784	1.2597595099447727
4.836786464688306	1.267588309786091
4.843086992488827	1.2752347893864917
4.8556880480898705	1.2899037022954976
4.8619885758903925	1.2968887188106974
4.868289103690914	1.3036187233007932
4.880890159291958	1.3162389002478854
4.8867720430520825	1.3217172920860698
4.892653926812207	1.3269123446806474
4.89853581057233	1.3318146177326693
4.904417694332454	1.336407485288124
4.910299578092578	1.3406803238252023
4.916181461852702	1.344621332414505
4.922063345612826	1.348212644104281
4.92794522937295	1.3514524986942262
4.933827113133074	1.354325989254621
4.939708996893199	1.356823621375147
4.945590880653322	1.358939246277376
4.951472764413446	1.3606611599284195
4.95735464817357	1.3619796869713539
4.963236531933694	1.3628881605404177
4.969118415693818	1.363379443291412
4.975000299453942	1.3634421972711777
4.980882183214066	1.3630756922756577
4.986764066974191	1.3622727357248696
4.992645950734314	1.3610277413091292
4.998527834494438	1.3593392526359651
5.004409718254562	1.3572011617273534
5.010291602014686	1.3546135172127554
5.01617348577481	1.3515714309273548
5.022055369534934	1.3480740598250893
5.027937253295058	1.344120545850409
5.033819137055183	1.339705793234918
5.039701020815306	1.3348379181848649
5.04558290457543	1.3295124026377236
5.051464788335554	1.3237324338619485
5.057346672095678	1.3175017689381348
5.069110439615926	1.3036955909404613
5.07499232337605	1.2961291855648958
5.0808742071361745	1.2881262045794988
5.092637974656422	1.2708321507804508
5.098519858416546	1.2615524899343538
5.10440174217667	1.2518607247706754
5.116165509696918	1.2312704269922112
5.122047393457042	1.2203891027370577
5.1279292772171665	1.2091276595195073
5.139693044737414	1.1855067875480507
5.16322057977791	1.134162099321309
5.169102463538034	1.120535740016962
5.1749843472981585	1.1066154674792912
5.186748114818406	1.0779471235148608
5.210275649858902	1.0176597220792363
5.257330719939893	0.88830965575787
5.263096893333088	0.8719169499372479
5.268863066726285	0.8554527949201385
5.280395413512675	0.8223529057835957
5.303460107085458	0.7558400205134599
5.349589494231022	0.624304402024267
5.3553556676242176	0.6082288736951051
5.361121841017413	0.5922707817510102
5.372654187803804	0.5607502282634449
5.395718881376586	0.4995382156923944
5.4418482685221505	0.38632766723313616
5.447614441915346	0.37317432497435843
5.453380615308541	0.3602654685307014
5.464912962094933	0.33519221053326653
5.487977655667715	0.2881523704543232
5.49374382906091	0.2770585870869515
5.499510002454105	0.26623679277325296
5.511042349240497	0.2454119205726315
5.534107042813279	0.20709069025709104
5.539873216206474	0.19820682854765193
5.545639389599669	0.18960277832542705
5.557171736386061	0.17322524590096933
5.562937909779256	0.16544933300628406
5.568704083172452	0.1579494025606576
5.580236429958843	0.1437537807481306
5.586002603352038	0.1370581166594902
5.5917687767452335	0.13062498558673918
5.603301123531625	0.11853493294889073
5.60906729692482	0.11287056608563839
5.6148334703180165	0.10745454786136488
5.626365817104407	0.09735027327905499
5.632622147477613	0.09226333852458812
5.6388784778508185	0.08744487970336934
5.645134808224024	0.08289015962336355
5.65139113859723	0.07859137141370565
5.657647468970436	0.07454038801367169
5.663903799343641	0.07073020732366442
5.676416460090054	0.06379954511262453
5.6826727904632595	0.06066281089555625
5.688929120836466	0.057733962816088225
5.695185451209672	0.0550045299785169
5.7014417815828775	0.052465684036025806
5.707698111956083	0.050108257111483034
5.713954442329289	0.04792399807636594
5.7264671030757	0.04403865064268597
5.732723433448906	0.042319661868745584
5.738979763822112	0.04073789328140043
5.745236094195318	0.039284463844981854
5.751492424568524	0.0379505926576722
5.75774875494173	0.03672751883923109
5.7640050853149365	0.03560662287763794
5.776517746061348	0.033637873070324176
5.782774076434554	0.03277333475291644
5.789030406807759	0.03197831873428947
5.795286737180965	0.03124493342174972
5.801543067554171	0.03056576244860465
5.8077993979273765	0.029933614252696694
5.814055728300582	0.029341563863863884
5.826568389046995	0.028251731559894466
5.8328247194202	0.027741571176309376
5.839081049793407	0.027246812366571893
5.851593710539818	0.02628399296030337
5.876619032032641	0.024339489248318413
5.882875362405847	0.023828342000590474
5.889131692779053	0.023301574288992377
5.901644353525465	0.02219326712537506
5.926669675018289	0.01972551925989019
5.9329260053914945	0.019054390684743905
5.9391823357647	0.018362553590166364
5.951694996511112	0.01692180927046194
5.976720318003935	0.013867725512126894
5.982976648377141	0.013083842447556004
5.989232978750348	0.012298424035282363
6.001745639496759	0.010738468086384234
6.026770960989582	0.007783921765931456
6.03260864732239	0.007151739262256651
6.038446333655198	0.006549797806143065
6.044284019988006	0.0059824156537658935
6.050121706320814	0.005453985731502575
6.055959392653622	0.004968960145331103
6.06179707898643	0.004531834623447195
6.067634765319238	0.0041471205435257286
6.073472451652046	0.0038193713606233803
6.079310137984854	0.003553107068115957
6.085147824317662	0.0033528493429643147
6.09098551065047	0.0032230775002474177
6.096823196983278	0.0031682198128153427
6.102660883316086	0.003192644918173171
6.108498569648894	0.0033006414641424398
6.114336255981702	0.0034964052875454676
6.12017394231451	0.0037840266968657277
6.126011628647318	0.004167548725071635
6.131849314980126	0.0046505462196673175
6.137687001312934	0.005236988696284861
6.143524687645742	0.005930303186060026
6.14936237397855	0.006733861100407523
6.155200060311358	0.007650825610629797
6.161037746644166	0.008684183954480562
6.166875432976974	0.009836715448209743
6.172713119309782	0.011110985998445955
6.17855080564259	0.012509255657841
6.184388491975398	0.014033876647294496
6.190226178308206	0.015686438659618607
6.196063864641014	0.017468711488468958
6.2019015509738225	0.019382109921059265
6.213576923639439	0.023606181172361906
6.219414609972247	0.02591832537693395
6.225252296305056	0.02836437087772936
6.236927668970672	0.033657987789058375
6.24276535530348	0.036504764617484864
6.248603041636288	0.03948390709686822
6.260278414301904	0.045834380848760015
6.266116100634712	0.04920261325019637
6.27195378696752	0.052697026474426645
6.283629159633136	0.06005512717276518
6.3069799049643684	0.0761690136851274
6.3128175912971765	0.08046799985388442
6.3186552776299845	0.08487041284094332
6.3303306502956005	0.0939551368069641
6.3536813956268325	0.11312841093653103
6.400382886289297	0.15423169856614327
6.406710729602115	0.15995036018912379
6.4130385729149335	0.16567864246560904
6.42569425954057	0.1771264988615998
6.451005632791844	0.19974203330775142
6.457333476104663	0.2052848814516003
6.463661319417481	0.21076477012341538
6.476317006043118	0.22150415962481312
6.501628379294391	0.2418548987961805
6.507956222607209	0.2466579356719637
6.514284065920027	0.2513346185183252
6.526939752545664	0.2602657775297616
6.533267595858482	0.2645079844475748
6.5395954391713005	0.2685925477236182
6.552251125796937	0.2762609069711379
6.558578969109756	0.2798328018480905
6.564906812422574	0.28322232286252436
6.571234655735393	0.28642403405287403
6.577562499048211	0.2894332720788233
6.5838903423610295	0.29224564164261735
6.590218185673848	0.29485654656075166
6.596546028986666	0.2972623958518691
6.602873872299485	0.2994598073235119
6.609201715612303	0.30144577208827034
6.615529558925122	0.3032176373364254
6.62185740223794	0.3047732470384517
6.628185245550759	0.3061106739275924
6.634513088863577	0.30722871981329686
6.6408409321763955	0.30812606613059285
6.647168775489213	0.3088024397113213
6.6534966188020315	0.3092584407631079
6.65982446211485	0.3094928042898244
6.6661523054276675	0.30950730077863087
6.672480148740486	0.3093024196991589
6.678807992053304	0.3088799611440795
6.685135835366123	0.3082413350944888
6.691463678678941	0.30738913281240376
6.69779152199176	0.3063259632832904
6.704119365304578	0.30505548673318167
6.7104472086173965	0.30357868023031837
6.716775051930215	0.30190205680825777
6.723102895243033	0.30002860600038794
6.729430738555852	0.297962536220236
6.73575858186867	0.2957085603713489
6.742086425181489	0.2932716567744119
6.754742111807126	0.28787116972420473
6.761069955119944	0.28491889744487114
6.7673977984327625	0.2818067147472855
6.780053485058399	0.2751279913716559
6.805364858309672	0.26014385863675005
6.811576991255562	0.2561755698354094
6.817789124201452	0.25210694177888077
6.830213390093231	0.24369774509081876
6.855061921876791	0.2259978736254447
6.904758985443911	0.18873979697932441
6.910971118389801	0.1840510208263335
6.917183251335691	0.1793787883583553
6.9296075172274705	0.17011059644350357
6.95445604901103	0.15205683066896364
6.960668181956921	0.14767884259790903
6.96688031490281	0.14336632898234442
6.97930458079459	0.1349578060994649
7.00415311257815	0.11914057197122191
7.01036524552404	0.11541852362778937
7.01657737846993	0.11179688591739845
7.02900164436171	0.10486689380568442
7.0352137773076	0.10156421949211603
7.04142591025349	0.09837375469784987
7.05385017614527	0.09233245443531979
7.06006230909116	0.0894873976643461
7.06627444203705	0.08675982969021001
7.0786987079288295	0.08166228965806988
7.084910840874719	0.07929320591663569
7.0911229738206085	0.07704426103711826
7.103547239712388	0.07290588314104463
7.109759372658278	0.07101576838725898
7.115971505604168	0.0692431919908848
7.122183638550058	0.06758596452202209
7.128395771495947	0.06604496203732341
7.134607904441838	0.06461716951216734
7.140820037387727	0.06330073456339086
7.147032170333617	0.06209310259744266
7.153244303279507	0.060992611909104044
7.159456436225398	0.05999604389744462
7.165668569171287	0.059100716051743385
7.171880702117177	0.05830356633724465
7.178092835063067	0.057601370744808256
7.1843049680089575	0.05699067668326796
7.190517100954847	0.056468035317352505
7.1967292339007365	0.056029485630648135
7.202941366846627	0.055671028540343115
7.208734855752119	0.055405676041733354
7.2145283446576105	0.055203430522326846
7.220321833563103	0.055060458193760764
7.226115322468595	0.054973485236928965
7.231908811374087	0.05493901791473421
7.2377023002795795	0.054953367718984125
7.243495789185071	0.05501264780685117
7.249289278090563	0.05511282912046439
7.255082766996056	0.05525062159829358
7.260876255901548	0.055423143221108584
7.266669744807039	0.05562466951337902
7.272463233712532	0.055852270828755046
7.278256722618024	0.05610189842244789
7.284050211523516	0.05637013299056759
7.2956371893345	0.05694681821699271
7.301430678239992	0.057247469219570524
7.307224167145485	0.057551955227186036
7.318811144956468	0.05815666892843857
7.324604633861961	0.058449389197798574
7.330398122767453	0.058731844481878015
7.341985100578437	0.05925354088043966
7.347778589483929	0.05948472475389993
7.353572078389421	0.0596930791762994
7.359365567294914	0.05987536079900985
7.3651590562004055	0.060028816675910646
7.370952545105897	0.060150881351009045
7.37674603401139	0.060238977260374305
7.382539522916882	0.0602908118514871
7.388333011822374	0.06030418072663113
7.394126500727865	0.06027675970537455
7.399919989633357	0.06020712123118227
7.40571347853885	0.06009370023675831
7.411506967444342	0.059934437821788644
7.4173004563498335	0.05972803959630224
7.423093945255326	0.05947331369585829
7.428887434160818	0.05916917777763919
7.43468092306631	0.05881491552517554
7.4404744119718025	0.05840982101492748
7.446267900877294	0.05795314150748643
7.452061389782786	0.05744484227268232
7.457854878688279	0.05688459384374778
7.463648367593771	0.05627241487493578
7.469441856499262	0.05560855003549775
7.481028834310247	0.05412758168440612
7.486822323215739	0.05331168885083276
7.492615812121231	0.05244656089584554
7.504202789932215	0.05057351472346916
7.509996278837708	0.04956812906907532
7.5157897677431995	0.04851891085890725
7.527376745554184	0.04629586510150052
7.533170234459676	0.0451259167749693
7.538963723365168	0.04391969245454713
7.550550701176152	0.04140859011782633
7.57372465679812	0.03606092183957427
7.5800083026836225	0.03455428229148155
7.586291948569125	0.033030838130800155
7.59885924034013	0.029948875203360148
7.62399382388214	0.023763247373389973
7.630277469767642	0.022237376764528083
7.636561115653144	0.020728515730900288
7.64912840742415	0.017779073374083576
7.6742629909661595	0.012277626142273734
7.680546636851662	0.011010109395857781
7.686830282737164	0.009793986904183483
7.693113928622667	0.008633431217360321
7.699397574508169	0.0075324759496990246
7.7056812203936715	0.0064947737005418005
7.711964866279175	0.005523973684652572
7.718248512164677	0.00462375607608112
7.724532158050179	0.003797529466179561
7.730815803935681	0.003048516650167865
7.737099449821184	0.002379854756465516
7.743383095706686	0.0017944595818418785
7.749666741592188	0.0012950894539283386
7.75595038747769	0.0008843050740159342
7.7622340333631925	0.0005645035564816048
7.768517679248696	0.00033779604442152333
7.774801325134198	0.00020610586724592594
7.7810849710197	0.0001712699350721325
7.787368616905203	0.0002347705133208533
7.793652262790705	0.0003978816035782595
7.799935908676208	0.0006616790284367791
7.80621955456171	0.0010270069323126685
7.812503200447212	0.001494450347371279
7.818786846332714	0.002064373280471543
7.825070492218217	0.002736898883109129
7.831354138103719	0.003511863664449666
7.837637783989221	0.004388813483742232
7.843921429874724	0.005367350749330035
7.850205075760226	0.006447083592683728
7.856488721645729	0.007626092144575769
7.862772367531232	0.00890302597537937
7.875339659302236	0.011745904633078286
7.8816233051877385	0.013307740861854711
7.887906951073241	0.01496043292378324
7.900474242844246	0.018527838233831168
7.906757888729748	0.0204371251354708
7.913041534615251	0.022425094879909097
7.925608826386256	0.02662968370445623
7.931892472271758	0.028837753823758222
7.93817611815726	0.031111345949289354
7.950743409928266	0.035837991456325685
7.9758779934702755	0.04589695018539999
7.98174299531538	0.04833690313915978
7.9876079971604845	0.050800306767420395
7.9993380008506945	0.05579435119516066
8.022798008231113	0.06593029842800718
8.028663010076219	0.06846953089562122
8.034528011921322	0.07100272715183942
8.046258015611532	0.07603532591639017
8.06971802299195	0.08584596885699186
8.075583024837055	0.08822213878575494
8.081448026682159	0.09056240516867892
8.093178030372368	0.09511045474138596
8.099043032217473	0.09731207069276065
8.104908034062577	0.09946078218992252
8.116638037752786	0.10358643785466704
8.122503039597891	0.10555633455521993
8.128368041442995	0.10745968025522107
8.140098045133204	0.11105781795928069
8.14596304697831	0.11274618008853354
8.151828048823413	0.11435769818249092
8.163558052513622	0.11734058674416892
8.169423054358727	0.1187073545269152
8.175288056203831	0.11998824930988339
8.181153058048935	0.12118165865101427
8.18701805989404	0.1222857488014513
8.192883061739145	0.12329921853241982
8.19874806358425	0.1242208214469451
8.204613065429353	0.12504944062259268
8.210478067274458	0.12578409957608308
8.216343069119564	0.1264243633436506
8.222208070964667	0.1269690884746583
8.22807307280977	0.12741819972398374
8.233938074654876	0.1277705715837502
8.239803076499982	0.12802772055159428
8.245668078345087	0.1281886597850716
8.251533080190192	0.12825483305576718
8.257398082035296	0.12822533376990256
8.2632630838804	0.1281014964758468
8.269128085725505	0.12788384061348104
8.27499308757061	0.1275736483298274
8.280858089415716	0.1271716823086396
8.286723091260821	0.12667996345554802
8.292588093105925	0.12609922652588548
8.298453094951029	0.1254317824115704
8.304318096796134	0.1246787908339915
8.31018309864124	0.12384220035585175
8.316048100486343	0.12292357097726211
8.321913102331447	0.12192606538057277
8.327778104176552	0.12085164891090808
8.333643106021658	0.11970298002417593
8.339508107866761	0.11848206259305927
8.35123811155697	0.11583551115098678
8.357593270382086	0.11429409569498272
8.3639484292072	0.11268150863492926
8.37665874685743	0.10925969558304621
8.40207938215789	0.10174379776760142
8.45292065275881	0.08500694957345964
8.459275811583925	0.08284278843245799
8.46563097040904	0.08067760170037402
8.47834128805927	0.07636125026367221
8.503761923359729	0.06790540139522172
8.510117082184845	0.06585184420507223
8.516472241009959	0.06383000272354983
8.529182558660189	0.05989711484096619
8.554603193960649	0.05256469513107548
8.560958352785764	0.05086053262349738
8.567313511610879	0.049214125318123664
8.580023829261108	0.046100950736372465
8.586378988086224	0.04463874930256509
8.592734146911338	0.043242728519037626
8.605444464561568	0.040653310810526616
8.611799623386684	0.03946380920272394
8.618154782211798	0.03834515421935922
8.624509941036912	0.037298267257522666
8.630865099862028	0.036323368477919366
8.637220258687144	0.03542240149161677
8.643575417512258	0.03459555590367433
8.649930576337372	0.033841976658759154
8.656285735162488	0.03316214062228032
8.662640893987604	0.03255547137445952
8.668996052812718	0.03202174326295637
8.675351211637832	0.03156021700164688
8.681706370462948	0.031170104777345525
8.688061529288063	0.030850180678828915
8.694416688113177	0.03059958882701358
8.700771846938292	0.03041661023000422
8.707127005763407	0.03029979916946307
8.713482164588523	0.030247335817696147
8.719837323413637	0.030257547215677638
8.726192482238751	0.030328230336037404
8.732547641063867	0.03045734752723342
8.738902799888983	0.030642720466014517
8.745257958714097	0.030881547409957466
8.751613117539211	0.031171523681117197
8.757968276364327	0.031510132868055374
8.764207724822514	0.03188684114214971
8.7704471732807	0.032304400008933726
8.776686621738886	0.032760095038996934
8.782926070197073	0.03325158489524355
8.78916551865526	0.03377656866400172
8.795404967113445	0.03433066986316047
8.807883864029819	0.03551400772301039
8.814123312488006	0.036137668645476934
8.820362760946193	0.03677886847077955
8.832841657862565	0.03809789997859772
8.85779945169531	0.04079766096051274
8.864038900153497	0.041466621322703734
8.870278348611684	0.042128510407835384
8.882757245528056	0.04341222212930232
8.888996693986243	0.044028901260284636
8.895236142444428	0.0446258456003662
8.907715039360802	0.04574667179534933
8.91395448781899	0.04626610194616884
8.920193936277176	0.046753779687750574
8.926433384735361	0.04720862375449439
8.932672833193548	0.047627391638950634
8.938912281651735	0.0480081045421934
8.94515173010992	0.04834900921973195
8.951391178568107	0.048649030193575415
8.957630627026294	0.048904990136443255
8.963870075484481	0.049115517912399015
8.970109523942668	0.04927936410809808
8.976348972400853	0.049395560181143494
8.98258842085904	0.04946210465211218
8.988827869317227	0.04947855992168371
8.995067317775412	0.04944387571698658
9.001306766233599	0.0493572430597542
9.007546214691786	0.049218273009991514
9.013785663149973	0.049026425190405426
9.02002511160816	0.048781446629492825
9.026264560066345	0.04848334524869313
9.032504008524532	0.04813243502834444
9.038743456982719	0.047728591690724964
9.044982905440904	0.04727217558970295
9.05122235389909	0.046764012803341026
9.057461802357277	0.04620468343419343
9.063701250815464	0.04559514431253553
9.069940699273651	0.04493636265747619
9.082419596190023	0.043476158163119616
9.08865904464821	0.04267747597819463
9.094898493106395	0.04183509100339983
9.10737739002277	0.040026719848577336
9.113616838480956	0.039064873660901056
9.119856286939143	0.03806696220555483
9.132335183855517	0.03597238730924365
9.157292977688263	0.03145834060649806
9.163113782106052	0.030357379168186913
9.16893458652384	0.029242642241939218
9.180576195359418	0.026982048100844022
9.203859413030571	0.022405040771789425
9.20968021744836	0.021263419357844177
9.21550102186615	0.020127932445059754
9.227142630701726	0.01788515626224914
9.250425848372881	0.013582355903003038
9.25624665279067	0.01255883506501207
9.26206745720846	0.0115609959033178
9.273709066044036	0.009651745336953926
9.279529870461825	0.008744585312559588
9.285350674879613	0.007871984634960028
9.296992283715191	0.0062386844859057405
9.302813088132979	0.0054818911254459896
9.308633892550768	0.004767545115412206
9.314454696968557	0.004097367597238652
9.320275501386345	0.0034730551456082642
9.326096305804134	0.0028961754733990847
9.331917110221923	0.0023682987738419675
9.33773791463971	0.0018907875627609955
9.3435587190575	0.0014649119338118327
9.349379523475289	0.0010917763395832392
9.355200327893076	0.0007726783944626142
9.361021132310865	0.0005085911323297193
9.366841936728655	0.0003002429353298336
9.372662741146442	0.00014844767019597804
9.378483545564231	0.00005387367832103418
9.38430434998202	0.00001703679496381505
9.390125154399808	0.00003835482654332423
9.395945958817597	0.00011811835817379657
9.401766763235386	0.000256509228037452
9.407587567653174	0.0004536116944891394
9.413408372070963	0.0007092759228206624
9.419229176488752	0.0010233494026760104
9.42504998090654	0.0013955710346192224
9.430870785324329	0.0018259474178849155
9.436691589742118	0.0023129943934350056
9.442512394159907	0.0028567100231144393
9.448333198577696	0.003456280553379848
9.454154002995484	0.004110634502747262
9.459974807413273	0.0048191747348369784
9.465795611831062	0.005580246834487726
9.47161641624885	0.006392775862876857
9.483258025084428	0.008168299639833718
9.489078829502215	0.009126867445523434
9.494899633920005	0.010132136986653842
9.506541242755581	0.012272723181429745
9.529824460426736	0.017020769281519715
9.536135421824536	0.018401790763636114
9.542446383222334	0.019818070915782443
9.555068306017933	0.0227430082222259
9.580312151609128	0.02887549724445157
9.586623113006928	0.03045117571610531
9.592934074404727	0.03203319519367194
9.605555997200325	0.03521594709863668
9.630799842791522	0.041547810297353785
9.63711080418932	0.043105751493450514
9.643421765587119	0.04464529835799022
9.656043688382717	0.047661414581383885
9.662354649780516	0.049132875912832955
9.668665611178316	0.050573153597713166
9.681287533973913	0.05335515928356485
9.687598495371713	0.05468972239698146
9.69390945676951	0.05598435958387557
9.70653137956511	0.058439901001488936
9.712842340962908	0.05959634670767079
9.719153302360708	0.060702418058537114
9.731775225156305	0.06275439221018231
9.738086186554103	0.06369600361877464
9.744397147951902	0.06457976029053594
9.750708109349702	0.06540311946661928
9.7570190707475	0.06616521324382188
9.7633300321453	0.06686448414267294
9.7696409935431	0.0674996457763294
9.775951954940897	0.0680695886764402
9.782262916338697	0.06857365553788415
9.788573877736496	0.0690111309776226
9.794884839134294	0.06938117785656527
9.801195800532094	0.06968364091684975
9.807506761929893	0.06991806495834998
9.813817723327691	0.07008468780863662
9.820128684725491	0.07018282672523281
9.82643964612329	0.07021339635073916
9.832750607521088	0.07017641020553642
9.839061568918886	0.0700724911209416
9.845372530316686	0.06990234184362017
9.851683491714486	0.06966660666371485
9.857994453112283	0.06936630235345738
9.864305414510083	0.06900245288771759
9.870616375907883	0.06857649433799694
9.87692733730568	0.0680895831657674
9.88323829870348	0.06754328189295465
9.88954926010128	0.06693943219952726
9.895860221499078	0.06627936494941288
9.902171182896877	0.06556503567548559
9.908482144294677	0.06479865045752128
9.914793105692475	0.06398212271352355
9.921104067090274	0.06311778637124468
9.933725989885872	0.06125464275822999
9.939618307243272	0.06032760659402464
9.945510624600674	0.05936733143350777
9.957295259315476	0.05735432807116711
9.98086452874508	0.05302265007983899
10.02800306760429	0.04365470142455351
10.033895384961692	0.04246369521943677
10.039787702319092	0.04127643767048879
10.051572337033896	0.03892068014561288
10.0751416064635	0.034349294021447555
10.0810339238209	0.033248004090422986
10.086926241178302	0.03216736819367687
10.098710875893104	0.030075960025596774
10.122280145322708	0.026221293372058904
10.128172462680109	0.025335336061986374
10.13406478003751	0.024483615821403515
10.145849414752313	0.02288777370842769
10.151741732109715	0.022145648423670825
10.157634049467116	0.02144248749858789
10.169418684181919	0.020156297405901497
10.17531100153932	0.0195743410036696
10.18120331889672	0.019034616762977755
10.187095636254123	0.01853804905528568
10.192987953611524	0.018083289305423036
10.198880270968925	0.01767234949481178
10.204772588326326	0.017304956244726583
10.210664905683728	0.016981177228847816
10.216557223041129	0.016701100823591594
10.222449540398529	0.016464659519043384
10.22834185775593	0.016271562130789036
10.234234175113333	0.016121858740931846
10.240126492470733	0.016015021060710594
10.246018809828133	0.015950500311656166
10.251911127185535	0.01592781500379159
10.257803444542937	0.015946460938006557
10.263695761900337	0.01600537294407374
10.269588079257737	0.016103967520994758
10.275480396615139	0.016241247983282775
10.28137271397254	0.016416256844512964
10.287265031329941	0.016627840705065663
10.293157348687343	0.016874839456642296
10.299049666044745	0.017156077024030797
10.304941983402145	0.01747038302333255
10.310834300759547	0.017815946720095593
10.316610907750018	0.018184239959754836
10.322387514740491	0.018579525713466855
10.333940728721437	0.019446978929107198
10.33971733571191	0.019915387953631125
10.345493942702383	0.020405290471795845
10.357047156683329	0.021442357953607202
10.362823763673802	0.021985688046091453
10.368600370664275	0.022543565080922603
10.38015358464522	0.023695676741592744
10.40326001260711	0.02609153461093383
10.409036619597583	0.026699358204425525
10.414813226588056	0.027305856197792328
10.426366440569002	0.028512255021710148
10.449472868530892	0.030841717682777242
10.455249475521363	0.031396547845963255
10.461026082511836	0.031936681549010415
10.472579296492782	0.03296574006411132
10.478355903483255	0.033454818143211426
10.484132510473728	0.03392148729142491
10.495685724454674	0.034787769199589286
10.501462331445147	0.03518402811503542
10.50723893843562	0.0355548676671861
10.513015545426093	0.03589835654466764
10.518792152416566	0.0362126351884591
10.524568759407039	0.03649879761301167
10.530345366397512	0.03675319098857574
10.536121973387985	0.03697676074186604
10.541898580378456	0.037168129974042216
10.547675187368927	0.03732794770332931
10.5534517943594	0.03745328644606821
10.559228401349873	0.037544273544929146
10.565005008340346	0.0376007358936358
10.57078161533082	0.03762233758815506
10.576558222321292	0.037608424291811396
10.582334829311765	0.037558884937962334
10.588111436302238	0.037473728923862026
10.593888043292711	0.03735239857095937
10.599664650283184	0.037194749095923824
10.605441257273657	0.037001464258352684
10.611217864264129	0.03677284658860561
10.6169944712546	0.0365087099984064
10.622771078245073	0.036209675797221855
10.628547685235546	0.035875744973578566
10.634324292226019	0.0355079151344406
10.640100899216492	0.03510634193370757
10.645877506206965	0.03467194102197735
10.65743072018791	0.033707652292197646
10.663207327178384	0.03317923071609585
10.668983934168857	0.03262128258747048
10.680537148149801	0.03142178146496669
10.686803912120283	0.030726696714800467
10.693070676090766	0.03000260812481522
10.705604204031733	0.028473249479035886
10.730671259913667	0.02514251328701532
10.78080537167753	0.017851169764397115
10.787072135648014	0.016923669685271946
10.793338899618497	0.015999809683784602
10.805872427559462	0.01417337968481766
10.830939483441394	0.010668227377794305
10.837206247411878	0.009835486317047289
10.843473011382361	0.009024445980219543
10.856006539323326	0.0074755637199475505
10.862273303293808	0.006741674255949917
10.868540067264291	0.0060373374988475365
10.881073595205258	0.004724431549775823
10.887340359175742	0.004119323986330886
10.893607123146225	0.003550558917418789
10.899873887116708	0.003019667799779649
10.90614065108719	0.002527959123474824
10.912407415057672	0.0020767976779084915
10.918674179028155	0.0016673746799259342
10.924940942998639	0.00130093248871372
10.931207706969122	0.0009782793422278488
10.937474470939605	0.0007003115302927077
10.943741234910089	0.00046798022261408667
10.950007998880572	0.0002819138322525047
10.956274762851054	0.00014272866346724117
10.962541526821536	0.00005085920772158331
10.968808290792019	6.6785441255531874e-6
10.975075054762502	0.000010416867290689857
10.981341818732986	0.000062214474282965
10.98760858270347	0.0001619884114429579
10.993875346673953	0.0003097468005167775
11.000142110644436	0.0005051907589498916
11.006408874614918	0.0007482857558771677
11.0126756385854	0.0010382672167117898
11.018942402555883	0.0013746350637261553
11.025209166526366	0.0017571228474535378
11.03147593049685	0.0021839710730547635
11.037742694467333	0.002655266038534554
11.044009458437817	0.003169766243295409
11.0502762224083	0.0037255982725470926
11.056542986378783	0.004322556573250903
11.062809750349267	0.004958991986298365
11.06907651431975	0.005634482639206691
11.081610042260715	0.007093465427178022
11.0874581621908	0.007821326894335172
11.093306282120885	0.008575929445456952
11.105002521981056	0.010164548126816983
11.128395001701396	0.013603476843154737
11.175179961142078	0.021175702333747992
11.181028081072164	0.022149367028958623
11.18687620100225	0.02312522649927757
11.198572440862419	0.02506847176309434
11.22196492058276	0.028879973219767437
11.227813040512846	0.029804734644380514
11.233661160442932	0.030714539839930284
11.245357400303101	0.03248560407459837
11.268749880023442	0.03578495830219409
11.274597999953528	0.036550304802224834
11.280446119883614	0.037288192092763295
11.292142359743783	0.03867711247394339
11.297990479673867	0.039326093725580005
11.303838599603953	0.03994331455546949
11.315534839464124	0.041077626607578265
11.32138295939421	0.04159341350210838
11.327231079324296	0.042073105887900836
11.333079199254382	0.04251681166899418
11.338927319184466	0.042922955381243515
11.34477543911455	0.04329121816244896
11.350623559044635	0.04362082479200393
11.35647167897472	0.04391149145220359
11.362319798904807	0.04416286326971205
11.368167918834892	0.04437440827711361
11.374016038764978	0.0445461600726427
11.379864158695064	0.0446780377064534
11.385712278625148	0.044769802009041126
11.391560398555232	0.04482149975662016
11.397408518485317	0.04483322595930046
11.403256638415403	0.04480526349416045
11.409104758345489	0.044737614332976405
11.414952878275574	0.04463072720753979
11.420800998205658	0.04448503253020739
11.426649118135742	0.04430118584952959
11.432497238065828	0.04407954330328333
11.438345357995914	0.04382036236391806
11.444193477926	0.04352508413061739
11.450041597856085	0.0431941707711989
11.45588971778617	0.04282857146678062
11.462227994696264	0.04239399221970039
11.46856627160636	0.04192148322812037
11.481242825426552	0.0408661213248544
11.487581102336648	0.04028643782128296
11.493919379246742	0.039674204053927575
11.506595933066933	0.03835796247727084
11.512934209977029	0.03765791340400486
11.519272486887125	0.036932213807239864
11.531949040707316	0.03541206884825916
11.557302148347699	0.03215058575986167
11.563640425257795	0.031301064530803745
11.569978702167889	0.030441943425008694
11.58265525598808	0.02870400108566859
11.608008363628462	0.02520849011798003
11.614346640538557	0.024342632856171005
11.620684917448653	0.023483986512110512
11.633361471268845	0.021796452582947552
11.658714578909226	0.018596465082322614
11.665052855819322	0.017843271393955557
11.671391132729418	0.017111605674350848
11.684067686549609	0.01572093898016
11.690405963459703	0.015064888525266364
11.6967442403698	0.014437319377661142
11.709420794189992	0.013271355669177934
11.715759071100088	0.012735179874046688
11.722097348010182	0.012231024555214687
11.728435624920277	0.011760653203948
11.734773901830373	0.011324719387362646
11.741112178740469	0.010923486977774746
11.747450455650565	0.010558088744698768
11.753788732560661	0.010229515350145248
11.760127009470756	0.009937693623404562
11.76646528638085	0.009682458173048275
11.772803563290946	0.009465068577592883
11.779141840201042	0.00928502044706759
11.785480117111138	0.009141822538364097
11.791818394021234	0.009036349492305341
11.798156670931329	0.008968216948849694
11.804494947841423	0.008937109675538055
11.81083322475152	0.008942743130646247
11.817171501661615	0.008984544757589329
11.823509778571712	0.00906205182625009
11.829848055481808	0.00917456672595584
11.836186332391902	0.009321351985810175
11.842524609301996	0.00950180248558364
11.848862886212093	0.009714769217298233
11.855201163122189	0.009959419960026708
11.861539440032285	0.010234228695743482
11.867762006575452	0.010532890561567407
11.87398457311862	0.010858295454348563
11.886429706204954	0.01158593671217871
11.892652272748121	0.011985213052616212
11.898874839291288	0.012407447992656133
11.911319972377623	0.01331128618732206
11.91754253892079	0.013789414598354859
11.923765105463957	0.01428379706346588
11.936210238550292	0.015312347450700002
11.961100504722959	0.017488783394520528
11.967323071266126	0.018047825129580863
11.973545637809291	0.01860869872331143
11.985990770895626	0.019729879297663608
12.010881037068295	0.021922627929881144
12.017103603611462	0.022451309031121594
12.023326170154629	0.022968030316335646
12.035771303240963	0.02396160971383115
12.04199386978413	0.024434258945499457
12.048216436327298	0.024889841666540534
12.060661569413632	0.025743075826522258
12.0668841359568	0.026139235356196076
12.073106702499967	0.026511710343475388
12.079329269043134	0.026860067853319257
12.085551835586301	0.027183496978836187
12.091774402129468	0.027480117342663125
12.097996968672636	0.02774992323121743
12.104219535215803	0.027990851263308504
12.11044210175897	0.02820357100109528
12.116664668302137	0.028387119037450566
12.122887234845305	0.028540371500859023
12.129109801388472	0.02866277210971717
12.135332367931639	0.028753065983009606
12.141554934474806	0.02881183519715705
12.147777501017973	0.028838641524667627
12.154000067561139	0.02883225347146287
12.160222634104306	0.028793466780634096
12.166445200647473	0.02872216802180331
12.172667767190639	0.028618246751919547
12.178890333733806	0.02848198398922104
12.185112900276973	0.028313038249947714
12.19133546682014	0.028111949730957347
12.197558033363308	0.027878976457715164
12.203780599906475	0.027614793582085025
12.210003166449642	0.02731944795879332
12.21622573299281	0.02699388108143993
12.222448299535976	0.02663892025308994
12.228670866079144	0.026255124915565607
12.23489343262231	0.025843319855169702
12.241115999165478	0.025404344568769555
12.247338565708645	0.024939169225118456
12.25978369879498	0.023934842660555622
12.26558762129775	0.0234346622422711
12.271391543800519	0.02291561660169899
12.282999388806058	0.02182559469992492
12.306215078817134	0.019467790187994653
12.352646458839288	0.014321447888039282
12.358450381342058	0.013663619449037975
12.364254303844827	0.013007200060727454
12.375862148850366	0.011703732865739988
12.399077838861443	0.009173189603698579
12.404881761364212	0.008564270517859223
12.41068568386698	0.007967432199394695
12.422293528872519	0.00681504350160116
12.445509218883597	0.0047089443843138165
12.451313141386366	0.004230515293944883
12.457117063889136	0.003773349060601703
12.462920986391905	0.003338466420282543
12.468724908894675	0.0029267982129104544
12.474528831397445	0.0025393427963188893
12.480332753900214	0.0021767676735491535
12.486136676402982	0.0018399340372970453
12.491940598905751	0.001529400028784069
12.49774452140852	0.0012460049324760775
12.503548443911289	0.000990590799098242
12.509352366414058	0.0007633430149201863
12.515156288916828	0.0005650314558404874
12.520960211419597	0.00039589464682292935
12.526764133922367	0.0002564820173576593
12.532568056425136	0.0001470132767447535
12.538371978927906	0.00006778043830919789
12.544175901430675	0.00001887676738951405
12.549979823933445	6.094190550011425e-7
12.555783746436212	0.000012977205183273971
12.561587668938982	0.00005598278525074246
12.567391591441751	0.00012957690068059538
12.573195513944519	0.00023363832585040004
12.578999436447289	0.00036791225904754185
12.584803358950058	0.0005321605273733848
12.590607281452828	0.0007263850985876272
12.596411203955597	0.0009500305391916056
12.602215126458367	0.0012026131099807658
12.608019048961136	0.0014832673778185264
12.613822971463906	0.001791964952167633
12.619626893966675	0.0021281636114009704
12.631234738972212	0.002879604677268749
12.637528818454992	0.003329341954563865
12.64382289793777	0.0038078177183194124
12.65641105690333	0.004845771596067975
12.66270513638611	0.005403091706416164
12.66899921586889	0.005984296438447872
12.68158737483445	0.007211491393396059
12.68788145431723	0.007854329581450346
12.69417553380001	0.008516601609538297
12.706763692765568	0.009887981670666027
12.731940010696686	0.012776564872472446
12.738234090179466	0.013518164617861164
12.744528169662246	0.014266149025012245
12.757116328627804	0.01576901216503501
12.782292646558922	0.018755203276703356
12.788586726041702	0.019486874854216865
12.794880805524482	0.020210359794869372
12.807468964490042	0.021625610642934844
12.83264528242116	0.024276296085535668
12.83893936190394	0.024893264326686527
12.845233441386718	0.025488402446220044
12.857821600352278	0.026612951745081107
12.864115679835058	0.027137610816257658
12.870409759317837	0.027636088980555685
12.882997918283397	0.028551738586577613
12.889291997766177	0.028965980070169088
12.895586077248957	0.029350345718445355
12.901880156731735	0.029704859035320767
12.908174236214515	0.03002795941037223
12.914468315697295	0.030318215912881034
12.920762395180073	0.030576416545498343
12.927056474662853	0.030801585797031163
12.933350554145633	0.03099320218855425
12.939644633628413	0.031151060472437285
12.945938713111193	0.03127486203062465
12.952232792593971	0.03136481164480353
12.958526872076751	0.03142051152403093
12.964820951559531	0.031442061822424344
12.97111503104231	0.03142955012797547
12.97740911052509	0.031383197281414796
12.98370319000787	0.03130325139487957
12.98999726949065	0.031190074014527017
12.996291348973429	0.031043997229509318
13.002585428456209	0.030865665260965538
13.008879507938989	0.030655556325515664
13.015173587421769	0.030414480743799495
13.021467666904549	0.030142951396462295
13.027761746387327	0.02984190175526986
13.034055825870107	0.029512166200270994
13.03993126131249	0.0291791908713606
13.04580669675487	0.028823124950037773
13.057557567639634	0.028043835159044354
13.063433003082016	0.027622704047303
13.069308438524398	0.027181903846056628
13.081059309409161	0.02624533090363429
13.086934744851543	0.025751593414419162
13.092810180293924	0.02524265627777068
13.104561051178688	0.02418271213152834
13.128062792948215	0.021930162714673105
13.133938228390598	0.021346496352465574
13.139813663832978	0.020757066926958112
13.151564534717743	0.0195664467407581
13.17506627648727	0.01717332487823855
13.180941711929652	0.01657973695798623
13.186817147372032	0.015990908777056074
13.198568018256797	0.01483132976068115
13.222069760026324	0.012618439382110772
13.227945195468706	0.012093946913113305
13.233820630911087	0.011582985967187584
13.245571501795851	0.010605943244869201
13.251446937238233	0.010142019411804485
13.257322372680616	0.009695010915356288
13.269073243565378	0.008857488030975025
13.27494867900776	0.008467924056261074
13.28082411445014	0.008098874743119606
13.286699549892523	0.007751429059717901
13.292574985334905	0.007425625109732999
13.298450420777288	0.00712234094843614
13.30432585621967	0.006841113309291928
13.31020129166205	0.006584086140101586
13.316076727104432	0.006350520211108129
13.321952162546815	0.006141131096173938
13.327827597989195	0.005955862806633183
13.333703033431577	0.0057954802341705115
13.33957846887396	0.005659901503370583
13.345453904316342	0.005549022487982353
13.351329339758724	0.005463126683255316
13.357204775201104	0.0054020940716397944
13.363080210643487	0.005366060568882867
13.368955646085869	0.0053548241891644074
13.37483108152825	0.00536815496776993
13.380706516970632	0.005405879676696819
13.386581952413014	0.00546768512868882
13.392457387855396	0.005553241171391634
13.398332823297778	0.00566219835648887
13.404208258740159	0.0057941851385522845
13.410083694182541	0.0059485438114697115
13.415843419257996	0.006121147695827642
13.42160314433345	0.006314229537384426
13.427362869408903	0.006527308303467441
13.433122594484356	0.006759483181199066
13.43888231955981	0.007010681187408337
13.444642044635263	0.00727877090006156
13.45616149478617	0.007867198585480878
13.461921219861622	0.008184806125114841
13.467680944937076	0.008517247433392824
13.479200395087982	0.009222527397399576
13.502239295389796	0.010767133249462265
13.507999020465249	0.011175354379167855
13.513758745540702	0.011590660029132484
13.525278195691609	0.01243770512575133
13.548317095993422	0.014167085659239773
13.554076821068875	0.014600858017972916
13.559836546144329	0.015032189735338809
13.571355996295235	0.015885809829958325
13.594394896597048	0.017526605906824526
13.600154621672502	0.01791706894476014
13.605914346747955	0.018297053956545142
13.617433796898862	0.019024052515750303
13.623193521974315	0.019368894329676152
13.628953247049768	0.019700500072542565
13.640472697200675	0.02031932827110813
13.646232422276128	0.020605049447100548
13.651992147351582	0.020874493766668237
13.657751872427035	0.021126369382395517
13.663511597502488	0.02136001284724648
13.669271322577941	0.021575154267923547
13.675031047653395	0.02177146786387331
13.680790772728848	0.02194774543488411
13.686550497804301	0.02210430577981551
13.692310222879755	0.022239176698065317
13.698069947955208	0.02235452747009392
13.703829673030661	0.022448479264838773
13.709589398106115	0.022519778876479546
13.715349123181568	0.02256984555385364
13.721108848257021	0.02259782060536188
13.726868573332474	0.022603595250102627
13.732628298407928	0.022587075339313516
13.738388023483381	0.022548342110688544
13.744147748558834	0.022487080697384657
13.749907473634288	0.022403630324148768
13.755667198709741	0.022298221206947536
13.761426923785194	0.022170568595460155
13.767186648860648	0.022021258285392958
13.7729463739361	0.021850426925156673
13.778706099011554	0.02165838553620408
13.784955981067018	0.021426029712320233
13.791205863122482	0.02116953084028349
13.797455745177945	0.020889961536514137
13.803705627233409	0.020587142994779754
13.809955509288873	0.02026213197522996
13.816205391344337	0.019915555903368277
13.828705155455264	0.019161162692758724
13.834955037510728	0.018755059140219982
13.841204919566191	0.01833101208652833
13.853704683677119	0.01743285799276765
13.878704211898974	0.01546721614344023
13.884954093954438	0.014947332877598682
13.891203976009901	0.014418531981855685
13.903703740120829	0.013339284896316118
13.928703268342684	0.011130682938364368
13.978702324786392	0.006812897247541201
13.984952206841854	0.006308212117419384
13.991202088897317	0.005815557611482974
14.003701853008245	0.004871170437676785
14.009951735063709	0.0044216700391226695
14.016201617119172	0.003988751598667361
14.0287013812301	0.003177070043868288
14.034951263285564	0.0028002103122148
14.041201145341027	0.0024439843805955756
14.047451027396491	0.002109170091491766
14.053700909451955	0.0017966431604104112
14.059950791507418	0.0015070957400608771
14.066200673562882	0.001241324966291004
14.072450555618346	0.0009998813848060041
14.07870043767381	0.0007836401876241197
14.084950319729273	0.000592677507354037
14.091200201784737	0.0004277392252972981
14.0974500838402	0.00028928371385423743
14.103699965895665	0.00017752214033285238
14.109949847951128	0.00009275690316600665
14.116199730006592	0.000035216178545901394
14.122449612062056	5.04308526967992e-6
14.12869949411752	2.315921509243174e-6
14.134949376172983	0.000027052109453532674
14.141199258228447	0.0000792073573124899
14.14744914028391	0.00015861250411310784
14.153699022339374	0.00026512585822308435
14.159948904394838	0.0003985733127353716
14.166198786450302	0.0005584554798297309
14.172448668505766	0.0007446319631485877
14.17869855056123	0.0009560601849882729
14.184529788576295	0.0011767472116081222
14.190361026591361	0.00141862293575315
14.196192264606427	0.0016813710346724811
14.202023502621493	0.0019646147041254246
14.20785474063656	0.002267852638573379
14.213685978651625	0.0025902802592574076
14.225348454681756	0.003289741815007883
14.23117969269682	0.003665928622639713
14.237010930711886	0.004058440310602991
14.248673406742018	0.00488868679442922
14.271998358802282	0.006708033084028675
14.277829596817348	0.007189541912962297
14.283660834832414	0.0076818428925539
14.295323310862546	0.00868781847918633
14.318648262922808	0.01076446499525277
14.365298167043335	0.014931961054747254
14.3711294050584	0.015434396727363018
14.376960643073467	0.015927694547707212
14.388623119103599	0.016890890743410488
14.394454357118665	0.01735576220795909
14.400285595133731	0.017809927524063084
14.411948071163861	0.018679855568121313
14.417779309178925	0.01909382743294608
14.423610547193991	0.019492886559453963
14.435273023224124	0.02024456029616689
14.44110426123919	0.020594773045184953
14.446935499254256	0.02092691727690243
14.458597975284388	0.021535737667287252
14.464429213299454	0.021811221968133288
14.47026045131452	0.02206653460873762
14.476091689329586	0.022300981947506716
14.481922927344652	0.022515154542717884
14.487754165359718	0.02270775343314541
14.493585403374784	0.022878614159604776
14.49941664138985	0.023027714972388806
14.505247879404916	0.023154478293983555
14.511079117419982	0.023259109659480172
14.516910355435048	0.02334105380123299
14.522741593450114	0.023400417106095344
14.52857283146518	0.023437432026678442
14.534404069480246	0.0234518327386481
14.540235307495312	0.023443498635249936
14.546066545510378	0.023412805758934577
14.551897783525442	0.02335970757304694
14.558219178520517	0.023277217832567178
14.564540573515593	0.02316902407644994
14.57086196851067	0.02303543614067314
14.577183363505746	0.022877019324757192
14.583504758500823	0.022694232351744656
14.589826153495899	0.022487590470430464
14.596147548490976	0.022257663519548946
14.602468943486052	0.022005178859802146
14.608790338481128	0.021730770118445708
14.615111733476205	0.021435357887204524
14.627754523466356	0.020784250044867184
14.63407591846143	0.020430572796524396
14.640397313456507	0.02005926781462139
14.65304010344666	0.019267938555292415
14.659361498441736	0.018850157745459888
14.665682893436813	0.01841898205808405
14.678325683426966	0.01752072065610706
14.70361126340727	0.01561495414404826
14.75418242336788	0.011641303716293872
14.760503818362956	0.011153830394558865
14.766825213358032	0.010672045756190927
14.779468003348185	0.009731596716298349
14.785789398343262	0.009275092389655053
14.792110793338338	0.008829182344274291
14.80475358332849	0.007973570210386149
14.811074978323564	0.007565586342306977
14.81739637331864	0.007172373401864546
14.830039163308793	0.006433486240184928
14.83636055830387	0.006089402081337271
14.842681953298946	0.0057634901833382955
14.8553247432891	0.005168624802017827
14.861646138284176	0.004900977864306724
14.867967533279252	0.004653414734439625
14.874288928274328	0.004427197630170214
14.880610323269403	0.0042227617802616645
14.886931718264478	0.0040401616510026255
14.893253113259554	0.003879830372372198
14.89957450825463	0.003741979424426254
14.905895903249707	0.0036271900256412207
14.912217298244784	0.0035351451197409463
14.91853869323986	0.0034660549782638064
14.924860088234936	0.0034201150646682513
14.931181483230013	0.003397147291665948
14.93750287822509	0.003397212250869152
14.943824273220166	0.0034200317903745163
14.950145668215242	0.0034654437460790635
14.956467063210317	0.003533202244598209
14.962369814164994	0.0036163620567296034
14.968272565119673	0.003718391891911879
14.974175316074351	0.003838894538437115
14.98007806702903	0.003977545771675771
14.985980817983709	0.0041339482273002395
14.991883568938388	0.004307677186309377
14.997786319893066	0.004497736294444709
15.003689070847745	0.0047040963607822995
15.009591821802424	0.004926359382365474
15.015494572757103	0.005163435865420975
15.027300074666458	0.0056797906689951706
15.033202825621135	0.005957856847489815
15.039105576575814	0.006247985225165941
15.050911078485171	0.0068611464220741224
15.05681382943985	0.007182525601022569
15.062716580394529	0.007514350016648871
15.074522082303885	0.00819952255661248
15.098133086122598	0.009639009326038226
15.145355093760024	0.012586768504474192
15.151257844714703	0.012943743182595068
15.157160595669382	0.01329540767364405
15.168966097578737	0.013977721118916068
15.174868848533414	0.014307181446975202
15.180771599488093	0.014627392617150058
15.19257710139745	0.015237734897444085
15.19847985235213	0.015525969939756875
15.204382603306808	0.01580274271097456
15.210285354261487	0.016066823564844686
15.216188105216164	0.016317712788803375
15.22209085617084	0.016553664934823638
15.22799360712552	0.016775461415329925
15.233896358080198	0.016981956883303125
15.239799109034877	0.01717232207793498
15.245701859989556	0.01734658220875896
15.251604610944234	0.01750386717575823
15.257507361898913	0.017644689633796444
15.26341011285359	0.017767583512004855
15.269312863808267	0.017872839843515523
15.275215614762946	0.017960248208465878
15.281118365717624	0.018028787198318012
15.287021116672303	0.018078624662154832
15.292923867626982	0.018109872768689687
15.29882661858166	0.018121891560910784
15.30472936953634	0.01811557597813143
15.310632120491016	0.018090053514947493
15.316534871445693	0.01804539809615313
15.322437622400372	0.017981807459364126
15.32834037335505	0.017899265175143036
15.33424312430973	0.017798153029368984
15.34003016489748	0.017680720468025067
15.345817205485229	0.017545675496749964
15.351604246072979	0.017393519411489068
15.357391286660729	0.01722422856820954
15.363178327248479	0.01703824894105763
15.368965367836228	0.01683571209651234
15.380539449011728	0.016382996790936674
15.386326489599478	0.016133716605419346
15.392113530187228	0.015869874016082308
15.403687611362727	0.015300411685788627
15.426835773713728	0.01401163759336488
15.432622814301478	0.013661994136334303
15.43840985488923	0.013302686958828915
15.44998393606473	0.012558420640672096
15.473132098415729	0.010988830898019095
15.519428423117727	0.007709810590792572
15.525215463705477	0.0073034426935567175
15.531002504293227	0.0069006474048554055
15.542576585468726	0.006109365830441867
15.548363626056476	0.005722316718626181
15.554150666644226	0.005342263178523023
15.565724747819726	0.0046061432992424624
15.571511788407475	0.004251493761763914
15.577298828995225	0.003906849011906665
15.588872910170725	0.0032504269471296723
15.594659950758475	0.002939771989592853
15.600446991346224	0.0026419234804531035
15.612021072521724	0.002086857027562927
15.617808113109474	0.0018306574472090487
15.623595153697224	0.001589556674162029
15.629382194284974	0.001363947351278958
15.635169234872723	0.0011544219422714407
15.640956275460473	0.0009611908359842408
15.646743316048223	0.0007845699499859429
15.652530356635973	0.000625247827934973
15.658317397223723	0.0004835022563214747
15.664104437811472	0.0003594740577936295
15.669891478399222	0.0002534968433003191
15.675678518986972	0.00016581682861816632
15.681465559574722	0.00009653594308022678
15.687252600162472	0.00004582904295236459
15.693039640750222	0.000013748648596063201
15.698826681337973	4.414358955231318e-7
15.704613721925723	5.905794781666321e-6
15.710890919493483	0.00003300480548575069
15.717168117061242	0.0000821196434391859
15.723445314629002	0.000153001256682982
15.729722512196762	0.00024556185136248923
15.735999709764522	0.00035952346444577225
15.742276907332283	0.0004948392217077758
15.748554104900043	0.0006508965453307144
15.754831302467803	0.0008274536887340391
15.761108500035563	0.0010238423934935577
15.767385697603324	0.0012397136911287427
15.773662895171084	0.001474602984074808
15.779940092738844	0.0017277707098645664
15.786217290306604	0.001998636325575209
15.792494487874364	0.002287279009707448
15.805048883009885	0.0029124843899530194
15.811326080577645	0.0032475039060680146
15.817603278145405	0.003596904493994321
15.830157673280926	0.004333313447998513
15.855266463551967	0.005937381258904747
15.905484044094049	0.00943818846970584
15.911761241661809	0.009882951703327125
15.91803843922957	0.010325643134625926
15.93059283436509	0.011200307498203808
15.95570162463613	0.012883226562257525
15.961978822203891	0.013283321999616939
15.968256019771651	0.013673203043900236
15.980810414907172	0.01441914383621686
15.987087612474932	0.014774592189575858
15.993364810042692	0.015115868451430174
16.005919205178213	0.015755215348545112
16.01219640274597	0.016051738040770577
16.018473600313733	0.016331433214104903
16.024750797881495	0.01659403223469235
16.031027995449254	0.01683899695729996
16.037305193017012	0.017066667516909106
16.043582390584774	0.017275373502907684
16.049859588152536	0.017464894205146277
16.056136785720295	0.01763487822340276
16.062413983288053	0.01778518007519886
16.068691180855815	0.01791490984306801
16.074968378423577	0.018024353903596427
16.081245575991336	0.01811331343139077
16.087522773559094	0.01818167385765176
16.093799971126856	0.018229109203236754
16.100077168694618	0.01825582582931041
16.106354366262376	0.018261413496240605
16.11221291978974	0.018247857726173912
16.1180714733171	0.01821617787034797
16.123930026844462	0.018166567761507484
16.129788580371823	0.018099108024971763
16.135647133899184	0.018014280862966494
16.141505687426548	0.01791203600183651
16.147364240953912	0.017792730436862605
16.153222794481273	0.017656677835424458
16.159081348008634	0.017504179267537504
16.164939901536	0.01733564070282788
16.170798455063363	0.017151447786185853
16.176657008590723	0.016952075059897792
16.182515562118084	0.016737946547650186
16.18837411564545	0.016509687963977112
16.200091222700173	0.016012731668193454
16.205949776227534	0.015745173764684234
16.2118083297549	0.015465720942672458
16.223525436809624	0.014873797458622955
16.246959650919074	0.013576310177990408
16.293828079137974	0.010695847460152034
16.299686632665335	0.01032430498059478
16.3055451861927	0.009952775150331864
16.317262293247424	0.009215392668785167
16.340696507356874	0.007773059877172783
16.346555060884235	0.007424562007866545
16.3524136144116	0.007082008523614536
16.364130721466324	0.00641928293599239
16.38756493557577	0.005198236767735717
16.393423489103135	0.00491909122223857
16.399282042630496	0.004651577274824329
16.410999149685217	0.004152679598350995
16.416857703212578	0.003922606962826361
16.422716256739943	0.003705734641186533
16.434433363794668	0.0033143451296916513
16.44029191732203	0.0031405504578129514
16.446150470849393	0.0029812596483082057
16.452009024376757	0.002837260300644885
16.457867577904118	0.00270877464635254
16.46372613143148	0.00259587612066655
16.469584684958843	0.0024988206088397778
16.475443238486207	0.0024178891915867026
16.481301792013568	0.002352999596501105
16.487650502520943	0.002300984123075946
16.493999213028314	0.00226775568851615
16.500347923535685	0.0022535197858783718
16.50669663404306	0.0022585229236343016
16.513045344550434	0.0022821531063506005
16.519394055057806	0.00232413499621123
16.525742765565177	0.0023849935647548056
16.53209147607255	0.002464007479201882
16.538440186579926	0.0025609302272774515
16.544788897087297	0.0026754421278726275
16.55113760759467	0.0028070732993424174
16.557486318102043	0.0029555020434337397
16.563835028609414	0.0031200054078513745
16.570183739116786	0.003300225710299389
16.58288116013153	0.0037060108726587222
16.589229870638903	0.003929958520633188
16.595578581146277	0.004167094485350482
16.60827600216102	0.004677687689613153
16.63367084419051	0.005827411317234063
16.640019554697886	0.006135502017318443
16.646368265205258	0.0064500491601674394
16.659065686220003	0.007096041072135309
16.684460528249495	0.008432670407233302
16.69080923875687	0.008765486640231983
16.69715794926424	0.009100836516625473
16.709855370278987	0.009765039432595995
16.73525021230848	0.011045584735704031
16.741598922815854	0.011349588048807098
16.747947633323225	0.01164567170255433
16.76064505433797	0.012210555145915099
16.766993764845342	0.012477654971958397
16.773342475352713	0.012735184705550991
16.78603989636746	0.013208093445659229
16.79238860687483	0.013425004801390805
16.798737317382205	0.013628888160687917
16.805086027889576	0.013818410059249006
16.811434738396947	0.013994529143166632
16.817783448904322	0.0141536541495885
16.824132159411693	0.014296023815014052
16.830480869919064	0.014422952509523954
16.83682958042644	0.014533143757221763
16.843178290933814	0.014624978279959013
16.849527001441185	0.014700306056936733
16.855875711948556	0.014758193157234081
16.86222442245593	0.014797674250670181
16.868573132963306	0.014821383118181576
16.874921843470677	0.014825003528833036
16.881270553978048	0.014810483641332174
16.887619264485423	0.014777892461640728
16.893852264625867	0.01472827905347486
16.90008526476631	0.014662702915911468
16.906318264906755	0.014578402751317044
16.9125512650472	0.014477092804022151
16.918784265187643	0.014358655458926284
16.925017265328087	0.014223877014842276
16.93125026546853	0.014072712638003429
16.937483265608975	0.013905736801009016
16.94371626574942	0.013723174257556557
16.949949265889863	0.01352535276844148
16.96241526617075	0.013086086144768107
16.968648266311195	0.012845871447086968
16.97488126645164	0.012592530686958425
16.98734726673253	0.012048891255632799
16.993580266872975	0.011759922323527513
16.999813267013423	0.011460008031595498
17.01227926729431	0.010832722436061966
17.037211267856087	0.009485212060804252
17.08707526897964	0.006603546890798069
17.093308269120083	0.0062434804088470925
17.099541269260527	0.005885786210609912
17.112007269541415	0.005182266154733769
17.11824026968186	0.004838203930232996
17.124473269822303	0.00450032198849416
17.13693927010319	0.003846335469555309
17.143172270243635	0.0035319018610597344
17.14940527038408	0.0032264598106331154
17.161871270664967	0.0026472492894447433
17.16810427080541	0.002374534480608422
17.174337270945855	0.0021140632666387486
17.186803271226747	0.001631919538695143
17.19303627136719	0.001411219355363172
17.19926927150764	0.001205252017875213
17.205502271648083	0.0010141510484147397
17.211735271788527	0.0008383925147179361
17.21796827192897	0.0006786202139454252
17.224201272069415	0.0005348186348037723
17.23043427220986	0.0004076402388780969
17.236667272350303	0.00029728317703346836
17.242900272490747	0.0002041098897708534
17.24913327263119	0.00012814305965575153
17.255366272771635	0.00006965705315853474
17.26159927291208	0.000028817136435869972
17.267832273052523	5.72295912468386e-6
17.274065273192967	3.542843555149819e-7
17.28029827333341	0.00001273689867725171
17.286531273473855	0.00004284882138837296
17.2923456295739	0.000086842417457874
17.298159985673948	0.00014605971845801924
17.303974341773994	0.00022034769176242433
17.30978869787404	0.0003095801181755174
17.315603053974087	0.0004134559819073064
17.321417410074133	0.0005319793867888988
17.32723176617418	0.0006646884586558504
17.333046122274226	0.0008114996727214422
17.338860478374272	0.0009716101971164797
17.34467483447432	0.0011455221937290063
17.35630354667441	0.001531344235518134
17.362117902774457	0.0017425109782861934
17.367932258874504	0.001965306335870859
17.379560971074596	0.002444141929530375
17.385375327174643	0.002699119757623869
17.39118968327469	0.002963439602959232
17.40281839547478	0.0035199473881371204
17.426075819874967	0.0047204165137738315
17.47259066867534	0.007337674688435795
17.47840502477539	0.0076714536006786144
17.484219380875437	0.008004208013268819
17.49584809307553	0.008665151713994373
17.519105517475715	0.009947686238119997
17.52491987357576	0.010255666747490996
17.530734229675808	0.01055816832102255
17.5423629418759	0.011141938026858336
17.565620366276086	0.012209852503811375
17.571434722376132	0.012452928136608355
17.57724907847618	0.012685539877267529
17.583063434576225	0.012907466896654729
17.58887779067627	0.01311713336841059
17.594692146776318	0.013315698512044165
17.600506502876364	0.013501531832300639
17.612135215076457	0.013835015415971805
17.617949571176503	0.013982061972855496
17.62376392727655	0.014115631652967638
17.629578283376595	0.014235346785346175
17.635392639476642	0.014341135910592252
17.641206995576688	0.014432598044006976
17.647021351676734	0.014509700903236965
17.65283570777678	0.01457240959380231
17.658650063876827	0.014620616788864943
17.664954576956884	0.01465628025156801
17.67125909003694	0.014674645034826978
17.677563603116997	0.014675912347543594
17.683868116197054	0.014659854880621295
17.69017262927711	0.014626751729571907
17.696477142357168	0.014576729313807392
17.702781655437224	0.014509775496273296
17.70908616851728	0.01442636534704352
17.715390681597338	0.014326592367127447
17.721695194677395	0.014210778668272393
17.72799970775745	0.01407929819090277
17.734304220837508	0.013932475646376313
17.740608733917565	0.013770774968832037
17.74691324699762	0.013594588558448095
17.759522273157735	0.013200809273058993
17.765826786237792	0.012984296442891789
17.77213129931785	0.012753290359383678
17.784740325477962	0.012260901333254921
17.80995837779819	0.011157179204816741
17.816262890878246	0.010860553313712527
17.822567403958303	0.010557077201899603
17.835176430118416	0.00993787420376957
17.860394482438643	0.00864096601095459
17.8666989955187	0.008312389021340908
17.873003508598757	0.007983544254515269
17.88561253475887	0.007328538698503987
17.910830587079097	0.006050748644876794
17.917135100159154	0.005742875229897253
17.92343961323921	0.0054409605328691844
17.936048639399324	0.00485839666526679
17.96126669171955	0.0038005564739545692
17.967571204799608	0.003560964216598378
17.973875717879665	0.003332446178179168
17.98018023095972	0.0031159337558773065
17.986484744039778	0.0029121163399386044
17.992789257119835	0.0027210076469732
17.99909377019989	0.0025433142825726195
18.00539828327995	0.0023791858947881913
18.011702796360005	0.0022293256566305484
18.018007309440062	0.002093714357826958
18.02431182252012	0.001972946110953922
18.030616335600175	0.0018670572106503983
18.036920848680232	0.0017759832521454903
18.04322536176029	0.0017009601174019775
18.049529874840346	0.0016411086481672062
18.055834387920402	0.0015968368465930569
18.06213890100046	0.0015681202146519049
18.068024770040118	0.0015553751012701558
18.073910639079777	0.0015562203742701137
18.079796508119436	0.001570629837955126
18.085682377159095	0.0015984841011790164
18.091568246198754	0.0016396968938655245
18.097454115238413	0.001694075499833525
18.103339984278072	0.001761491651215862
18.10922585331773	0.0018417161207038056
18.11511172235739	0.0019345215242654581
18.12099759139705	0.002039642243288937
18.12688346043671	0.002156753954424255
18.132769329476368	0.0022858222166611793
18.138655198516027	0.002426073897728349
18.144541067555686	0.002576770390522733
18.156312805635004	0.002910614413194964
18.162198674674663	0.0030924650599118775
18.168084543714322	0.0032835604946518443
18.17985628179364	0.003691944786418446
18.203399757952276	0.004597836806465501
18.209285626991935	0.004839610886324421
18.215171496031594	0.005086557181810022
18.226943234110912	0.00559312727151253
18.250486710269545	0.006641139686914713
18.2563725793092	0.006906121790838031
18.26225844834886	0.007170656732287578
18.274030186428178	0.007697269362949849
18.297573662586814	0.00872453668318859
18.303459531626473	0.008972007674217285
18.309345400666132	0.009214307578456437
18.32111713874545	0.009681387298304901
18.32700300778511	0.00990723718468002
18.332888876824768	0.010124650021713404
18.344660614904086	0.010536176767438048
18.350546483943745	0.010729236048118422
18.356432352983404	0.010912810844242777
18.362318222023063	0.011086933445293927
18.368204091062722	0.011251293650488253
18.37408996010238	0.01140542994723066
18.37997582914204	0.011549395466870354
18.3858616981817	0.011682169317224409
18.39174756722136	0.011803725073442354
18.397633436261017	0.011912665188869357
18.403519305300676	0.012010076794017392
18.409405174340336	0.012095209129795146
18.415291043379995	0.012167860853169015
18.421176912419654	0.012228480761272548
18.427062781459313	0.012275838187513034
18.43294865049897	0.012310469600523557
18.43883451953863	0.012332817315484895
18.444604678211363	0.012341482684730037
18.45037483688409	0.012337420128797433
18.45614499555682	0.012320863900664092
18.46191515422955	0.012291543460574192
18.467685312902283	0.012249748933935593
18.473455471575015	0.012195671330773487
18.479225630247747	0.01212932843376373
18.484995788920475	0.012050994738414682
18.490765947593204	0.011960333571691718
18.496536106265935	0.011857678316882532
18.502306264938667	0.01174327058345278
18.5080764236114	0.011617452321371359
18.51384658228413	0.011480253032094052
18.51961674095686	0.011331940739709917
18.53115705830232	0.011004889383197542
18.53692721697505	0.010825910779898397
18.54269737564778	0.010637344106262
18.55423769299324	0.010232713538212156
18.577318327684164	0.009326019787905931
18.583088486356893	0.009081796818934694
18.588858645029624	0.008831557487902795
18.60039896237509	0.008317475667214727
18.62347959706601	0.007235396914104012
18.62924975573874	0.006957919309785644
18.63501991441147	0.006678873416465472
18.64656023175693	0.00611813207381099
18.669640866447853	0.005002693881345899
18.67541102512058	0.0047282673631223945
18.681181183793313	0.0044570952971085985
18.692721501138777	0.003925757316312821
18.715802135829698	0.002923356264491162
18.72157229450243	0.002688147282989534
18.727342453175158	0.0024603178121155147
18.73888277052062	0.002028080076420899
18.74465292919335	0.0018245836302845488
18.75042308786608	0.0016300945929397515
18.76196340521154	0.0012698566551019282
18.76773356388427	0.0011044987149746964
18.773503722557	0.0009498621721547237
18.779273881229727	0.0008059584405124094
18.78504403990246	0.000673097418252098
18.79081419857519	0.0005515769472551786
18.796584357247923	0.0004416811778755539
18.802354515920655	0.00034349181858898004
18.808124674593383	0.0002575681922155626
18.814384990246126	0.00017791659795129283
18.820645305898864	0.00011282672753485691
18.826905621551607	0.00006239257671361836
18.83316593720435	0.00002674373633006731
18.839426252857088	5.9602351716826416e-6
18.84568656850983	8.843928975873355e-8
18.851946884162572	9.115820046204197e-6
18.85820719981531	0.00003297101720474774
18.86446751546805	0.00007169269067679868
18.870727831120792	0.0001250613488299919
18.876988146773535	0.00019295686617041424
18.883248462426273	0.0002752830631218067
18.889508778079012	0.00037178608679134216
18.895769093731754	0.00048214736973948256
18.902029409384497	0.0006061994755117237
18.908289725037235	0.0007433424618987581
18.914550040689974	0.0008935611851252166
18.920810356342717	0.001056628325444977
18.933330987648198	0.0014184018666750873
18.93959130330094	0.001616507008832104
18.945851618953682	0.0018251848917289534
18.958372250259163	0.002273278392494231
18.964632565911906	0.002511014615521448
18.970892881564644	0.002757537633277086
18.98341351287013	0.0032741728601029573
19.00845477548109	0.004381011524566975
19.01471509113383	0.004669585604679338
19.020975406786572	0.0049613151961012455
19.033496038092053	0.005551764895666953
19.058537300703016	0.00673926373940369
19.064797616355754	0.0070341318738762326
19.071057932008497	0.007326069830210713
19.083578563313978	0.007898608658765533
19.108619825924944	0.008985480466448731
19.114880141577686	0.009240522649893723
19.121140457230425	0.009488391452809608
19.13366108853591	0.009956071262946089
19.139921404188648	0.010177259000901474
19.14618171984139	0.010387848549113888
19.15870235114687	0.01077714900963631
19.16496266679961	0.010955132378553287
19.171222982452353	0.011120778601288624
19.177483298105095	0.011273812750413701
19.183743613757834	0.011415805632390235
19.190003929410572	0.011544065819411304
19.196264245063315	0.011659294480597463
19.202524560716057	0.011761462472901814
19.208784876368796	0.011849866105359149
19.21462654798114	0.011919611273897714
19.22046821959348	0.011976811461810935
19.226309891205823	0.012022553857155244
19.232151562818167	0.012055900324782137
19.237993234430512	0.012076726534483141
19.243834906042853	0.012085562087124167
19.249676577655194	0.012081531397697982
19.25551824926754	0.01206554048737819
19.261359920879883	0.012037111682967916
19.267201592492224	0.011996569197172114
19.273043264104565	0.011944221299986941
19.27888493571691	0.011879725735761383
19.284726607329254	0.011803586188619705
19.2905682789416	0.011715503855408309
19.296409950553944	0.011616480270261662
19.302251622166285	0.011506390457720388
19.308093293778626	0.011385336017753187
19.31393496539097	0.011253890238817343
19.32561830861566	0.01096064687711479
19.331459980228004	0.010799518478823307
19.337301651840345	0.010629198886419111
19.34898499506503	0.010262659386391794
19.354826666677376	0.010067181020994413
19.360668338289717	0.00986418710307499
19.372351681514402	0.009437550446429795
19.395718367963774	0.008515212763288819
19.40156003957612	0.008272971706686744
19.40740171118846	0.008027296391945712
19.419085054413145	0.007527826563725398
19.442451740862516	0.0065104706285802685
19.44829341247486	0.0062552408053347
19.454135084087202	0.006001104679026649
19.465818427311888	0.005497612520500514
19.48918511376126	0.004524907087191592
19.495026785373604	0.004291684005304003
19.500868456985945	0.004063913193372081
19.51255180021063	0.003625005238875538
19.518393471822975	0.0034150199913477895
19.524235143435316	0.00321044289691327
19.53591848666	0.002826634135785301
19.541760158272346	0.002646770093297693
19.547601829884687	0.0024781858205926736
19.55344350149703	0.0023156920632378328
19.559285173109373	0.00216218098095423
19.565126844721718	0.0020184034155227666
19.570968516334062	0.001884415832112284
19.576810187946407	0.0017598930281276211
19.582651859558748	0.0016458379412718424
19.58917291819447	0.0015311896982791971
19.59569397683019	0.0014297629893807754
19.60221503546591	0.00134188854034787
19.60873609410163	0.0012677987934818676
19.61525715273735	0.0012076684402390157
19.621778211373073	0.0011611787912751519
19.628299270008796	0.0011290577878183298
19.634820328644516	0.0011110541148169912
19.641341387280235	0.0011071660690088903
19.64786244591596	0.0011173868325812034
19.65438350455168	0.001141599894224356
19.6609045631874	0.001179727941569151
19.66742562182312	0.001231557177853686
19.673946680458844	0.0012969293264434986
19.680467739094567	0.001375624776248606
19.686988797730287	0.0014673268133515638
19.693509856366006	0.001571752711118965
19.70003091500173	0.0016887451246258107
19.706551973637453	0.0018177616225332621
19.713073032273172	0.0019584448378046765
19.719594090908892	0.0021100271086253826
19.72611514954461	0.0022724077491714347
19.739157266816054	0.0026273711420991535
19.745678325451777	0.002818687284457555
19.752199384087497	0.00301899332138439
19.765241501358936	0.0034426753942983874
19.79132573590182	0.00436518197492058
19.79784679453754	0.004608074678022441
19.804367853173265	0.004853348011729994
19.817409970444707	0.0053514240010205435
19.843494204987593	0.00635726738512876
19.850015263623312	0.006605193380750374
19.856536322259036	0.006851788482769006
19.86957843953048	0.007332962787737047
19.89566267407336	0.00823738393902656
19.902183732709084	0.00844730409300578
19.908704791344803	0.008649040200090193
19.921746908616242	0.009027316654311423
19.928267967251962	0.009202997154031433
19.934789025887685	0.00936750469841931
19.947831143159128	0.009667035819704232
19.954352201794848	0.00980041325974198
19.96087326043057	0.009920360018503386
19.967394319066294	0.010029293228734294
19.973915377702014	0.010125560406939392
19.980436436337733	0.010208894166277516
19.986957494973456	0.010279603299979862
19.99347855360918	0.010337019464490036
19.9999996122449	0.010381532872662927