1.000000387755102	4.855662422860332
1.005827640490633	4.823885763402004
1.0116548932261638	4.79059471716938
1.0174821459616947	4.756697778613658
1.0233093986972257	4.723165245278935
1.0291366514327565	4.690966771336507
1.0349639041682874	4.661100243891541
1.0407911569038184	4.634543129420559
1.0466184096393492	4.612267690373635
1.05244566237488	4.5951951435531555
1.0582729151104109	4.584197514066659
1.0641001678459419	4.5800693788939135
1.0699274205814726	4.58352599650936
1.0757546733170034	4.595186142259912
1.0815819260525343	4.615563258470113
1.0874091787880653	4.645060575965747
1.093236431523596	4.683953715338493
1.0990636842591268	4.732413685430657
1.1048909369946578	4.790476736874901
1.1107181897301888	4.85806367511816
1.1165454424657195	4.9349612366072435
1.1223726952012503	5.0208519228187125
1.1281999479367812	5.115281682648698
1.139854453407843	5.327585695626963
1.1456817061433737	5.444118249345559
1.1515089588789047	5.566529064901475
1.1631634643499664	5.8254921131245165
1.1864724752920899	6.373372631466847
1.1922997280276206	6.5107733675595885
1.1981269807631516	6.646352268612459
1.2097814862342133	6.908227405479666
1.215608738969744	7.032728483478246
1.221435991705275	7.151792336624672
1.2330904971763368	7.370548335839365
1.2389177499118675	7.468886221474545
1.2447450026473985	7.559086298249277
1.2505722553829295	7.640650636790419
1.2563995081184602	7.713163682140522
1.262226760853991	7.776283751915306
1.268054013589522	7.8297631240413175
1.273881266325053	7.873432280392096
1.2797085190605837	7.907209289091919
1.2855357717961144	7.931083255876601
1.2913630245316454	7.945123092121151
1.2971902772671764	7.949469419641737
1.3030175300027071	7.944337976529668
1.308844782738238	7.930010351298531
1.3146720354737689	7.906830524586283
1.3204992882092998	7.875198055928095
1.3263265409448306	7.835562928665875
1.3321537936803614	7.788420893456746
1.3379810464158923	7.734306171358253
1.3438082991514233	7.673786481128355
1.349635551886954	7.60745438702479
1.3554628046224848	7.535923819622642
1.3612900573580158	7.45982115288917
1.3729445628290775	7.296438104874292
1.3792619725446187	7.203087234891546
1.3855793822601599	7.107388012957573
1.3982142016912422	6.912011740948457
1.4045316114067834	6.8138014157649
1.4108490211223246	6.716165536215488
1.4234838405534072	6.525172917061267
1.4298012502689486	6.433002224273532
1.4361186599844897	6.343779971365512
1.442436069700031	6.25800706634024
1.448753479415572	6.176155109286348
1.4550708891311133	6.098664773507134
1.4613882988466544	6.025956696981858
1.4677057085621956	5.958432174122206
1.4740231182777368	5.896465203666964
1.480340527993278	5.8404239139056
1.4866579377088192	5.790646687759063
1.4929753474243603	5.7474892877438215
1.4992927571399015	5.711279376405383
1.5056101668554427	5.682364655213755
1.5119275765709839	5.661035837384077
1.518244986286525	5.647593455414778
1.5245623960020662	5.642311886449351
1.5308798057176074	5.645468801126624
1.5371972154331486	5.657317233193842
1.5435146251486898	5.6780398009519
1.549832034864231	5.707801660854086
1.5561494445797721	5.746704237709308
1.5624668542953133	5.7948232236175485
1.5687842640108545	5.852174915575807
1.5751016737263959	5.91869079706478
1.5814190834419373	5.99424316246043
1.5877364931574784	6.078599813875583
1.5940539028730196	6.171499672790942
1.6003713125885608	6.272579189256758
1.606688722304102	6.381436483493447
1.6130061320196432	6.4975370970823185
1.6256409514507255	6.749098718841193
1.6319583611662667	6.883223917006871
1.6382757708818079	7.0219394583300705
1.6509105903128902	7.30994937637735
1.676180229175055	7.904772047475005
1.6824976388905961	8.052471235989945
1.6888150486061373	8.19817687733769
1.7014498680372196	8.48056104617242
1.7077672777527608	8.615897568847933
1.714084687468302	8.7465293782438
1.7267195068993846	8.991783169076752
1.733036916614926	9.105584414089652
1.7393543263304672	9.213047085701314
1.7456717360460083	9.314022900690853
1.7519891457615495	9.40839366171063
1.7583065554770907	9.49614108589722
1.7646239651926319	9.577278780120665
1.7772587846237142	9.720239592997808
1.7831575502988577	9.778626497861678
1.789056315974001	9.832074347612876
1.7949550816491442	9.880894019208396
1.8008538473242877	9.925449113896313
1.8067526129994311	9.966172667237608
1.8126513786745744	10.003521889115554
1.824448910024861	10.070183394544863
1.8303476757000046	10.100569773049289
1.8362464413751478	10.129739028335427
1.8480439727254345	10.186906897765589
1.853942738400578	10.216147739699384
1.8598415040757212	10.24666243458483
1.871639035426008	10.314012426882226
1.8775378011011514	10.35209056047433
1.8834365667762947	10.393917457341853
1.889335332451438	10.440072119719897
1.8952340981265814	10.491118472106784
1.9011328638017249	10.547587084987827
1.907031629476868	10.609978498193428
1.9129303951520114	10.678756816015412
1.9188291608271548	10.754348779764491
1.9247279265022983	10.837139033781801
1.9306266921774415	10.927471239470794
1.9365254578525848	11.025621249978471
1.9424242235277283	11.131824315846945
1.9483229892028717	11.246254766920263
1.9542217548780152	11.36904242406412
1.966019286228302	11.639910208165034
1.9719180519034452	11.78793969889188
1.9778168175785886	11.944208008820144
1.9896143489288756	12.28078881353856
2.013209411629449	13.041774899482018
2.0191081773045925	13.247927797156873
2.0250069429797355	13.459476780351817
2.0368044743300224	13.896366441219381
2.060399537030596	14.80740668723072
2.0662983027057393	15.038997390609207
2.0721970683808824	15.270691553825007
2.0839945997311693	15.731644721283907
2.1075896624317427	16.625026624382624
2.113488428106886	16.83868426858011
2.119387193782029	17.047333841056822
2.131184725132316	17.447554292585814
2.1370834908074596	17.638210037337394
2.142982256482603	17.82203529425794
2.1547797878328896	18.167901696858927
2.160562843141104	18.326321750745528
2.166345898449319	18.477192338940654
2.172128953757534	18.62036321495679
2.177912009065749	18.7557640924284
2.183695064373964	18.883330459748166
2.189478119682179	19.00310836051733
2.201044230298609	19.21959836671887
2.206827285606824	19.316544476757375
2.212610340915039	19.406168000942046
2.218393396223254	19.48871962636768
2.2241764515314686	19.56445976145846
2.229959506839683	19.633699981030936
2.235742562147898	19.696757017238394
2.241525617456113	19.75397145538163
2.247308672764328	19.805732395225274
2.253091728072543	19.852443215702753
2.258874783380758	19.894558563483496
2.264657838688973	19.932517845685986
2.270440893997188	19.966770019922173
2.276223949305403	19.99775860540392
2.282007004613618	20.025992186210793
2.2935731152300476	20.076160087197437
2.299356170538262	20.099066997652745
2.305139225846477	20.121165310450632
2.316705336462907	20.16488678859631
2.322488391771122	20.18746820755142
2.328271447079337	20.211149618447003
2.339837557695767	20.263562594655696
2.345620613003982	20.293155588235148
2.351403668312197	20.32556101063381
2.357186723620412	20.361167854551226
2.362969778928627	20.40033957498786
2.368752834236842	20.443424189399906
2.374535889545057	20.490764913984385
2.380318944853272	20.54267916107846
2.3861020001614865	20.599468224113913
2.391885055469701	20.66139887018144
2.397668110777916	20.72872752193617
2.403451166086131	20.801693641289358
2.409234221394346	20.880511383973264
2.415017276702561	20.965389894703833
2.420800332010776	21.056508505567066
2.432366442627206	21.258038506982505
2.438149497935421	21.368708424987158
2.443932553243636	21.486125428738095
2.455498663860066	21.74149712748868
2.461281719168281	21.879532101505212
2.467064774476496	22.024507478080338
2.4786308850929255	22.33520645079757
2.48441394040114	22.50085924253085
2.490196995709355	22.67329281726902
2.501763106325785	23.038122491356816
2.524895327558645	23.843379746764057
2.5311685398468704	24.077886109950494
2.5374417521350954	24.318644383516826
2.5499881767115458	24.81748653548307
2.575081025864447	25.87239151817567
2.625266724170249	28.09263416222665
2.6315399364584744	28.369085448063387
2.6378131487466994	28.64325521887954
2.6503595733231498	29.18239481111311
2.675452422476051	30.2080636125575
2.681725634764276	30.450395569660927
2.6879988470525014	30.686132064945234
2.700545271628952	31.136083647738474
2.7068184839171776	31.349491258074618
2.7130916962054026	31.554684665158575
2.725638120781853	31.939235573453487
2.7319113330700784	32.11804325736184
2.7381845453583034	32.287603715495855
2.7444577576465283	32.44764829764271
2.7507309699347537	32.59806045029951
2.757004182222979	32.73873622184595
2.7632773945112046	32.86958137476377
2.76955060679943	32.99060055628852
2.775823819087655	33.101722224763954
2.78209703137588	33.202985702334644
2.7883702436641054	33.2944991367433
2.7946434559523308	33.37635214153549
2.800916668240556	33.448728435306826
2.8071898805287816	33.51181136906027
2.8134630928170066	33.5657709698842
2.8197363051052315	33.610939344098995
2.826009517393457	33.647647159203096
2.8322827296816824	33.6762201396015
2.8385559419699073	33.69706567263621
2.8448291542581323	33.710587122738595
2.8511023665463577	33.71725587776607
2.857375578834583	33.717606133412566
2.8636487911228086	33.71215150337351
2.869922003411034	33.70146033222694
2.876195215699259	33.686124313254304
2.882468427987484	33.66675794194256
2.8887416402757093	33.64400548724954
2.8950148525639348	33.61852377699282
2.90128806485216	33.590980995163605
2.9075612771403856	33.56205748715386
2.9138344894286106	33.53243312603047
2.926380914005061	33.47380143309572
2.9322354822528887	33.44793024982086
2.938090050500716	33.4237357512714
2.943944618748543	33.4017344146689
2.949799186996371	33.38241152032197
2.955653755244198	33.36623965332475
2.9615083234920254	33.3536575066498
2.967362891739853	33.34506957434064
2.9732174599876804	33.34085060215082
2.9790720282355077	33.34133794682612
2.9849265964833354	33.34682632886707
2.9907811647311626	33.35756615819868
2.99663573297899	33.37376487004874
3.0024903012268176	33.395579276210306
3.008344869474645	33.423111480051
3.014199437722472	33.45641141843069
3.0200540059703	33.495485143559286
3.0259085742181275	33.54027754632718
3.031763142465955	33.59066970757472
3.037617710713782	33.646522453084884
3.0434722789616098	33.707596704348255
3.049326847209437	33.77361348180655
3.0551814154572643	33.84426025806683
3.0668905519529193	33.997831268324894
3.0727451202007465	34.07991339878869
3.0785996884485742	34.16479372376121
3.0903088249442288	34.34071020968804
3.1137270979355387	34.69923745956968
3.1195816661833664	34.78617881559184
3.1254362344311937	34.87056631860623
3.131290802679021	34.951594259261135
3.1371453709268486	35.02858912347743
3.142999939174676	35.10073299500197
3.148854507422503	35.167286210572186
3.154709075670331	35.227448852277924
3.160563643918158	35.28052318651916
3.1664182121659854	35.32577099667882
3.172272780413813	35.362581356328384
3.1781273486616404	35.390230742427846
3.1839819169094676	35.40810458108338
3.1898364851572953	35.41560018887095
3.1956910534051226	35.41219348962375
3.20154562165295	35.39736839426489
3.2074001899007776	35.3706946082949
3.213254758148605	35.33175829331031
3.219109326396432	35.28021052593951
3.22496389464426	35.21576057887973
3.230818462892087	35.13818615043709
3.2366730311399143	35.04726855723258
3.242527599387742	34.9429187687102
3.2483821676355693	34.82509663491729
3.2542367358833966	34.69376776227141
3.2600913041312243	34.549011397744714
3.2659458723790515	34.39098030178212
3.271800440626879	34.21975616240038
3.2776550088747065	34.03562933969876
3.2835095771225338	33.838926287754134
3.289364145370361	33.62989833260975
3.301073281866016	33.17666814297239
3.3074180070938537	32.912428071948355
3.313762732321692	32.63596718176077
3.326452182777367	32.04918075673877
3.351831083688718	30.76250678626128
3.4025888855114204	27.933292575544954
3.408933610739258	27.57303452105498
3.4152783359670957	27.214130210684743
3.427967786422771	26.50346023431967
3.4533466873341223	25.130088935283332
3.45969141256196	24.80029408476919
3.466036137789798	24.476956711293496
3.4787255882454735	23.851352462104515
3.5041044891568243	22.693531096697612
3.510449214384662	22.424860303138487
3.5167939396124996	22.164758905524288
3.529483390068175	21.670437627340323
3.5358281152960127	21.43618997108576
3.5421728405238504	21.21045805896256
3.554862290979526	20.7840526380895
3.561207016207364	20.583036621514104
3.567551741435202	20.389865854257202
3.5802411918908774	20.02601789965376
3.605620092802228	19.37994989087727
3.611964818030066	19.23341383781176
3.6183095432579035	19.09216906376301
3.6309989937135794	18.82386679668224
3.6563778946249306	18.332931487699895
3.7071356964476325	17.446878088685743
3.713364711308542	17.34010263433675
3.7195937261694514	17.232741866916136
3.73205175589127	17.015303520431466
3.7569678153349066	16.56324114616507
3.763196830195816	16.445538633196772
3.769425845056725	16.32568303908283
3.781883874778544	16.07896750603542
3.806799934222181	15.555341172339023
3.8130289490830904	15.417872436556914
3.8192579639439996	15.277762150403163
3.8317159936658185	14.989690600142518
3.856632053109456	14.383594783357278
3.9064641719967304	13.075241065678508
3.9126931868576396	12.905547218109024
3.9189222017185488	12.735074920266577
3.9313802314403676	12.392566659955524
3.956296290884005	11.706781890925338
4.0061284097712795	10.374641288721925
4.012357424632189	10.215184955916566
4.018586439493099	10.057787454360934
4.031044469214917	9.749641899601329
4.055960528658554	9.162702038579528
4.105792647545829	8.118684072978631
4.11160301836634	8.008486889213426
4.117413389186851	7.900641943566954
4.129034130827874	7.6918188266141
4.15227561410992	7.300285918446851
4.198758580674012	6.606269912231731
4.204568951494523	6.526293758776458
4.210379322315035	6.447531996265881
4.222000063956058	6.293295175516919
4.245241547238104	5.995523651854798
4.291724513802196	5.424739595651589
4.297534884622707	5.354343822594204
4.303345255443219	5.283964798880884
4.314965997084242	5.143083216389098
4.338207480366288	4.859785670571727
4.38469044693038	4.282614461274049
4.477656380058563	3.1041146881808217
4.483956907859085	3.0255805233037254
4.490257435659606	2.947521387006625
4.50285849126065	2.7931072061000703
4.5280606024627374	2.4926803997079787
4.534361130263259	2.41965585955554
4.540661658063781	2.347574341198502
4.553262713664824	2.206424920912303
4.578464824866911	1.9374828201320868
4.584765352667433	1.8732666326405152
4.591065880467955	1.810330264206761
4.603666936068999	1.688422222728171
4.628869047271086	1.4611712878323386
4.6351695750716075	1.4079388639148682
4.641470102872129	1.3561701130490764
4.654071158473172	1.2570737596565396
4.67927326967526	1.0769294403648715
4.685573797475782	1.0356802236867928
4.691874325276304	0.9959594507374252
4.704475380877348	0.9210832998977079
4.71077590867787	0.8859217989810073
4.717076436478392	0.8522787256487341
4.729677492079435	0.7895070962803832
4.735978019879957	0.7603669465466014
4.742278547680478	0.7327057212530441
4.748579075481	0.7065150023116606
4.7548796032815215	0.6817801030597721
4.761180131082043	0.6584866502811311
4.767480658882565	0.6366137771017675
4.780081714483609	0.5970518604899073
4.786382242284131	0.5793163443446012
4.792682770084653	0.5629122265666258
4.798983297885175	0.5478101021017192
4.805283825685697	0.53397537791197
4.811584353486219	0.5213799673091373
4.817884881286741	0.5099877750433217
4.824185409087262	0.4997596888848337
4.830485936887784	0.4906565442231994
4.836786464688306	0.48263968010821046
4.843086992488827	0.47566389408643506
4.849387520289349	0.46968399329651067
4.8556880480898705	0.4646559951978535
4.8619885758903925	0.46052978893743557
4.868289103690914	0.45725922810652087
4.874589631491436	0.45479452279999943
4.880890159291958	0.4530834805099042
4.8867720430520825	0.4521249608390141
4.892653926812207	0.45174045425379816
4.89853581057233	0.4518901688609347
4.904417694332454	0.45253385711672856
4.910299578092578	0.45363138008017145
4.916181461852702	0.45514622866679755
4.922063345612826	0.45703860425437526
4.92794522937295	0.4592741972925056
4.933827113133074	0.46181834307700065
4.939708996893199	0.4646380776289947
4.951472764413446	0.4709822325903126
4.95735464817357	0.47444920045291017
4.963236531933694	0.4780820506726986
4.975000299453942	0.4857515696945791
4.980882183214066	0.48975292649353186
4.986764066974191	0.49384360353105716
4.998527834494438	0.502249433510876
5.022055369534934	0.5197740398984916
5.027937253295058	0.5242943397332995
5.033819137055183	0.528875824835235
5.04558290457543	0.5382505496076666
5.069110439615926	0.558131317164615
5.07499232337605	0.5634120290975
5.0808742071361745	0.5688465037016628
5.092637974656422	0.5802401676206901
5.098519858416546	0.5862316901161808
5.10440174217667	0.5924411337578421
5.116165509696918	0.6055753986982535
5.122047393457042	0.6125301525244984
5.1279292772171665	0.6197614192956835
5.139693044737414	0.6351022350447355
5.16322057977791	0.6695603660661011
5.169102463538034	0.6789967921203659
5.1749843472981585	0.6887670462579534
5.186748114818406	0.7093000151912761
5.210275649858902	0.7541816799242596
5.216157533619025	0.7661321872059905
5.22203941737915	0.7783467557729238
5.233803184899397	0.8034902431008879
5.257330719939893	0.8559617247298048
5.263096893333088	0.8691073983019653
5.268863066726285	0.8823095092099744
5.280395413512675	0.9087381612615952
5.303460107085458	0.9607464086317257
5.309226280478653	0.9733568765017346
5.314992453871849	0.9857333853972103
5.32652480065824	1.0096287049554378
5.3322909740514355	1.0210700228619158
5.338057147444632	1.03212147572959
5.349589494231022	1.0529005727676268
5.3553556676242176	1.0625525265521474
5.361121841017413	1.0716638292133633
5.366888014410609	1.0801978433177126
5.372654187803804	1.088120542689333
5.378420361197	1.095400443796045
5.384186534590196	1.1020015511108294
5.389952707983391	1.1078973168629083
5.395718881376586	1.1130571751893559
5.401485054769782	1.1174529708556156
5.407251228162977	1.121065436718129
5.413017401556173	1.1238679995252912
5.4187835749493685	1.125840663305218
5.424549748342564	1.1269627654408212
5.43031592173576	1.12722514789029
5.436082095128955	1.1266072112939618
5.4418482685221505	1.1251018313682053
5.447614441915346	1.1227004768086197
5.453380615308541	1.1193980965163868
5.459146788701737	1.1151895311148072
5.464912962094933	1.1100753982758058
5.470679135488128	1.1040573587625402
5.476445308881324	1.0971401648929366
5.482211482274519	1.0893318359896886
5.487977655667715	1.08064235771795
5.49374382906091	1.0710823686961994
5.499510002454105	1.060667665415063
5.5052761758473014	1.0494155663984355
5.511042349240497	1.0373449193798758
5.516808522633692	1.0244780946110006
5.522574696026888	1.01083886339863
5.534107042813279	0.9813468837967325
5.539873216206474	0.965549571130035
5.545639389599669	0.9490988786213341
5.557171736386061	0.9143495583148598
5.580236429958843	0.8384813125400141
5.626365817104407	0.6699875531114139
5.632622147477613	0.6462830367547778
5.6388784778508185	0.622537177114165
5.65139113859723	0.5751087387602021
5.676416460090054	0.48186321919213704
5.6826727904632595	0.4591481667266404
5.688929120836466	0.4367548753089632
5.7014417815828775	0.39308440384931487
5.7264671030757	0.3111686006990637
5.732723433448906	0.2919912687577999
5.738979763822112	0.27338530138093153
5.751492424568524	0.23796153062372882
5.75774875494173	0.22118319541730225
5.7640050853149365	0.20504962052848752
5.776517746061348	0.17474795674541355
5.782774076434554	0.16059457133660793
5.789030406807759	0.14711405185071147
5.801543067554171	0.12218365228990713
5.8077993979273765	0.11073049407657765
5.814055728300582	0.09994609219413242
5.826568389046995	0.0803505914960918
5.8328247194202	0.07152325964259587
5.839081049793407	0.0633248716822119
5.845337380166613	0.055744607466986285
5.851593710539818	0.048763470034469236
5.857850040913024	0.042364814686882024
5.86410637128623	0.036527265644475726
5.8703627016594355	0.03123342034939469
5.876619032032641	0.026459245259180086
5.882875362405847	0.022184467232617244
5.889131692779053	0.018384010135289675
5.895388023152259	0.015033215607657358
5.901644353525465	0.012106877506616431
5.907900683898671	0.009579198153837343
5.914157014271877	0.007424811401264719
5.920413344645083	0.005617172739063481
5.926669675018289	0.004130413790494281
5.9329260053914945	0.002938424887184432
5.9391823357647	0.0020155953086073986
5.945438666137906	0.00133668126572406
5.951694996511112	0.0008771584318298942
5.957951326884317	0.0006132713029205483
5.964207657257523	0.0005222398036948128
5.97046398763073	0.0005822521475651321
5.976720318003935	0.0007727629795724056
5.982976648377141	0.0010744485631049017
5.989232978750348	0.001469525822303197
5.9954893091235535	0.0019417099687171202
6.001745639496759	0.0024760926205074085
6.008001969869965	0.0030601717542011464
6.014258300243171	0.003682237101787722
6.026770960989582	0.005004291969033181
6.03260864732239	0.00564451431776658
6.038446333655198	0.0062946105062666735
6.050121706320814	0.007618983278158131
6.055959392653622	0.008293519262435822
6.06179707898643	0.008978434805413604
6.073472451652046	0.010395654733676096
6.079310137984854	0.011138160309056788
6.085147824317662	0.011912595060663334
6.09098551065047	0.012727137771535002
6.096823196983278	0.013590304778724027
6.102660883316086	0.014511921261681104
6.108498569648894	0.01550287616787327
6.12017394231451	0.017737549391712903
6.126011628647318	0.019005839026548843
6.131849314980126	0.020391899599181862
6.137687001312934	0.021908057985062568
6.143524687645742	0.023567611685416212
6.14936237397855	0.02538330170088421
6.155200060311358	0.027368412591828983
6.161037746644166	0.029535859667256803
6.166875432976974	0.0318981104471896
6.172713119309782	0.03446800653469695
6.17855080564259	0.037256363328438624
6.184388491975398	0.04027403232029925
6.190226178308206	0.043532116063253135
6.196063864641014	0.04703907752381831
6.2019015509738225	0.05080454905144083
6.213576923639439	0.05913878692930097
6.219414609972247	0.06372037149603726
6.225252296305056	0.0685842097083802
6.236927668970672	0.07916941166709002
6.24276535530348	0.08489299261816963
6.248603041636288	0.09090347011097166
6.260278414301904	0.10377307493398735
6.266116100634712	0.11062378046562182
6.27195378696752	0.11774328441424475
6.283629159633136	0.13275809435338481
6.3069799049643684	0.16556534757668007
6.3128175912971765	0.17426538697679295
6.3186552776299845	0.18313393126769184
6.3303306502956005	0.2012954480710487
6.3536813956268325	0.23872588171509035
6.3595190819596406	0.24818630226982918
6.365356768292449	0.2576386082579889
6.377032140958065	0.2764204743826104
6.400382886289297	0.3127690792585629
6.406710729602115	0.322179310302698
6.4130385729149335	0.3313344946195378
6.42569425954057	0.34876727911258065
6.432022102853389	0.3569812130905716
6.438349946166207	0.3648210001380814
6.451005632791844	0.3792744369608758
6.457333476104663	0.38583457340718685
6.463661319417481	0.3919178536069807
6.4699891627302994	0.39750219914573104
6.476317006043118	0.4025677452374683
6.482644849355936	0.40709594774183433
6.488972692668755	0.4110705915685804
6.495300535981572	0.4144782029893552
6.501628379294391	0.4173062500413989
6.507956222607209	0.41954530171752835
6.514284065920027	0.4211874893378933
6.520611909232845	0.42222697169226664
6.526939752545664	0.4226614333126957
6.533267595858482	0.42249009878279375
6.5395954391713005	0.42171401536204134
6.545923282484119	0.420336991996598
6.552251125796937	0.41836618417214844
6.558578969109756	0.4158091387383114
6.564906812422574	0.41267761901230493
6.571234655735393	0.4089825646550078
6.577562499048211	0.404739818190065
6.5838903423610295	0.39996455752699456
6.590218185673848	0.3946764872030739
6.596546028986666	0.3888953513119069
6.602873872299485	0.3826431637305614
6.609201715612303	0.37594317557597456
6.615529558925122	0.3688199857669181
6.628185245550759	0.3534108923379322
6.6534966188020315	0.3187293164460048
6.65982446211485	0.3094281234619737
6.6661523054276675	0.2999371060656598
6.678807992053304	0.28050874130303194
6.704119365304578	0.2407317917030607
6.7104472086173965	0.23077289196711281
6.716775051930215	0.2208665230510557
6.729430738555852	0.20132049700095123
6.754742111807126	0.16400250986087794
6.761069955119944	0.1551754440351194
6.7673977984327625	0.1465893461052794
6.780053485058399	0.13020960177939989
6.786381328371218	0.12244589588708044
6.792709171684036	0.1149830259532656
6.805364858309672	0.10100196166590925
6.811576991255562	0.0946164758004131
6.817789124201452	0.0885527115745477
6.824001257147342	0.08281515919471549
6.830213390093231	0.07740655115898099
6.8364255230391215	0.07232858657042707
6.842637655985011	0.06757807313888753
6.855061921876791	0.05904856017704718
6.861274054822681	0.05526331162210174
6.867486187768571	0.051788919754414575
6.87369832071446	0.048618327789899496
6.879910453660351	0.04574200332538125
6.886122586606241	0.04315032149937714
6.892334719552131	0.04083169299257561
6.89854685249802	0.038773965886225614
6.904758985443911	0.03696439687532016
6.910971118389801	0.03538948219646665
6.917183251335691	0.03403442929761935
6.92339538428158	0.03288409280969451
6.9296075172274705	0.03192291739211828
6.935819650173361	0.03113503690658903
6.94203178311925	0.030503816040715614
6.94824391606514	0.03001265434968725
6.95445604901103	0.029645301156050352
6.960668181956921	0.029384638214887016
6.96688031490281	0.029214719397464672
6.9730924478487	0.029118353971325006
6.97930458079459	0.029080531249568442
6.9855167137404806	0.029085324906256815
6.99172884668637	0.029117611353421835
6.99794097963226	0.029163198088944298
7.00415311257815	0.02920833558784386
7.01036524552404	0.029239940089946348
7.01657737846993	0.029246027469709612
7.022789511415819	0.029215567615613613
7.02900164436171	0.02913850527654971
7.0352137773076	0.02900621635237921
7.04142591025349	0.028810269630566432
7.047638043199379	0.028544141563865977
7.05385017614527	0.028202317983176184
7.06006230909116	0.02778057614022389
7.06627444203705	0.027275805604717207
7.072486574982939	0.026686405110328715
7.0786987079288295	0.026011855652573024
7.084910840874719	0.025252997748036687
7.0911229738206085	0.02441186855042843
7.097335106766499	0.023491793270782546
7.103547239712388	0.022497276821529577
7.109759372658278	0.0214339967066004
7.115971505604168	0.020308735611929918
7.128395771495947	0.01790500110438875
7.153244303279507	0.012763969151008303
7.159456436225398	0.011476999058012027
7.165668569171287	0.010215184134686583
7.171880702117177	0.008992417424778965
7.178092835063067	0.00782258209337161
7.1843049680089575	0.006720060567624642
7.190517100954847	0.005699359391565295
7.1967292339007365	0.004774946512725808
7.202941366846627	0.003961247083790642
7.208734855752119	0.003314650841995226
7.2145283446576105	0.0027880761037915036
7.220321833563103	0.0023924619608794995
7.226115322468595	0.0021385130980317024
7.231908811374087	0.0020365661732499873
7.2377023002795795	0.0020963290802548107
7.243495789185071	0.0023271334096179874
7.249289278090563	0.002737477588863557
7.255082766996056	0.0033353622707380515
7.260876255901548	0.004128215037626171
7.266669744807039	0.0051221693408367575
7.272463233712532	0.0063230284373628765
7.278256722618024	0.007735776524235738
7.284050211523516	0.009364183743288734
7.289843700429008	0.011211287782129542
7.2956371893345	0.013279237020368706
7.301430678239992	0.01556895591883034
7.307224167145485	0.018080480770019447
7.3130176560509765	0.020813045893002036
7.318811144956468	0.023765644515884254
7.324604633861961	0.026934033270614166
7.330398122767453	0.03031413770808611
7.341985100578437	0.03769157312995519
7.347778589483929	0.04167497160845901
7.353572078389421	0.04584460699489845
7.3651590562004055	0.05470926736283743
7.388333011822374	0.07422976504631862
7.394126500727865	0.07941365164708891
7.399919989633357	0.08468674966280054
7.411506967444342	0.09545783077661796
7.43468092306631	0.11743817407641388
7.4404744119718025	0.12292844366057776
7.446267900877294	0.12838202960318335
7.457854878688279	0.1391142277642632
7.481028834310247	0.15941924170887134
7.486822323215739	0.16415727295728555
7.492615812121231	0.1687290541767804
7.504202789932215	0.1773153879484608
7.509996278837708	0.18130468513062803
7.5157897677431995	0.18507299953637457
7.527376745554184	0.19190056780335407
7.533170234459676	0.19493888533661585
7.538963723365168	0.19771384213152166
7.54475721227066	0.20021757705914778
7.550550701176152	0.20244262325747597
7.556344190081644	0.20438254665712818
7.562137678987137	0.2060315760387752
7.567931167892628	0.20738595917289193
7.57372465679812	0.20844329532156358
7.5800083026836225	0.20925017529906698
7.586291948569125	0.2097028300332785
7.592575594454628	0.2098017831286767
7.59885924034013	0.2095488652527725
7.605142886225632	0.2089459651830452
7.611426532111135	0.2079987422967613
7.617710177996638	0.20671335821367498
7.62399382388214	0.20509656705288692
7.630277469767642	0.2031576433357306
7.636561115653144	0.20090609258428083
7.6428447615386474	0.1983535244253969
7.64912840742415	0.19551245431104625
7.655412053309652	0.19239605855805753
7.661695699195155	0.18901854112574568
7.6742629909661595	0.18154358285946293
7.680546636851662	0.17747935195470987
7.686830282737164	0.17322055081997367
7.699397574508169	0.16419263719990995
7.724532158050179	0.1446318865974381
7.774801325134198	0.10383333465403488
7.7810849710197	0.09893802347787228
7.787368616905203	0.09414457486691807
7.799935908676208	0.08491934656604505
7.80621955456171	0.08051495225216176
7.812503200447212	0.07626566938784929
7.825070492218217	0.06827384146783921
7.831354138103719	0.06454978221099905
7.837637783989221	0.06101797358850625
7.843921429874724	0.05768409142952913
7.850205075760226	0.05455394879455644
7.856488721645729	0.05163087505641051
7.862772367531232	0.048917747491364905
7.869056013416734	0.04641704038883232
7.875339659302236	0.04412805390569796
7.8816233051877385	0.04205107735069946
7.887906951073241	0.04018337019296392
7.894190596958744	0.038522802909884746
7.900474242844246	0.03706528943422782
7.906757888729748	0.035805388538997396
7.913041534615251	0.034736347397565814
7.919325180500754	0.03385250831481268
7.925608826386256	0.03314548116423255
7.931892472271758	0.03260657950276935
7.93817611815726	0.03222631734802728
7.944459764042763	0.031994548114753996
7.950743409928266	0.03190021208440341
7.957027055813768	0.031932234144541494
7.963310701699271	0.03207962631175543
7.969594347584773	0.03232846769411846
7.9758779934702755	0.03266729719364214
7.98174299531538	0.03305328947646957
7.9876079971604845	0.03349574396817523
7.99347299900559	0.03398463511527938
7.9993380008506945	0.03450782873461844
8.005203002695799	0.03505616246602683
8.011068004540904	0.03561897823412663
8.022798008231113	0.03674908011651923
8.028663010076219	0.037294749821498385
8.034528011921322	0.037816303906852644
8.040393013766426	0.0383037393279414
8.046258015611532	0.03874900395824299
8.052123017456637	0.03914375254428576
8.05798801930174	0.03947998037472922
8.063853021146844	0.03975174233118273
8.06971802299195	0.039952738121543985
8.075583024837055	0.04007602970326307
8.081448026682159	0.0401175535607014
8.087313028527262	0.04007286948762484
8.093178030372368	0.03993793406882429
8.099043032217473	0.03971034690597841
8.104908034062577	0.03938770675209868
8.11077303590768	0.038968632538790626
8.116638037752786	0.03845273861736509
8.122503039597891	0.037840068878866484
8.128368041442995	0.03713168979681747
8.134233043288098	0.03632923067969496
8.140098045133204	0.035435197696550624
8.14596304697831	0.034452806350078746
8.151828048823413	0.03338604184949234
8.163558052513622	0.031018128933563427
8.169423054358727	0.02972859700146402
8.175288056203831	0.02837684425884307
8.18701805989404	0.025516284699846403
8.210478067274458	0.019396450273876986
8.216343069119564	0.017835567311719314
8.222208070964667	0.016282170501552895
8.233938074654876	0.013235624477300034
8.239803076499982	0.011763042564403692
8.245668078345087	0.010337793642614612
8.257398082035296	0.007669230419429629
8.2632630838804	0.006445885171887877
8.269128085725505	0.005309355676084704
8.27499308757061	0.0042690825226303075
8.280858089415716	0.0033339300669950056
8.286723091260821	0.0025125207238759217
8.292588093105925	0.0018131013138197316
8.298453094951029	0.0012433757741265317
8.304318096796134	0.0008105555218627658
8.31018309864124	0.0005212877979278718
8.316048100486343	0.0003816161494228365
8.321913102331447	0.00039692633269655664
8.327778104176552	0.0005718908697127101
8.333643106021658	0.0009106708222578752
8.339508107866761	0.0014165037443806816
8.345373109711865	0.0020919795508138606
8.35123811155697	0.0029389083081171608
8.357593270382086	0.004051315443684977
8.3639484292072	0.005366476544745924
8.370303588032314	0.006882879594108493
8.37665874685743	0.008599389312824113
8.383013905682546	0.01051371142978963
8.38936906450766	0.012619731108591381
8.40207938215789	0.017388271402836164
8.408434540983006	0.02003699546317933
8.41478969980812	0.02285048203900658
8.42750001745835	0.028936242845583215
8.45292065275881	0.0426329309113197
8.459275811583925	0.04629913455693646
8.46563097040904	0.050034914254257434
8.47834128805927	0.05765225488183945
8.503761923359729	0.07304611282647411
8.510117082184845	0.0768345838740675
8.516472241009959	0.08056588241531809
8.529182558660189	0.08779980633309731
8.535537717485305	0.09127253632386412
8.541892876310419	0.09462852266682975
8.554603193960649	0.10093517324306733
8.560958352785764	0.10385987934526286
8.567313511610879	0.10661667001880332
8.573668670435993	0.10919339326495897
8.580023829261108	0.11157954521403574
8.586378988086224	0.11376600456388547
8.592734146911338	0.11574454581273053
8.599089305736452	0.1175072119332819
8.605444464561568	0.1190475039981666
8.611799623386684	0.12036001707046318
8.618154782211798	0.12144031805378014
8.624509941036912	0.12228523346638415
8.630865099862028	0.12289195503918615
8.637220258687144	0.12326119674310498
8.643575417512258	0.12339070349019765
8.649930576337372	0.1232828329062709
8.656285735162488	0.12294037308588979
8.662640893987604	0.12236591734050534
8.668996052812718	0.12156421493219571
8.675351211637832	0.12054038379348986
8.681706370462948	0.11930177795101948
8.688061529288063	0.11785495134248364
8.694416688113177	0.11620864302105827
8.700771846938292	0.1143712765465163
8.707127005763407	0.11235394522266329
8.713482164588523	0.11016689093807164
8.719837323413637	0.10782156392968134
8.732547641063867	0.10270457622441598
8.738902799888983	0.09995870163439313
8.745257958714097	0.09710575556245066
8.757968276364327	0.09113389485535611
8.764207724822514	0.08810000884159774
8.7704471732807	0.08501701818942803
8.782926070197073	0.07875797690547559
8.807883864029819	0.06624142589368637
8.814123312488006	0.06318797111023472
8.820362760946193	0.06018881966091355
8.832841657862565	0.05439964434419409
8.839081106320752	0.05163018365914701
8.845320554778937	0.048958048114719765
8.85779945169531	0.043939182280021194
8.864038900153497	0.04160727912452333
8.870278348611684	0.039404247061466724
8.87651779706987	0.037334740493475904
8.882757245528056	0.03540451783690929
8.888996693986243	0.03361738493317712
8.895236142444428	0.03197655393431692
8.901475590902615	0.03048552840191404
8.907715039360802	0.029144772149873377
8.91395448781899	0.02795424963712645
8.920193936277176	0.026915431145550395
8.926433384735361	0.0260271637780074
8.932672833193548	0.02528693782948299
8.938912281651735	0.024692417430837776
8.94515173010992	0.02424014853788059
8.951391178568107	0.02392573594482822
8.957630627026294	0.02374454445054952
8.963870075484481	0.02369063778762026
8.970109523942668	0.02375805855259716
8.976348972400853	0.023939521533074548
8.98258842085904	0.02422765041957803
8.988827869317227	0.02461478436076564
8.995067317775412	0.025091990320239455
9.001306766233599	0.025650589873586815
9.007546214691786	0.026281464751133576
9.013785663149973	0.026974224887440224
9.02002511160816	0.027721023216732477
9.032504008524532	0.02933322909011743
9.057461802357277	0.03275156739180157
9.063701250815464	0.03358677461334397
9.069940699273651	0.03439715092715573
9.076180147731836	0.03517316618386801
9.082419596190023	0.03590418577785692
9.08865904464821	0.03658295107123943
9.094898493106395	0.03720133814317467
9.101137941564582	0.03775184624793754
9.10737739002277	0.03822762999101531
9.113616838480956	0.0386224607712094
9.119856286939143	0.038930942421774806
9.12609573539733	0.039148633463460925
9.132335183855517	0.03927098626019632
9.138574632313704	0.039294680836578944
9.14481408077189	0.03921613809504071
9.151053529230076	0.03903431328337603
9.157292977688263	0.038747459571691956
9.163113782106052	0.03838518560572268
9.16893458652384	0.03793137210462427
9.174755390941629	0.03738719098790916
9.180576195359418	0.03675397655088425
9.186396999777205	0.036033750510888474
9.192217804194994	0.03522915646458835
9.198038608612784	0.03434316761977518
9.203859413030571	0.03337956597357289
9.20968021744836	0.03234239521824395
9.21550102186615	0.031236609536825
9.227142630701726	0.028839258550779956
9.250425848372881	0.023473479947868692
9.25624665279067	0.022052398665961703
9.26206745720846	0.020614121733127266
9.273709066044036	0.01771686774316955
9.279529870461825	0.01627394929528503
9.285350674879613	0.014845646001797275
9.296992283715191	0.01206469665549556
9.302813088132979	0.010728082092930191
9.308633892550768	0.009438090861378146
9.314454696968557	0.008202426682698022
9.320275501386345	0.007028743699630746
9.326096305804134	0.005924244372085191
9.331917110221923	0.004896260662553498
9.33773791463971	0.003951514355965691
9.3435587190575	0.0030965455962110033
9.349379523475289	0.0023374317227093655
9.355200327893076	0.0016798836368108472
9.361021132310865	0.001129185248857495
9.366841936728655	0.0006901712611622202
9.372662741146442	0.0003671868426483593
9.378483545564231	0.0001641110124606382
9.38430434998202	0.00008414253665509075
9.390125154399808	0.00013009520093329452
9.395945958817597	0.00030418303364596055
9.401766763235386	0.0006080078025323954
9.407587567653174	0.0010425359057173456
9.413408372070963	0.0016083211852099821
9.419229176488752	0.0023049222740835484
9.42504998090654	0.0031319642713652784
9.430870785324329	0.004087510254811327
9.436691589742118	0.005169904035625311
9.442512394159907	0.0063773592783834265
9.448333198577696	0.007705675379866245
9.454154002995484	0.00915158892764864
9.459974807413273	0.010710833350252524
9.465795611831062	0.012377871014378289
9.47161641624885	0.014147951348078697
9.483258025084428	0.01797353657899059
9.489078829502215	0.020015608874984547
9.494899633920005	0.02213706784171232
9.506541242755581	0.026579115767432576
9.529824460426736	0.03604100309532607
9.536135421824536	0.03867998045079987
9.542446383222334	0.04133016343836246
9.555068306017933	0.046618611360769974
9.561379267415731	0.04923193026125794
9.56769022881353	0.05181045054899183
9.580312151609128	0.056810716773684405
9.586623113006928	0.059211876253630114
9.592934074404727	0.06153343187822194
9.605555997200325	0.0658946781900526
9.611866958598124	0.06791628070824907
9.618177919995922	0.06982036260403415
9.624488881393722	0.07159773142516096
9.630799842791522	0.07324149972464752
9.63711080418932	0.07474401036513803
9.643421765587119	0.07609986915216188
9.649732726984919	0.07730343582156976
9.656043688382717	0.07835029242949088
9.662354649780516	0.07923666109070515
9.668665611178316	0.07995932609191783
9.674976572576114	0.08051590924616017
9.681287533973913	0.08090493763954884
9.687598495371713	0.08112614790092629
9.69390945676951	0.08117937942536896
9.70022041816731	0.08106585987315162
9.70653137956511	0.08078736215753021
9.712842340962908	0.08034582183884462
9.719153302360708	0.07974552739557833
9.725464263758507	0.0789906174064734
9.731775225156305	0.07808627139577037
9.738086186554103	0.0770375657249181
9.744397147951902	0.07585096044878845
9.750708109349702	0.07453325815829298
9.7570190707475	0.07309215672846936
9.7633300321453	0.07153476806555686
9.7696409935431	0.06987065848349397
9.782262916338697	0.06625731701131046
9.788573877736496	0.06432731304556377
9.794884839134294	0.062328266962520334
9.807506761929893	0.058163957349820605
9.832750607521088	0.04946339628461091
9.839061568918886	0.047272573882333746
9.845372530316686	0.045095988485287036
9.857994453112283	0.040825624412983624
9.864305414510083	0.03875032724582084
9.870616375907883	0.036727890530901586
9.88323829870348	0.032875139439912465
9.88954926010128	0.031060486124882436
9.895860221499078	0.029330134816653086
9.902171182896877	0.027689918674984187
9.908482144294677	0.026146768119054392
9.914793105692475	0.024705230851966686
9.921104067090274	0.02337024316823047
9.927415028488074	0.022146049050520422
9.933725989885872	0.021035468333122642
9.939618307243272	0.02010430148078063
9.945510624600674	0.019276058425656245
9.951402941958076	0.018552107901741915
9.957295259315476	0.017932984113237127
9.963187576672876	0.017417227200830276
9.969079894030278	0.017006087387166746
9.97497221138768	0.016697167571820215
9.98086452874508	0.01648944815359757
9.98675684610248	0.016381066634348906
9.992649163459882	0.016368660956910752
9.998541480817284	0.016449346193523617
10.004433798174684	0.01661946238244788
10.010326115532086	0.016874984604375642
10.016218432889488	0.01721206124941585
10.022110750246888	0.01762514587811448
10.02800306760429	0.01810912963099895
10.033895384961692	0.01865863781862309
10.039787702319092	0.019267849886560467
10.051572337033896	0.020641029031940317
10.057464654391296	0.021392000994996885
10.063356971748698	0.022178642097094664
10.0751416064635	0.02382681687215904
10.0810339238209	0.0246751864193277
10.086926241178302	0.025530306451543888
10.098710875893104	0.027232454954879498
10.104603193250504	0.028066911167443864
10.110495510607906	0.028880439761364035
10.122280145322708	0.030426809400468907
10.128172462680109	0.031144426217802307
10.13406478003751	0.031816679664851466
10.139957097394912	0.03243942311959136
10.145849414752313	0.03300645850498199
10.151741732109715	0.03351482164336386
10.157634049467116	0.033958775958989024
10.163526366824517	0.034334942904775956
10.169418684181919	0.034639878945516095
10.17531100153932	0.03487026274202329
10.18120331889672	0.035022937735364634
10.187095636254123	0.03509635831236685
10.192987953611524	0.03508821153689373
10.198880270968925	0.03499778208457183
10.204772588326326	0.03482439811291102
10.210664905683728	0.034567728220879695
10.216557223041129	0.03422817220671093
10.222449540398529	0.033806355042928504
10.22834185775593	0.03330336058585892
10.234234175113333	0.03272116079574222
10.240126492470733	0.032061934076285575
10.246018809828133	0.03132837471128899
10.251911127185535	0.030523601001287565
10.263695761900337	0.028715722974959695
10.269588079257737	0.027720904686477588
10.275480396615139	0.026671416851657276
10.287265031329941	0.024430058500073737
10.310834300759547	0.01953865026601445
10.316610907750018	0.018292186833369556
10.322387514740491	0.017039203546868054
10.333940728721437	0.014540459182820265
10.33971733571191	0.01330724866929256
10.345493942702383	0.012093617945364787
10.357047156683329	0.009750799888871509
10.362823763673802	0.008633959111063821
10.368600370664275	0.007561682672852649
10.374376977654748	0.0065398890272141685
10.38015358464522	0.005574330964818075
10.38593019163569	0.004670480209729849
10.391706798626164	0.0038335852805625736
10.397483405616637	0.0030686185514968156
10.40326001260711	0.002380133514752747
10.409036619597583	0.0017726822395796316
10.414813226588056	0.0012500578982392596
10.420589833578529	0.0008159587543087321
10.426366440569002	0.0004734534055277073
10.432143047559475	0.00022552841959674885
10.437919654549948	0.0000744788340145408
10.44369626154042	0.000022208618288110937
10.449472868530892	0.00007027322197497576
10.455249475521363	0.0002197198645084164
10.461026082511836	0.0004711490022233644
10.466802689502309	0.0008246738225873296
10.472579296492782	0.001279983877284313
10.478355903483255	0.0018360918300032447
10.484132510473728	0.0024918204386019938
10.489909117464201	0.0032456418227899964
10.495685724454674	0.004096037130858959
10.501462331445147	0.005039392927278036
10.50723893843562	0.006072080731137713
10.513015545426093	0.007191994741388236
10.518792152416566	0.008394821806322506
10.524568759407039	0.009676111044389868
10.530345366397512	0.0110304766763889
10.541898580378456	0.013944483304316468
10.547675187368927	0.015490517887798427
10.5534517943594	0.017089642041124287
10.565005008340346	0.020420319540385007
10.588111436302238	0.027429872336011157
10.593888043292711	0.029213965101054673
10.599664650283184	0.030998051276684174
10.611217864264129	0.03453689653404085
10.6169944712546	0.036277252459067544
10.622771078245073	0.03798803565847378
10.634324292226019	0.041300513409210454
10.640100899216492	0.042886345369219786
10.645877506206965	0.04441908258778009
10.65743072018791	0.04729794283050964
10.663207327178384	0.048633304206606845
10.668983934168857	0.04989161457791168
10.67476054115933	0.05106923886253563
10.680537148149801	0.05216243876630486
10.686803912120283	0.05324645831886492
10.693070676090766	0.054220874543491476
10.69933744006125	0.055081406793307086
10.705604204031733	0.05582466597385183
10.711870968002216	0.05644786308789859
10.7181377319727	0.05694861984211143
10.724404495943183	0.05732536756181761
10.730671259913667	0.05757736322859451
10.73693802388415	0.057704031643785667
10.743204787854634	0.05770572169985956
10.749471551825117	0.057583371955788526
10.755738315795599	0.057338390386442145
10.76200507976608	0.05697345557446251
10.768271843736564	0.05649010849496769
10.774538607707047	0.05589268770019029
10.78080537167753	0.055184696574140726
10.787072135648014	0.05437064129162983
10.793338899618497	0.053455168805520176
10.79960566358898	0.05244406497828666
10.805872427559462	0.05134297860792965
10.812139191529944	0.050157763576149345
10.818405955500427	0.04889541842163021
10.830939483441394	0.046167041991198685
10.837206247411878	0.044715781955890335
10.843473011382361	0.04321662022722335
10.856006539323326	0.04010629392113585
10.881073595205258	0.033663851495274316
10.887340359175742	0.032053699126344926
10.893607123146225	0.030460670803171275
10.90614065108719	0.027352691082086225
10.912407415057672	0.025853178791062942
10.918674179028155	0.024398885412976218
10.931207706969122	0.021652608011037855
10.937474470939605	0.020372829828924008
10.943741234910089	0.019162128047861618
10.950007998880572	0.01802598643143949
10.956274762851054	0.01696863574328726
10.962541526821536	0.015993685982915132
10.968808290792019	0.015105090968761725
10.975075054762502	0.014305573916261805
10.981341818732986	0.013597671040862555
10.98760858270347	0.012983046975956702
10.993875346673953	0.01246266152942642
11.000142110644436	0.012037671144492001
11.006408874614918	0.011708344242738061
11.0126756385854	0.011473472860577497
11.018942402555883	0.011332856731567503
11.025209166526366	0.01128451447515591
11.03147593049685	0.01132661547738735
11.037742694467333	0.011456528797363072
11.044009458437817	0.011671235594668941
11.0502762224083	0.011967104593484143
11.056542986378783	0.012340363671021315
11.062809750349267	0.012786008918695607
11.06907651431975	0.01330015820140966
11.075343278290234	0.01387700809047103
11.081610042260715	0.014511176528645184
11.0874581621908	0.015149305214103626
11.093306282120885	0.015827681197523508
11.105002521981056	0.01728237889046931
11.128395001701396	0.020439417649992145
11.134243121631481	0.021247491062091853
11.140091241561567	0.022052157873942643
11.151787481421737	0.02362829087817936
11.15763560135182	0.024388933746638447
11.163483721281906	0.02512504637435313
11.175179961142078	0.026502220389561182
11.181028081072164	0.02713408799505934
11.18687620100225	0.027721628659530234
11.192724320932335	0.028262825796382063
11.198572440862419	0.028750826863298246
11.204420560792503	0.029183967679635936
11.210268680722589	0.029558890598875467
11.216116800652674	0.02987230063688484
11.22196492058276	0.030121543231935374
11.227813040512846	0.03030503465271664
11.233661160442932	0.03042052908181675
11.239509280373017	0.030466598483035165
11.245357400303101	0.030442487494935194
11.251205520233185	0.030347591575944383
11.25705364016327	0.030181083268168485
11.262901760093357	0.029942578633039674
11.268749880023442	0.029634660988522077
11.274597999953528	0.029257333613158576
11.280446119883614	0.02881173769438182
11.2862942398137	0.028299903641096677
11.292142359743783	0.027723553247369748
11.297990479673867	0.027085268289690725
11.303838599603953	0.02638778293080006
11.315534839464124	0.02482857483898855
11.32138295939421	0.023973871219117204
11.327231079324296	0.023074452979942886
11.338927319184466	0.021158910393055258
11.362319798904807	0.016994891341174587
11.368167918834892	0.01591452231997348
11.374016038764978	0.014829173791868475
11.385712278625148	0.012665322198612244
11.391560398555232	0.011598003187328274
11.397408518485317	0.01054816577568804
11.409104758345489	0.008521180168885215
11.414952878275574	0.007555002605405647
11.420800998205658	0.006627234412086902
11.426649118135742	0.005742840760201193
11.432497238065828	0.004906602850665007
11.438345357995914	0.004123220758243007
11.444193477926	0.003397021125761304
11.450041597856085	0.0027320686828474355
11.45588971778617	0.0021320776909754674
11.462227994696264	0.0015595215305986426
11.46856627160636	0.001071693508074359
11.474904548516456	0.0006718325425232458
11.481242825426552	0.00036358605221982476
11.487581102336648	0.00014935904344950957
11.493919379246742	0.000031309930464060165
11.500257656156837	0.000011068731656765918
11.506595933066933	0.00008960869338461852
11.512934209977029	0.0002676662146859632
11.519272486887125	0.0005450404892166361
11.525610763797221	0.0009209823045668863
11.531949040707316	0.0013948219487119051
11.53828731761741	0.001964300961923224
11.544625594527506	0.002627416010598488
11.550963871437602	0.0033824934367077397
11.557302148347699	0.004225102925183272
11.563640425257795	0.005151604381585476
11.569978702167889	0.006158645547880343
11.58265525598808	0.008391303823309826
11.588993532898176	0.009608760519263584
11.595331809808272	0.010885816643944293
11.608008363628462	0.013591306989583288
11.614346640538557	0.015005169395375328
11.620684917448653	0.01645303485963931
11.633361471268845	0.01942186317764566
11.658714578909226	0.025432120929459665
11.665052855819322	0.02690847704050743
11.671391132729418	0.028359412370218634
11.684067686549609	0.03115568419500722
11.690405963459703	0.03248650951601323
11.6967442403698	0.03376563950847923
11.709420794189992	0.03614072579897426
11.715759071100088	0.037226886389610345
11.722097348010182	0.03823641755010973
11.728435624920277	0.03916592306547656
11.734773901830373	0.04001076225779589
11.741112178740469	0.040767287977444666
11.747450455650565	0.04143293499891054
11.753788732560661	0.04200447923272696
11.760127009470756	0.04247871746310006
11.76646528638085	0.04285423948670915
11.772803563290946	0.04312984217062871
11.779141840201042	0.04330467971965406
11.785480117111138	0.043378968041025076
11.791818394021234	0.04335258390098634
11.798156670931329	0.04322654486045051
11.804494947841423	0.04300205261502861
11.81083322475152	0.04268107725711637
11.817171501661615	0.04226555220770413
11.823509778571712	0.04175889497389519
11.829848055481808	0.041164252842491506
11.836186332391902	0.040485369485371556
11.842524609301996	0.03972652869876517
11.848862886212093	0.03889227939987387
11.861539440032285	0.037017049756836284
11.867762006575452	0.03600649959106253
11.87398457311862	0.03494444995615753
11.886429706204954	0.03268804478464639
11.911319972377623	0.02781838652071278
11.91754253892079	0.02656406075534498
11.923765105463957	0.02530794396709475
11.936210238550292	0.022814141838551016
11.961100504722959	0.018078176758037884
11.967323071266126	0.01697930734389333
11.973545637809291	0.015925898697795274
11.979768204352458	0.014921570996066016
11.985990770895626	0.01397290561390592
11.992213337438793	0.013082578762799849
11.99843590398196	0.012254518129458797
12.004658470525127	0.011490835237185637
12.010881037068295	0.010796557403585691
12.017103603611462	0.010173113431842795
12.023326170154629	0.009624762426753933
12.029548736697796	0.009150903922139283
12.035771303240963	0.008753651133236201
12.04199386978413	0.008432843772074233
12.048216436327298	0.008190166774289992
12.054439002870465	0.008025353004092323
12.060661569413632	0.007937824176066283
12.0668841359568	0.00792659519046214
12.073106702499967	0.007990062109784243
12.079329269043134	0.008126623990390741
12.085551835586301	0.00833408049412504
12.091774402129468	0.008609566884808628
12.097996968672636	0.00895049057617002
12.104219535215803	0.009352862265486761
12.11044210175897	0.009814025431894302
12.116664668302137	0.010329416356638393
12.122887234845305	0.010894751073024178
12.135332367931639	0.012154903827694977
12.141554934474806	0.012840600902806601
12.147777501017973	0.013557845608352409
12.160222634104306	0.015061361459672379
12.166445200647473	0.015834841052782878
12.172667767190639	0.016618018441983864
12.185112900276973	0.01818585004693031
12.19133546682014	0.018960065828146563
12.197558033363308	0.019720465117152475
12.210003166449642	0.02117550891591749
12.21622573299281	0.021861245976094373
12.222448299535976	0.02251261654840342
12.228670866079144	0.023125197365576708
12.23489343262231	0.023694150661950145
12.241115999165478	0.02421355079899018
12.247338565708645	0.024681013140464697
12.253561132251813	0.0250946802170965
12.25978369879498	0.025450161284867254
12.26558762129775	0.025726094353696966
12.271391543800519	0.025947027276053983
12.277195466303288	0.026110422443530762
12.282999388806058	0.02621606612611227
12.288803311308827	0.026262170803967852
12.294607233811597	0.02624896878519445
12.300411156314365	0.026175069341320675
12.306215078817134	0.026040260664980247
12.312019001319904	0.025845192779047843
12.317822923822671	0.025590223710130366
12.32362684632544	0.02527643011491551
12.32943076882821	0.02490517685960164
12.33523469133098	0.024477560026461884
12.34103861383375	0.02399529492147781
12.346842536336519	0.02346062515184312
12.352646458839288	0.02287567306223587
12.358450381342058	0.022243427509506114
12.364254303844827	0.021566702806766286
12.375862148850366	0.02009213628320594
12.381666071353136	0.019301085704384893
12.387469993855905	0.01847919699915121
12.399077838861443	0.016759026820946113
12.445509218883597	0.009486110592103844
12.451313141386366	0.008606844693288318
12.457117063889136	0.007749127244029125
12.468724908894675	0.00611569087530979
12.474528831397445	0.005348299358504463
12.480332753900214	0.004619159273663159
12.491940598905751	0.0032902778084378387
12.49774452140852	0.0026973919179124617
12.503548443911289	0.0021566831095176653
12.509352366414058	0.0016710269162135555
12.515156288916828	0.001243226682133003
12.520960211419597	0.0008754671351436094
12.526764133922367	0.0005699429379980303
12.532568056425136	0.0003284328886561383
12.538371978927906	0.00015260349796242245
12.544175901430675	0.00004371977740320887
12.549979823933445	2.6767403819849545e-6
12.555783746436212	0.00003009999006904629
12.561587668938982	0.0001262679108450515
12.567391591441751	0.00029118967216500147
12.573195513944519	0.0005246556040296446
12.578999436447289	0.0008257722018241154
12.584803358950058	0.0011937487020831777
12.590607281452828	0.0016271142838697877
12.596411203955597	0.002124361902141325
12.602215126458367	0.0026836443781181746
12.608019048961136	0.003303430878140945
12.613822971463906	0.003979948965149957
12.619626893966675	0.004711574946773225
12.631234738972212	0.006325004144303391
12.637528818454992	0.00727836867057928
12.64382289793777	0.008279358234795156
12.65641105690333	0.010406188418789708
12.68158737483445	0.015008297754753236
12.68788145431723	0.01619840317318407
12.69417553380001	0.017392024298627393
12.706763692765568	0.01976624339690526
12.731940010696686	0.024302004095727886
12.738234090179466	0.02535808656776318
12.744528169662246	0.02637354014216363
12.750822249145024	0.02734133081241017
12.757116328627804	0.02825834487878095
12.763410408110584	0.029118509526805864
12.769704487593362	0.029918317744805537
12.775998567076142	0.030654829775898326
12.782292646558922	0.03132457574412991
12.788586726041702	0.03192307845162951
12.794880805524482	0.032449025008012625
12.801174885007262	0.032898692917919026
12.807468964490042	0.03327146457343748
12.813763043972822	0.03356571330947748
12.820057123455602	0.03377987341189414
12.82635120293838	0.033913474788590095
12.83264528242116	0.03396629805692183
12.83893936190394	0.0339383697883755
12.845233441386718	0.03383067861916323
12.851527520869498	0.033644263791234766
12.857821600352278	0.03338042456234985
12.864115679835058	0.033041166124760254
12.870409759317837	0.03262879548052054
12.876703838800617	0.032145618221492755
12.882997918283397	0.03159509265950421
12.889291997766177	0.03098057613522382
12.895586077248957	0.03030546193176456
12.908174236214515	0.028790409332159032
12.914468315697295	0.02795905804804638
12.920762395180073	0.02708478962582652
12.933350554145633	0.02522766287462419
12.939644633628413	0.02425542405872138
12.945938713111193	0.02326046698835317
12.958526872076751	0.021226557843832115
12.98370319000787	0.017134198009880426
12.98999726949065	0.016137975705586546
12.996291348973429	0.015162941266121839
13.008879507938989	0.013296474184972366
13.015173587421769	0.012413858650642748
13.021467666904549	0.01157193027522796
13.034055825870107	0.010024063002916236
13.03993126131249	0.00937055628093069
13.04580669675487	0.008763877828895178
13.051682132197252	0.008207171832749098
13.057557567639634	0.007702549060157597
13.063433003082016	0.0072516044490203435
13.069308438524398	0.006856263771943184
13.075183873966779	0.006516922634373888
13.081059309409161	0.00623498427089253
13.086934744851543	0.006011285327775812
13.092810180293924	0.005845902168255458
13.098685615736306	0.005738939437100493
13.104561051178688	0.0056902398650065245
13.11043648662107	0.005699123172071809
13.116311922063453	0.005764672200856642
13.122187357505833	0.005885856973571517
13.128062792948215	0.006061263537596923
13.133938228390598	0.006289157788184688
13.139813663832978	0.006567336724312152
13.14568909927536	0.006894325052614926
13.151564534717743	0.007267166999828156
13.157439970160125	0.00768302104228203
13.163315405602507	0.008139312045766352
13.17506627648727	0.0091600354112902
13.180941711929652	0.00971870343093243
13.186817147372032	0.01030348238810775
13.198568018256797	0.011539951365132653
13.222069760026324	0.014168316103293908
13.227945195468706	0.014834304637419325
13.233820630911087	0.01549527435886075
13.245571501795851	0.0167906486692138
13.251446937238233	0.017415490408021407
13.257322372680616	0.018020818908709775
13.269073243565378	0.019155983681524914
13.27494867900776	0.01968030323102936
13.28082411445014	0.02017140428732475
13.286699549892523	0.020625522161784114
13.292574985334905	0.021040072503898007
13.298450420777288	0.021413360153820442
13.30432585621967	0.021740678069839293
13.31020129166205	0.02202324490961044
13.316076727104432	0.022257264538993217
13.321952162546815	0.022441456875568123
13.327827597989195	0.0225745618943839
13.333703033431577	0.022655273435397805
13.33957846887396	0.022682302211211987
13.345453904316342	0.02265677767935028
13.351329339758724	0.022577351544082407
13.357204775201104	0.022444139009756378
13.363080210643487	0.022257544180915266
13.368955646085869	0.02201818192321644
13.37483108152825	0.021727285791054388
13.380706516970632	0.021385942928323257
13.386581952413014	0.02099531022013769
13.392457387855396	0.020557408438318076
13.398332823297778	0.020074061687625516
13.410083694182541	0.018980492003207068
13.415843419257996	0.01838764026404146
13.42160314433345	0.01776096225816983
13.433122594484356	0.01641779007697699
13.45616149478617	0.013462854121398152
13.461921219861622	0.012688326484167164
13.467680944937076	0.011906660917762824
13.479200395087982	0.010337337255139634
13.502239295389796	0.007279313487076125
13.507999020465249	0.006553274519522569
13.513758745540702	0.005849887539765543
13.525278195691609	0.004524617530581948
13.531037920767062	0.0039094348545672605
13.536797645842515	0.0033298838461474495
13.542557370917969	0.0027887904778161124
13.548317095993422	0.002289110929649063
13.554076821068875	0.0018333387587520927
13.559836546144329	0.0014237879536977693
13.565596271219782	0.0010626389705319442
13.571355996295235	0.00075171878191585
13.577115721370689	0.0004927796134189949
13.582875446446142	0.000287239950131489
13.588635171521595	0.00013633327591480726
13.594394896597048	0.00004096058677099251
13.600154621672502	1.9120864358165846e-6
13.605914346747955	0.000019524289836612974
13.611674071823408	0.00009400546672392457
13.617433796898862	0.0002252914196428299
13.623193521974315	0.0004129615659958369
13.628953247049768	0.0006564436055173858
13.634712972125222	0.0009547685647942061
13.640472697200675	0.0013074893931610196
13.646232422276128	0.0017121841515860062
13.651992147351582	0.0021679365139801454
13.657751872427035	0.0026727629308975626
13.663511597502488	0.0032240012259668674
13.669271322577941	0.0038206843168126434
13.675031047653395	0.004459522241424256
13.686550497804301	0.00585233593247491
13.692310222879755	0.006599853894841801
13.698069947955208	0.00737889538086018
13.709589398106115	0.009013977297311009
13.732628298407928	0.012494139773230183
13.738388023483381	0.013388635799827776
13.744147748558834	0.014282701237908077
13.755667198709741	0.01605916969386069
13.778706099011554	0.01946039826261206
13.784955981067018	0.020324758815309214
13.791205863122482	0.021154985229414586
13.797455745177945	0.021947359523781053
13.803705627233409	0.022700627863104013
13.809955509288873	0.023407602416012634
13.816205391344337	0.02406613602686245
13.8224552733998	0.02467265303352363
13.828705155455264	0.025223987343055927
13.834955037510728	0.025719380758926595
13.841204919566191	0.026154835884315546
13.847454801621655	0.02652860692035306
13.853704683677119	0.026839441454668274
13.859954565732583	0.027085730822808456
13.866204447788046	0.027267057905304058
13.87245432984351	0.02738241246806416
13.878704211898974	0.027431534240883793
13.884954093954438	0.027414651841161493
13.891203976009901	0.02733202670657877
13.897453858065365	0.02718461216951975
13.903703740120829	0.026973672264166963
13.909953622176292	0.026700572827489888
13.916203504231756	0.026367058183122037
13.92245338628722	0.02597535505766757
13.928703268342684	0.025527767484584588
13.934953150398147	0.025027089128880187
13.941203032453611	0.024476373036911366
13.953702796564539	0.02323764413066707
13.959952678620002	0.022556928994016574
13.966202560675466	0.02183997484294524
13.978702324786392	0.020315246546504656
13.984952206841854	0.019515692020222873
13.991202088897317	0.01869750473447139
14.003701853008245	0.017021853264399485
14.0287013812301	0.013643790678412399
14.034951263285564	0.012820074719904713
14.041201145341027	0.012013293837910992
14.053700909451955	0.010467895427810896
14.059950791507418	0.009736522718418267
14.066200673562882	0.009038015525296386
14.07870043767381	0.00775403707228782
14.084950319729273	0.007174610697748662
14.091200201784737	0.0066400293600517996
14.0974500838402	0.006153209442749545
14.103699965895665	0.005716835164695594
14.109949847951128	0.005332031643319468
14.116199730006592	0.005000967749565502
14.122449612062056	0.004724607220775633
14.12869949411752	0.004503193090733507
14.134949376172983	0.00433851993300019
14.141199258228447	0.0042303130240028755
14.14744914028391	0.004178682068841255
14.153699022339374	0.0041831077628498095
14.159948904394838	0.004242942763388886
14.166198786450302	0.004357170628387162
14.172448668505766	0.004524498928209247
14.17869855056123	0.004743310971919851
14.184529788576295	0.004992132743401274
14.190361026591361	0.00528236170688387
14.196192264606427	0.005612164896054157
14.202023502621493	0.00597877651356523
14.20785474063656	0.006380303309095996
14.213685978651625	0.006813813518694353
14.225348454681756	0.007768346148012181
14.23117969269682	0.008282439255711573
14.237010930711886	0.008817706104909485
14.248673406742018	0.009936769896587427
14.271998358802282	0.012284278947563274
14.277829596817348	0.012872824783658227
14.283660834832414	0.013455808461724846
14.295323310862546	0.014593634730634908
14.301154548877612	0.015140530971392577
14.306985786892678	0.01566816508084337
14.318648262922808	0.016656313413426792
14.324479500937873	0.01711132228070028
14.330310738952939	0.017535889150783697
14.336141976968005	0.017928389904941056
14.34197321498307	0.018285939650575782
14.347804452998137	0.018606031381333543
14.353635691013203	0.018889021618547303
14.359466929028269	0.019131056112061902
14.365298167043335	0.019331395176482497
14.3711294050584	0.019488246866134637
14.376960643073467	0.01960052417570425
14.382791881088533	0.01966834275434068
14.388623119103599	0.01969061006845437
14.394454357118665	0.019666642814551306
14.400285595133731	0.019596860846102043
14.406116833148797	0.01948078362219876
14.411948071163861	0.019318860111259495
14.417779309178925	0.01911260281272678
14.423610547193991	0.018861873819669195
14.429441785209058	0.01856787663225018
14.435273023224124	0.018232091961461132
14.44110426123919	0.017855788084402587
14.446935499254256	0.0174407312501419
14.458597975284388	0.016502687995460542
14.464429213299454	0.01598388363885253
14.47026045131452	0.015434939488539974
14.481922927344652	0.014257791561426952
14.505247879404916	0.011666846877382335
14.511079117419982	0.01098787250181326
14.516910355435048	0.010302959993603603
14.52857283146518	0.008928542032612966
14.551897783525442	0.006255255716723446
14.558219178520517	0.005569615376951019
14.564540573515593	0.004908287807269089
14.57086196851067	0.004275108359541729
14.577183363505746	0.003673597273112665
14.583504758500823	0.003107566703308577
14.589826153495899	0.0025804305381707596
14.596147548490976	0.0020949891198751777
14.602468943486052	0.0016546225394116348
14.608790338481128	0.0012614157270771087
14.615111733476205	0.0009181099200053708
14.621433128471281	0.0006268866852842184
14.627754523466356	0.00038938202223493673
14.63407591846143	0.00020730544104193005
14.640397313456507	0.00008166437431597617
14.646718708451584	0.000013531752250758866
14.65304010344666	3.479330939817893e-6
14.659361498441736	0.00005174632477594754
14.665682893436813	0.00015821549958804776
14.67200428843189	0.00032266656034136976
14.678325683426966	0.0005443274530535364
14.684647078422042	0.0008221038116312737
14.690968473417119	0.0011547429445685417
14.697289868412195	0.0015400825004517546
14.70361126340727	0.0019771119759771014
14.709932658402344	0.0024632760586408772
14.71625405339742	0.002995728410150132
14.728896843387574	0.004188486214261482
14.73521823838265	0.004842450552536973
14.741539633377727	0.005531993717763015
14.75418242336788	0.006996981080272947
14.760503818362956	0.007765362810969012
14.766825213358032	0.008551834937676653
14.779468003348185	0.010167621328926464
14.80475358332849	0.013433888126847503
14.811074978323564	0.01423360535108556
14.81739637331864	0.015017595379878044
14.830039163308793	0.016522635273477942
14.83636055830387	0.017236968953848634
14.842681953298946	0.017921077985114702
14.8553247432891	0.019179639427110824
14.861646138284176	0.019748893703389128
14.867967533279252	0.0202751283121336
14.874288928274328	0.02075516310169506
14.880610323269403	0.021185862289293693
14.886931718264478	0.02156555184701936
14.893253113259554	0.021892254842233175
14.89957450825463	0.02216509495295502
14.905895903249707	0.022382589117365057
14.912217298244784	0.02254359979346029
14.91853869323986	0.02264769055532509
14.924860088234936	0.022694278096867148
14.931181483230013	0.02268368129068026
14.93750287822509	0.02261632633806961
14.943824273220166	0.022492829585043974
14.950145668215242	0.0223140412557946
14.956467063210317	0.022081217735283695
14.962369814164994	0.021816388746669375
14.968272565119673	0.021507437856052136
14.974175316074351	0.021156030614547322
14.98007806702903	0.02076394818481751
14.985980817983709	0.020333422986446806
14.991883568938388	0.01986660693729
15.003689070847745	0.018833806730876614
15.009591821802424	0.018273376410047254
15.015494572757103	0.017687181328210948
15.027300074666458	0.016449805631565652
15.050911078485171	0.01380243010330576
15.05681382943985	0.013123878014284156
15.062716580394529	0.012444546569318773
15.074522082303885	0.011098974298155314
15.080424833258562	0.010438909607065897
15.08632758421324	0.009791750937477875
15.098133086122598	0.008546677709187506
15.104035837077276	0.007955111545189457
15.109938588031955	0.007388045827369787
15.115841338986634	0.006847619111769666
15.121744089941311	0.006336883886450921
15.127646840895988	0.005856959326935966
15.133549591850667	0.005410864252317838
15.139452342805345	0.005000842154784916
15.145355093760024	0.004627994344819138
15.151257844714703	0.004294127446650569
15.157160595669382	0.004000110338720338
15.16306334662406	0.0037474994244615055
15.168966097578737	0.0035372694063620716
15.174868848533414	0.0033699354016534858
15.180771599488093	0.003246253481044712
15.186674350442772	0.0031661275195526035
15.19257710139745	0.003129223497990226
15.19847985235213	0.003135987505391895
15.204382603306808	0.003185769905011737
15.210285354261487	0.0032778654589164374
15.216188105216164	0.0034113878867779897
15.22209085617084	0.003585428105945754
15.22799360712552	0.0037985670756253975
15.233896358080198	0.004049204129815142
15.239799109034877	0.004335633200864979
15.245701859989556	0.004656085797887878
15.251604610944234	0.005008895701980081
15.26341011285359	0.005801733240115407
15.269312863808267	0.006237057644559979
15.275215614762946	0.006694235250239794
15.287021116672303	0.007665883043632971
15.292923867626982	0.008174814116054797
15.29882661858166	0.0086946987496185
15.310632120491016	0.00975464063971369
15.33424312430973	0.011877246411593212
15.34003016489748	0.012379652371901941
15.345817205485229	0.012869456347367112
15.357391286660729	0.013804583157951075
15.363178327248479	0.01424223825730403
15.368965367836228	0.014657629869387366
15.380539449011728	0.01541066609268163
15.386326489599478	0.015746121508430043
15.392113530187228	0.016050658324986956
15.397900570774977	0.01632181219164369
15.403687611362727	0.01655862377972533
15.409474651950477	0.016760148258497115
15.415261692538227	0.016925038896372892
15.421048733125978	0.017052725249042156
15.426835773713728	0.017141991686056655
15.432622814301478	0.0171915620029869
15.43840985488923	0.017201828268567365
15.44419689547698	0.017171863069814032
15.44998393606473	0.017102771956764625
15.45577097665248	0.016994127251040263
15.461558017240229	0.016846173427627127
15.467345057827979	0.016659512452810415
15.473132098415729	0.016434648115706517
15.478919139003478	0.016173105585835033
15.484706179591228	0.01587589318129985
15.490493220178978	0.01554427275734755
15.496280260766728	0.015179487436868071
15.502067301354478	0.014783309815437531
15.507854341942227	0.014357654359452299
15.519428423117727	0.013426187348766501
15.525215463705477	0.012924559277499855
15.531002504293227	0.012402039720138553
15.542576585468726	0.011304485496649083
15.565724747819726	0.008973630002458901
15.571511788407475	0.008378715270626426
15.577298828995225	0.007784575314558142
15.588872910170725	0.006610121846264826
15.612021072521724	0.004394811499879719
15.617808113109474	0.0038845204084197033
15.623595153697224	0.0033967226324531294
15.629382194284974	0.002933938048596551
15.635169234872723	0.0024982494542173696
15.640956275460473	0.002091738569783865
15.646743316048223	0.001716558004701961
15.652530356635973	0.0013745319200105278
15.658317397223723	0.0010675457834919203
15.664104437811472	0.0007968846509260503
15.669891478399222	0.0005640074001314679
15.675678518986972	0.00036995220295328937
15.681465559574722	0.00021591343929646192
15.687252600162472	0.00010269437270313958
15.693039640750222	0.000030983857019106775
15.698826681337973	1.0943197484743206e-6
15.704613721925723	0.000013294208637975452
15.710890919493483	0.00007421459256807747
15.717168117061242	0.00018447112455124287
15.723445314629002	0.0003436516343179978
15.729722512196762	0.0005509033697710733
15.735999709764522	0.0008051870747708724
15.742276907332283	0.0011057573283798743
15.748554104900043	0.0014506111637640935
15.754831302467803	0.0018377177061141628
15.761108500035563	0.0022652969721040223
15.767385697603324	0.0027314570580305383
15.779940092738844	0.003769297834696622
15.786217290306604	0.004335341184303069
15.792494487874364	0.004927883833148624
15.805048883009885	0.006184190398692054
15.811326080577645	0.006840961679313695
15.817603278145405	0.0075124966168462134
15.830157673280926	0.008880575062537536
15.855266463551967	0.011633534912949679
15.861543661119727	0.012302139691951597
15.867820858687487	0.012957303884064384
15.880375253823008	0.014210905533953096
15.886652451390768	0.014801658693144253
15.892929648958528	0.015365387954677689
15.905484044094049	0.016398642959472347
15.911761241661809	0.01686346213220477
15.91803843922957	0.017289916854873216
15.92431563679733	0.017675752422160622
15.93059283436509	0.018019837626163503
15.93687003193285	0.018320257322060985
15.94314722950061	0.01857574362062408
15.94942442706837	0.01878454692876448
15.95570162463613	0.018945952402774698
15.961978822203891	0.019059328819129646
15.968256019771651	0.019124373742455264
15.974533217339411	0.019141271733571157
15.980810414907172	0.019109651440758164
15.987087612474932	0.01902982380346182
15.993364810042692	0.018902696066994278
15.999642007610452	0.018729210610495674
16.005919205178213	0.018510535741749275
16.01219640274597	0.018248062934518916
16.018473600313733	0.017943362643486057
16.024750797881495	0.017598301193805763
16.031027995449254	0.017214935601399892
16.037305193017012	0.01679563485763409
16.043582390584774	0.016342880654712198
16.056136785720295	0.01534774272197317
16.062413983288053	0.01481095273342252
16.068691180855815	0.014252167905918187
16.081245575991336	0.013081494475354161
16.106354366262376	0.010620733637813011
16.11221291978974	0.010041933645087337
16.1180714733171	0.009467370474320454
16.129788580371823	0.00834093285259517
16.135647133899184	0.007794538754996624
16.141505687426548	0.007262845414350433
16.153222794481273	0.006253708243413741
16.159081348008634	0.005781005316161037
16.164939901536	0.005331595082686869
16.170798455063363	0.004908514253502919
16.176657008590723	0.004513448624947732
16.182515562118084	0.004148008786054102
16.18837411564545	0.0038137349456921973
16.194232669172813	0.003512159677773078
16.200091222700173	0.0032443295901582216
16.205949776227534	0.003011659153905142
16.2118083297549	0.002813958701807829
16.217666883282263	0.0026538350793641474
16.223525436809624	0.002530867356281559
16.229383990336984	0.002445056272015401
16.23524254386435	0.002396935001716241
16.241101097391713	0.0023864396730774486
16.246959650919074	0.0024132593474863046
16.252818204446434	0.0024769440181409523
16.2586767579738	0.0025769743192440263
16.264535311501163	0.0027124707137375637
16.270393865028524	0.002882486960243652
16.276252418555885	0.0030857961745503135
16.28211097208325	0.0033205711964773427
16.287969525610613	0.0035865239097325023
16.293828079137974	0.003882353143773585
16.299686632665335	0.004204431591864382
16.3055451861927	0.004552044696033229
16.317262293247424	0.005315384711940121
16.323120846774785	0.005726029358200799
16.32897940030215	0.00615476347714192
16.340696507356874	0.007050290769985278
16.346555060884235	0.007513659315818478
16.3524136144116	0.007983477027474418
16.364130721466324	0.008932033484426477
16.38756493557577	0.010798336305878026
16.393423489103135	0.011242468476239793
16.399282042630496	0.011672987844347688
16.410999149685217	0.012481593115151613
16.416857703212578	0.012856351074392015
16.422716256739943	0.013210107555379196
16.428574810267307	0.01353709061569297
16.434433363794668	0.013839061096079748
16.44029191732203	0.014112198121473473
16.446150470849393	0.014354978647023946
16.452009024376757	0.014567299670480049
16.457867577904118	0.014747434768793873
16.46372613143148	0.01489388924815364
16.469584684958843	0.015006499122540568
16.475443238486207	0.015084236337030859
16.481301792013568	0.01512650004620953
16.487650502520943	0.015131526870879996
16.493999213028314	0.015090716126982328
16.500347923535685	0.015011312465816353
16.50669663404306	0.014894527692691013
16.513045344550434	0.01472469457177071
16.519394055057806	0.014528674363450511
16.525742765565177	0.014286370535801441
16.53209147607255	0.014005888557348193
16.538440186579926	0.01368469693434015
16.544788897087297	0.013332687026501689
16.55113760759467	0.012947700333642034
16.557486318102043	0.012531818632762811
16.563835028609414	0.012087496783640472
16.570183739116786	0.011617169671347516
16.58288116013153	0.010608961099498663
16.589229870638903	0.010076891453001124
16.595578581146277	0.009530210121231838
16.60827600216102	0.008402080524215857
16.63367084419051	0.006120083187330268
16.640019554697886	0.005561428909293807
16.646368265205258	0.005014040915877836
16.659065686220003	0.003966001313363433
16.66541439672738	0.00347131809520217
16.67176310723475	0.0030000923691674564
16.684460528249495	0.0021416288830217595
16.69080923875687	0.0017563531311283152
16.69715794926424	0.001404525732924853
16.703506659771612	0.0010877539986149064
16.709855370278987	0.0008090065341256961
16.716204080786362	0.0005693799791821955
16.722552791293733	0.00037042915085477857
16.728901501801104	0.00021310200544740268
16.73525021230848	0.00009857072186022706
16.741598922815854	0.000027512155803922217
16.747947633323225	3.5933068222304687e-7
16.754296343830596	0.000017419106962981296
16.76064505433797	0.00007860225888522282
16.766993764845342	0.00018362541097950713
16.773342475352713	0.0003317894771870285
16.779691185860088	0.0005228486903431882
16.78603989636746	0.0007564856514256577
16.79238860687483	0.0010305993703952354
16.798737317382205	0.0013427668879354218
16.805086027889576	0.001692582228138853
16.811434738396947	0.0020764829952589214
16.817783448904322	0.0024944926508720343
16.824132159411693	0.002943227919014059
16.83682958042644	0.003924098648722483
16.843178290933814	0.004452117051933619
16.849527001441185	0.004999124694105631
16.86222442245593	0.006141514052649691
16.887619264485423	0.008534355674621574
16.893852264625867	0.009125447722441483
16.90008526476631	0.009710749008541197
16.9125512650472	0.0108547319320695
16.918784265187643	0.011407125605347426
16.925017265328087	0.01194243323940472
16.937483265608975	0.012951245004565435
16.94371626574942	0.013419664919542974
16.949949265889863	0.013860737690830894
16.956182266030307	0.014272745994860229
16.96241526617075	0.01465169442602296
16.968648266311195	0.014998485037728541
16.97488126645164	0.015309374372012768
16.981114266592087	0.015583403933246785
16.98734726673253	0.015819016151592504
16.993580266872975	0.016015523774011234
16.999813267013423	0.016171257126907673
17.006046267153867	0.01628689785280413
17.01227926729431	0.016360951343906752
17.018512267434755	0.01639375092069717
17.0247452675752	0.016384949952555444
17.030978267715643	0.016334656771360038
17.037211267856087	0.016243588076215787
17.04344426799653	0.016112363606573425
17.049677268136975	0.01594174687873056
17.05591026827742	0.015732829105206854
17.062143268417863	0.015486990149520225
17.068376268558307	0.015205689456581493
17.07460926869875	0.014892539646222738
17.080842268839195	0.014545506776202172
17.08707526897964	0.014168584464710105
17.093308269120083	0.013764111787970199
17.099541269260527	0.013334062189278902
17.112007269541415	0.012407614121394617
17.13693927010319	0.010365073210203555
17.143172270243635	0.009831459290884793
17.14940527038408	0.00929553990547096
17.161871270664967	0.00822306942397355
17.186803271226747	0.006166315034058796
17.19303627136719	0.005686753611268962
17.19926927150764	0.005226228776537702
17.205502271648083	0.004787125139643675
17.211735271788527	0.0043718696322598595
17.21796827192897	0.0039823631154764505
17.224201272069415	0.003621164692947404
17.23043427220986	0.0032893450427485156
17.236667272350303	0.0029890584882926556
17.242900272490747	0.0027219291718640834
17.24913327263119	0.0024889416857586145
17.255366272771635	0.002290453915793137
17.26159927291208	0.002128704410397527
17.267832273052523	0.0020039827720183777
17.274065273192967	0.0019160638203477437
17.28029827333341	0.0018658287892169417
17.286531273473855	0.0018532287903396984
17.2923456295739	0.0018749719043891673
17.298159985673948	0.0019289333637907413
17.303974341773994	0.0020145410659336734
17.30978869787404	0.0021312917354878377
17.315603053974087	0.002277706338442192
17.321417410074133	0.0024540557041619303
17.32723176617418	0.00265841878948651
17.333046122274226	0.0028901300773628777
17.338860478374272	0.0031473873949515244
17.34467483447432	0.0034287728788168527
17.35630354667441	0.004057943057480164
17.362117902774457	0.004401979183161878
17.367932258874504	0.0047633527220880476
17.379560971074596	0.005529283086369602
17.385375327174643	0.0059300323725363265
17.39118968327469	0.00633955805539135
17.40281839547478	0.007176999473141238
17.426075819874967	0.00886075682829517
17.431890175975013	0.009270339806249743
17.43770453207506	0.009670426481265537
17.449333244275152	0.010437387003338891
17.4551476003752	0.01079869153263591
17.460961956475245	0.011143392714702473
17.47259066867534	0.011773698731458102
17.47840502477539	0.01205652197352574
17.484219380875437	0.012315488209395323
17.490033736975484	0.012549203749130107
17.49584809307553	0.012756436980108102
17.501662449175576	0.012936394553862262
17.507476805275623	0.013087496575640411
17.51329116137567	0.013209200107653182
17.519105517475715	0.013300900862149103
17.52491987357576	0.013361762436400648
17.530734229675808	0.013391192776807545
17.536548585775854	0.013389726245876789
17.5423629418759	0.01335674875253106
17.548177297975947	0.013292241586042149
17.553991654075993	0.013196528344335122
17.55980601017604	0.013070177068362106
17.565620366276086	0.012913617209899066
17.571434722376132	0.012727238574175324
17.57724907847618	0.012512342424823256
17.583063434576225	0.012269584323271208
17.58887779067627	0.012000191116844774
17.594692146776318	0.011705143035065726
17.600506502876364	0.011386375602129958
17.612135215076457	0.010682869766768709
17.617949571176503	0.010301465652901617
17.62376392727655	0.009902671850993663
17.635392639476642	0.009060572171888739
17.658650063876827	0.00725584595906981
17.664954576956884	0.006753006836801023
17.67125909003694	0.006249681615635695
17.683868116197054	0.005253023863308712
17.69017262927711	0.004765356806122167
17.696477142357168	0.004288512893636546
17.70908616851728	0.003378027932023178
17.715390681597338	0.002949433985546224
17.721695194677395	0.0025421700305295423
17.72799970775745	0.00215832964995903
17.734304220837508	0.0018002419523312982
17.740608733917565	0.0014698861395542485
17.74691324699762	0.0011692079709317172
17.75321776007768	0.0008998286279946043
17.759522273157735	0.0006634433674164251
17.765826786237792	0.00046141361196281976
17.77213129931785	0.0002943247855919963
17.778435812397905	0.00016436099531191677
17.784740325477962	0.00007166788652420049
17.79104483855802	0.000016802292798512655
17.797349351638076	1.196801292114441e-7
17.803653864718132	0.00002178574274562181
17.80995837779819	0.00008167584131819373
17.816262890878246	0.00017958738441193473
17.822567403958303	0.0003149587249761509
17.82887191703836	0.00048711163837623396
17.835176430118416	0.0006949906965418202
17.841480943198473	0.000938010239049122
17.84778545627853	0.0012141339027059855
17.854089969358586	0.0015214159152003928
17.860394482438643	0.001859662065563943
17.8666989955187	0.0022263776314522914
17.873003508598757	0.002619485355170644
17.88561253475887	0.003477589265311047
17.891917047838927	0.0039362462544487095
17.898221560918984	0.004412461920063783
17.910830587079097	0.005406119266603948
17.917135100159154	0.005918898076216291
17.92343961323921	0.006436859617522257
17.936048639399324	0.007481244799646283
17.96126669171955	0.009521587352140188
17.967571204799608	0.010005678992279995
17.973875717879665	0.010473828513197758
17.98018023095972	0.010924027120215875
17.986484744039778	0.011353512536758478
17.992789257119835	0.011761088110452232
17.99909377019989	0.012142143340229155
18.00539828327995	0.012496297339839795
18.011702796360005	0.01282181793267329
18.018007309440062	0.013116685935584039
18.02431182252012	0.013379558904103408
18.030616335600175	0.013608594123010671
18.036920848680232	0.013803024855153815
18.04322536176029	0.013961878293130723
18.049529874840346	0.014083697454344438
18.055834387920402	0.014169946816884023
18.06213890100046	0.014218461647587305
18.068024770040118	0.014229637997167982
18.073910639079777	0.014207905537538135
18.079796508119436	0.014154636305027044
18.085682377159095	0.014069285467962763
18.091568246198754	0.01395224698887527
18.097454115238413	0.01380498428756676
18.103339984278072	0.013627843162063643
18.10922585331773	0.013421630931415308
18.11511172235739	0.013187641196974638
18.12099759139705	0.012927137233951513
18.12688346043671	0.012641509139437063
18.132769329476368	0.012331752959453882
18.138655198516027	0.012000142219000774
18.144541067555686	0.01164638389978091
18.156312805635004	0.010888158822323767
18.162198674674663	0.010486029303951058
18.168084543714322	0.010071229736137029
18.17985628179364	0.009211779113736475
18.203399757952276	0.007433372559772274
18.209285626991935	0.006989263787463904
18.215171496031594	0.006549604418227108
18.226943234110912	0.005692378428894111
18.23282910315057	0.0052795150754670495
18.23871497219023	0.004875571570812871
18.250486710269545	0.004121024231387023
18.2563725793092	0.003770390625953352
18.26225844834886	0.0034394643549041856
18.26814431738852	0.0031300491041044536
18.274030186428178	0.0028435569803784335
18.279916055467837	0.0025814135913439108
18.285801924507496	0.0023446216199970414
18.291687793547155	0.0021343136253651005
18.297573662586814	0.0019509985676564538
18.303459531626473	0.001795866364323889
18.309345400666132	0.001669625441342238
18.31523126970579	0.0015725283898909443
18.32111713874545	0.0015051017727194353
18.32700300778511	0.0014672660838490423
18.332888876824768	0.001459163777857363
18.338774745864427	0.0014806379225530148
18.344660614904086	0.0015314766641671782
18.350546483943745	0.001611172345924684
18.356432352983404	0.0017192671407179113
18.362318222023063	0.0018546982093185713
18.368204091062722	0.0020173034235570608
18.37408996010238	0.0022054877660654323
18.37997582914204	0.0024183815963694753
18.3858616981817	0.0026548106595293327
18.39174756722136	0.0029127204285615844
18.397633436261017	0.0031913301854835877
18.403519305300676	0.0034897761888924503
18.415291043379995	0.004136017854893148
18.43883451953863	0.005578238752929553
18.444604678211363	0.005950810048690108
18.45037483688409	0.006327633418317305
18.46191515422955	0.00708356918380864
18.467685312902283	0.0074597729822796725
18.473455471575015	0.00783202867404237
18.484995788920475	0.008556459225974934
18.490765947593204	0.00890440655428413
18.496536106265935	0.00924051761143131
18.502306264938667	0.009564394810239388
18.5080764236114	0.009873286139111512
18.51384658228413	0.010165423792964114
18.51961674095686	0.010439532840861375
18.525386899629588	0.010693477285186607
18.53115705830232	0.010926202208443373
18.53692721697505	0.011138539450484286
18.54269737564778	0.011327265482663761
18.54846753432051	0.011491183083861817
18.55423769299324	0.011630831850655032
18.560007851665972	0.011743415765775653
18.565778010338704	0.011830477570365018
18.571548169011436	0.01189026638674504
18.577318327684164	0.011922911292644525
18.583088486356893	0.011928157433658588
18.588858645029624	0.011905195121787041
18.594628803702356	0.011854428693606766
18.60039896237509	0.011779106840909147
18.60616912104782	0.011674198278752596
18.61193927972055	0.011543060721064131
18.617709438393277	0.011385573046016888
18.62347959706601	0.011202175426929618
18.62924975573874	0.010994499584600095
18.63501991441147	0.010763162892979043
18.640790073084197	0.010509181920781117
18.64656023175693	0.010233909071749515
18.65233039042966	0.009938297109713733
18.658100549102393	0.009623688220746478
18.669640866447853	0.008944629891871204
18.67541102512058	0.008583078116413467
18.681181183793313	0.008209028638901151
18.692721501138777	0.007430507267902337
18.715802135829698	0.005804941792443806
18.72157229450243	0.0053953064627208155
18.727342453175158	0.004988271934625204
18.73888277052062	0.004189951975692243
18.74465292919335	0.0038023254251722902
18.75042308786608	0.0034248748731894024
18.76196340521154	0.0027075999075443207
18.76773356388427	0.0023713080785678284
18.773503722557	0.0020520766593666064
18.779273881229727	0.0017513826861789532
18.78504403990246	0.0014706457942087695
18.79081419857519	0.0012109175000722412
18.796584357247923	0.0009737530123631426
18.802354515920655	0.000760709723898377
18.808124674593383	0.0005721996789621354
18.814384990246126	0.0003967333692348439
18.820645305898864	0.0002522103379081122
18.826905621551607	0.00013980582151446562
18.83316593720435	0.00006005157274394102
18.839426252857088	0.00001344287891650621
18.84568656850983	2.060557541122554e-7
18.851946884162572	0.000020499374201260467
18.85820719981531	0.00007425133575381798
18.86446751546805	0.00016108725137341587
18.870727831120792	0.00028068614715812124
18.876988146773535	0.00043224419400023084
18.883248462426273	0.0006151950120962032
18.889508778079012	0.0008286797963908254
18.895769093731754	0.0010709926188416496
18.902029409384497	0.0013408426022815112
18.908289725037235	0.0016368798404142165
18.914550040689974	0.001959035970834591
18.920810356342717	0.002303381324142286
18.933330987648198	0.003053569571095484
18.93959130330094	0.0034541998566433325
18.945851618953682	0.0038723579321999716
18.958372250259163	0.004741623199219273
18.964632565911906	0.00518856623519786
18.970892881564644	0.005640842350555892
18.98341351287013	0.006556074134058218
19.00845477548109	0.008341750767038114
19.01471509113383	0.008765148421810835
19.020975406786572	0.009174826032093483
19.027235722439315	0.009567878797415257
19.033496038092053	0.009944224788594852
19.039756353744792	0.010300825151754785
19.046016669397535	0.010635566597285786
19.052276985050277	0.010946121863799518
19.058537300703016	0.011231041467221302
19.064797616355754	0.011490686358052643
19.071057932008497	0.011721578503895661
19.07731824766124	0.011923459329821525
19.083578563313978	0.012094899943934818
19.08983887896672	0.012234702217174891
19.096099194619462	0.012344483850017181
19.1023595102722	0.012421075407390802
19.108619825924944	0.012465445925038583
19.114880141577686	0.01247660139856097
19.121140457230425	0.012455582816709802
19.127400772883167	0.012402295586345244
19.13366108853591	0.012317016987353678
19.139921404188648	0.012200493159690727
19.14618171984139	0.01205303314248276
19.152442035494133	0.011875996119652765
19.15870235114687	0.011670517624195647
19.16496266679961	0.011437547132846705
19.171222982452353	0.011178675178723235
19.177483298105095	0.01089522571215472
19.183743613757834	0.010588941343603237
19.190003929410572	0.010261758384484902
19.196264245063315	0.009915394089662168
19.208784876368796	0.009173499480922597
19.21462654798114	0.008808397158064023
19.22046821959348	0.008434014854797178
19.232151562818167	0.007664431213352588
19.25551824926754	0.006094302845429842
19.261359920879883	0.005706632663346334
19.267201592492224	0.00532486638714222
19.27888493571691	0.004584832265817141
19.284726607329254	0.004230480881435513
19.2905682789416	0.003888668566974996
19.302251622166285	0.0032499343422178317
19.308093293778626	0.0029558662542635665
19.31393496539097	0.0026803830333406373
19.319776637003315	0.002424812137153934
19.32561830861566	0.002190654405417153
19.331459980228004	0.0019781275802385704
19.337301651840345	0.0017887569068895225
19.343143323452686	0.0016233737400885798
19.34898499506503	0.0014827068136691445
19.354826666677376	0.0013673743731832215
19.360668338289717	0.0012772969476138457
19.366510009902058	0.0012132787901253366
19.372351681514402	0.0011754964232780218
19.378193353126747	0.001163791743634058
19.384035024739088	0.0011784264609781703
19.38987669635143	0.0012188260836567856
19.395718367963774	0.0012848850134678756
19.40156003957612	0.0013760914952612863
19.40740171118846	0.0014917953159199783
19.4132433828008	0.0016311975018390695
19.419085054413145	0.001794082264646061
19.42492672602549	0.00197898831001647
19.43076839763783	0.002184650815074414
19.43661006925017	0.0024105121749637484
19.442451740862516	0.0026551099570890913
19.44829341247486	0.002916449641667764
19.454135084087202	0.003194178403602645
19.465818427311888	0.0037916157451389956
19.48918511376126	0.005105488990252928
19.495026785373604	0.005449415331300887
19.500868456985945	0.005794912134480877
19.51255180021063	0.006486929517238931
19.518393471822975	0.006829570064561415
19.524235143435316	0.007168585787478853
19.53591848666	0.007821170801048681
19.541760158272346	0.008133898922402256
19.547601829884687	0.008433614378514141
19.55344350149703	0.008720992949920247
19.559285173109373	0.008993972500972405
19.565126844721718	0.009250660935679814
19.570968516334062	0.009489470928168988
19.576810187946407	0.00970996603785133
19.582651859558748	0.009910290573421424
19.58917291819447	0.010108835606708257
19.59569397683019	0.010279977722136206
19.60221503546591	0.010422474119466953
19.60873609410163	0.010534892071211908
19.61525715273735	0.010616973336329301
19.621778211373073	0.010668576527241272
19.628299270008796	0.01068803082115362
19.634820328644516	0.010675831114506311
19.641341387280235	0.010631800749409755
19.64786244591596	0.010556631385698017
19.65438350455168	0.010450336228823603
19.6609045631874	0.010313103197063167
19.66742562182312	0.010146300376750357
19.673946680458844	0.009950668689338553
19.680467739094567	0.009727461684631095
19.686988797730287	0.009477831313719067
19.693509856366006	0.009203335437384432
19.70003091500173	0.008905434708578568
19.713073032273172	0.008247238955000949
19.719594090908892	0.007890732797372686
19.72611514954461	0.007518748937511257
19.739157266816054	0.006737629331343906
19.745678325451777	0.0063331361565195365
19.752199384087497	0.005922532597345504
19.765241501358936	0.00509319500839539
19.79132573590182	0.003471664359052575
19.79784679453754	0.003088394622346927
19.804367853173265	0.0027187515503169866
19.810888911808988	0.0023648230108816587
19.817409970444707	0.0020290037464331945
19.823931029080427	0.0017131815797736226
19.83045208771615	0.0014192032756817768
19.836973146351873	0.0011491553070573524
19.843494204987593	0.0009042888711360986
19.850015263623312	0.0006863781859237517
19.856536322259036	0.0004966898471099445
19.86305738089476	0.00033684638742485784
19.86957843953048	0.0002070724118094329
19.876099498166198	0.00010803211275360776
19.882620556801918	0.00004065285615582025
19.889141615437637	5.54799193252381e-6
19.89566267407336	2.8336848527706765e-6
19.902183732709084	0.00003255816487319173
19.908704791344803	0.00009460301651081221
19.915225849980523	0.0001885783950694147
19.921746908616242	0.0003139370838489055
19.928267967251962	0.0004700165789089713
19.934789025887685	0.0006558893357413755
19.94131008452341	0.0008701870065744629
19.947831143159128	0.0011121882937142249
19.954352201794848	0.0013799064725477875
19.96087326043057	0.0016718022673055562
19.973915377702014	0.0023220741755295288
19.980436436337733	0.0026765256472633305
19.986957494973456	0.003047590787771509
19.99347855360918	0.003432704818136765
19.9999996122449	0.0038304450870160923