4.0816326530612243e-7	1.7955475146516906e-25
0.006134358411192534	5.664067333815263e-9
0.012268308659119763	9.060790393992151e-8
0.01840225890704699	4.586390210691527e-7
0.02453620915497422	1.449302767211994e-6
0.03067015940290145	3.537690682153415e-6
0.03680410965082868	7.334172323878389e-6
0.042938059898755904	0.000013584050689861443
0.04907201014668314	0.000023167141408642137
0.055205960394610364	0.000037097275878752616
0.06133991064253759	0.000056521728618575816
0.06747386089046481	0.00008272056907582715
0.07360781113839204	0.00011710593821706286
0.07974176138631928	0.000161221250226941
0.08587571163424651	0.0002167403197154898
0.09200966188217374	0.00028546641483807346
0.09814361213010096	0.00036933123675616933
0.10427756237802818	0.0004703938259745109
0.11041151262595542	0.0005908393959807526
0.11654546287388265	0.0007329780949098555
0.12267941312180988	0.0008992436955654722
0.1288133633697371	0.0010921922147219805
0.13494731361766432	0.0013145004620689208
0.14108126386559156	0.0015689645196830038
0.1472152141135188	0.0018584981527640944
0.15334916436144602	0.0021861311521548226
0.15948311460937326	0.0025550076097125723
0.1656170648573005	0.0029683841272140597
0.17175101510522772	0.003429627959616472
0.17788496535315496	0.00394221509362763
0.1840189156010822	0.004509728262457281
0.19015286584900942	0.005135854897741961
0.19628681609693663	0.005824385019565242
0.20242076634486383	0.0065792090654657005
0.20855471659279107	0.007404315659863813
0.2146886668407183	0.008303789324351435
0.22082261708864553	0.009281808130605735
0.22695656733657277	0.010342641296398652
0.2330905175845	0.011490646726443171
0.24535841808035447	0.01406603429771155
0.2514923683282817	0.015502552796311077
0.2576263185762089	0.017044510986156333
0.2637602688241361	0.018696671459448463
0.26989421907206335	0.0204638696422593
0.2760281693199906	0.022351010981338085
0.2821621195679178	0.024363068085400938
0.2944300200637723	0.02878213837404106
0.3005639703116995	0.03119940624936444
0.30669792055962675	0.03376209325817522
0.3189658210554812	0.039344829993133906
0.32509977130340845	0.04237555207599287
0.3312337215513357	0.045573031697389604
0.34350162204719015	0.05249006644301611
0.3496355722951174	0.056220610716412725
0.3557695225430446	0.06013988427116125
0.3680374230388991	0.06856691232945815
0.3741713732868263	0.07308586794953677
0.38030532353475355	0.07781594833162049
0.39257322403060796	0.08793205254347641
0.39922312899433554	0.09379395364509426
0.40587303395806307	0.09993111577904833
0.41917284388551823	0.11306004883548866
0.4258227488492458	0.12006621063158589
0.4324726538129734	0.12737640473347925
0.44577246374042856	0.14293746168829655
0.45242236870415614	0.15120253598653702
0.4590722736678837	0.159800054953698
0.4723720835953389	0.17802040842756484
0.4989717034502492	0.21875522581826318
0.5056216084139769	0.22987297375091648
0.5122715133777044	0.24137756947291267
0.5255713233051595	0.2655731004455677
0.5322212282688872	0.2782767031003202
0.5388711332326147	0.29139247823417785
0.5521709431600699	0.3188847569065135
0.5588208481237975	0.3332730851931797
0.565470753087525	0.34809722566079365
0.5787705630149802	0.37907525215590127
0.6053701828698904	0.44649892356715537
0.6120200878336179	0.4645232291053335
0.6186699927973456	0.4830243320341994
0.6319698027248006	0.5214745370713201
0.658569422579711	0.6042806801458955
0.6652193275434386	0.6262342047453919
0.6718692325071661	0.6486952030332002
0.6851690424346213	0.6951514424391054
0.7117686622895316	0.7942724244691718
0.7184185672532593	0.8203586025964915
0.7250684722169868	0.8469705890192953
0.738368282144442	0.9017771121343876
0.7649679019993523	1.0177436517502336
0.8181671417091729	1.2750818756060065
0.8243763687356396	1.3073082621164898
0.8305855957621063	1.3399874993405758
0.8430040498150397	1.4066963615596726
0.8678409579209065	1.5454477840115979
0.9175147741326402	1.8435812135326937
1.0168624065561074	2.5141670570318713
1.0230716335825742	2.558948344053348
1.029280860609041	2.604024564782892
1.0416993146619742	2.6950299099938277
1.066536222767841	2.880219809998053
1.1162100389795746	3.261326766566749
1.2155576714030418	4.048675849631105
1.2216450980432683	4.097262504801034
1.2277325246834945	4.14582304034846
1.239907377963947	4.242821279829426
1.2642570845248517	4.436012112844411
1.3129564976466614	4.816621651106839
1.3190439242868877	4.86343261557445
1.3251313509271139	4.910035027410025
1.3373062042075663	5.002567941633917
1.3616559107684714	5.184622860268942
1.4103553238902813	5.534121048898884
1.4164427505305075	5.576217450590605
1.4225301771707337	5.617923095105945
1.4347050304511861	5.700118158364197
1.4590547370120912	5.859339777878322
1.4651421636523176	5.898006090520767
1.4712295902925439	5.936195746344148
1.4834044435729963	6.011103802442706
1.5077541501339011	6.154751682995783
1.5138415767741273	6.189320885478972
1.5199290034143536	6.223333657152388
1.532103856694806	6.289652248820174
1.556453563255711	6.415205392221217
1.5625409898959375	6.445066062801875
1.5686284165361637	6.474298511352484
1.5808032698166161	6.530845591633023
1.605152976377521	6.63604525035701
1.6117563577335474	6.662710166861409
1.618359739089574	6.688562056896879
1.6315665018016272	6.737791335185853
1.6381698831576539	6.76115163105081
1.6447732645136806	6.783664723248275
1.6579800272257337	6.826117915280823
1.6645834085817603	6.846042979673134
1.6711867899377868	6.8650907762417
1.6843935526498401	6.900527449502592
1.6909969340058666	6.9169034553197175
1.6976003153618933	6.932376457388363
1.7108070780739464	6.96059079439649
1.7174104594299728	6.973321516218466
1.7240138407859995	6.985128012938167
1.7306172221420262	6.996005703594554
1.7372206034980526	7.005950301431428
1.743823984854079	7.014957815913502
1.7504273662101058	7.023024554609915
1.7570307475661324	7.030147124960797
1.7636341289221589	7.036322435911442
1.7702375102781853	7.041547699419499
1.776840891634212	7.045820431840598
1.7834442729902387	7.0491384551766165
1.7900476543462651	7.05149989820324
1.7966510357022918	7.052903197461273
1.8032544170583185	7.053347098126585
1.809857798414345	7.052830654738738
1.8164611797703716	7.051353231809323
1.8230645611263983	7.048914504296324
1.8296679424824247	7.045514457942179
1.8362713238384514	7.041153389490122
1.842874705194478	7.035831906763245
1.8494780865505045	7.029550928613901
1.8560814679065312	7.022311684741966
1.8626848492625578	7.014115715386131
1.8692882306185843	7.004964870875318
1.8758916119746107	6.994861311062637
1.8824949933306374	6.983807504616822
1.889098374686664	6.971806228191254
1.8957017560426905	6.958860565464134
1.902305137398717	6.9449739060456155
1.9089085187547437	6.930149944260451
1.9221152814667968	6.8977064062555815
1.9287186628228232	6.880095729507884
1.93532204417885	6.8615655460140115
1.948528806890903	6.821767734258913
1.9551321882469297	6.800511378517114
1.9617355696029564	6.778358056757877
1.9749423323150095	6.731386245377214
1.9815457136710362	6.706581332398946
1.9881490950270626	6.68090660142858
2.001355857739116	6.626977911478706
2.027769383163222	6.509030409422424
2.033932086581988	6.47962160343398
2.0400947900007536	6.449513366198279
2.052420196838285	6.3872298995930805
2.0770710105133476	6.254624485241655
2.1263726378634735	5.959243477471477
2.1325353412822396	5.919677241367715
2.1386980447010053	5.87955695177433
2.1510234515385367	5.797696050492837
2.1756742652135994	5.6277933105840106
2.224975892563725	5.265769108906921
2.2311385959824905	5.218659151634811
2.237301299401256	5.171176317680038
2.2496267062387876	5.07514075750775
2.2742775199138503	4.87913520172381
2.323579147263976	4.474195742857709
2.4221824019642275	3.635500461496859
2.4288610600987934	3.5782959482269288
2.4355397182333594	3.5211312144223594
2.4488970345024916	3.4069845358727577
2.4756116670407557	3.1798616244076516
2.5290409321172844	2.733723635282754
2.5357195902518503	2.679005773037612
2.5423982483864167	2.624568926746638
2.5557555646555485	2.516593792545227
2.582470197193813	2.3046167295717535
2.6358994622703413	1.899431158250477
2.6425781204049072	1.8507782893377691
2.649256778539473	1.8026066594881818
2.6626140948086054	1.7077498366080013
2.6893287273468696	1.5242678854791722
2.696007385481436	1.4797524508293498
2.702686043616002	1.4357975299680963
2.716043359885134	1.3496042217833357
2.7427579924233982	1.1843144283049705
2.749436650557964	1.144515532251559
2.7561153086925305	1.1053404559452609
2.7694726249616624	1.0288884423491893
2.796187257499927	0.8837487256154382
2.802865915634493	0.849113994907751
2.8095445737690588	0.8151494465926199
2.822901890038191	0.7492489212196671
2.849616522576455	0.6256729999868367
2.8561733803247806	0.5970380425711258
2.862730238073106	0.5690768878843476
2.8758439535697575	0.5151847907750221
2.8824008113180835	0.48925761802731615
2.888957669066409	0.4640117886089388
2.90207138456306	0.41556893135071804
2.9086282423113854	0.39237366460825995
2.915185100059711	0.36986326544195064
2.9282988155563623	0.3268978666210186
2.9545262465496647	0.24918056019110224
2.96108310429799	0.23145786939150864
2.9676399620463156	0.21441533259641343
2.980753677542967	0.18236384030360095
2.987310535291293	0.16735086587291023
2.9938673930396185	0.15301001184629073
3.0069811085362694	0.12633412841810854
3.013537966284595	0.11399327464374567
3.0200948240329204	0.10231289745115418
3.026651681781246	0.09128953978951392
3.033208539529572	0.08091953136575335
3.0397653972778977	0.0711989913748619
3.0463222550262232	0.06212383130360708
3.059435970522874	0.045892275647627295
3.0659928282711997	0.038726690721179714
3.072549686019525	0.032188113124950395
3.0791065437678506	0.026271460308980803
3.0856634015161766	0.02097146028344361
3.0922202592645025	0.01628265488865312
3.098777117012828	0.012199403124819798
3.1053339747611535	0.008715884539729692
3.111890832509479	0.00582610267258329
3.1184476902578044	0.003523888552120027
3.12500454800613	0.001802904247232449
3.1315614057544554	0.0006566464681821167
3.1381182635027813	0.00007845021656710799
3.1446751212511073	0.00006149248214299518
3.1512319789994327	0.0005987959846065558
3.1577888367477582	0.001683232958430397
3.1643456944960837	0.003307528978827417
3.170902552244409	0.005464266826916456
3.1774594099927347	0.008145890392150199
3.18401626774106	0.011344708610050368
3.190573125489386	0.015052899433318721
3.197129983237712	0.01926251383432194
3.2036868409860375	0.023965479837036972
3.210243698734363	0.02915360657645132
3.2168005564826885	0.034818588383460684
3.223357414231014	0.04095200889327798
3.2299142719793394	0.04754534517539378
3.2430279874759904	0.062077165420745824
3.249584845224316	0.06999810812621184
3.2561417029726414	0.07834389246760566
3.269255418469293	0.09627393183947688
3.2753715982803575	0.10518476207680728
3.2814877780914222	0.11443407849776921
3.2937201377135517	0.13391797075431228
3.3181848569578105	0.17661280721165268
3.3243010367688752	0.18801792796034986
3.33041721657994	0.19970002296009925
3.3426495762020694	0.2238637182913382
3.3671142954463282	0.27516794951159085
3.373230475257393	0.2885679025081484
3.3793466550684577	0.3021814983953645
3.391579014690587	0.330017739144511
3.416043733934846	0.38790329670319396
3.4649731724233637	0.5107498200153046
3.4710893522344284	0.5266156090345058
3.477205532045493	0.5425688252718075
3.4894378916676225	0.5747068795123862
3.5139026109118814	0.6396972606949449
3.562832049400399	0.770879759924398
3.6606909263774345	1.0256651208008187
3.6673230609043	1.042074157229553
3.673955195431165	1.058332930948295
3.687219464484895	1.0903725579096397
3.7137480025923555	1.152357966762191
3.7203801371192204	1.167381799851096
3.7270122716460854	1.1822047545740735
3.7402765406998157	1.211225458451776
3.766805078807276	1.2666163912396164
3.773437213334141	1.279882521113489
3.780069347861006	1.2929065302991711
3.7933336169147363	1.318210453781227
3.8198621550221965	1.3657264345276294
3.8264942895490615	1.3769390381111766
3.8331264240759264	1.3878780762939882
3.8463906931296568	1.408922681149996
3.872919231237117	1.4475972562016002
3.879551365763982	1.4565394972920596
3.886183500290847	1.4651866425003015
3.8994477693445773	1.4815877974731695
3.9060799038714427	1.4893382622848856
3.9127120383983076	1.496786539813888
3.9259763074520375	1.5107710936285283
3.9326084419789025	1.517305020808978
3.9392405765057674	1.5235320605060214
3.9525048455594978	1.535062387678535
3.959136980086363	1.540364490081422
3.965769114613228	1.5453573323994418
3.979033383666958	1.55441442267467
3.985665518193823	1.5584786103482848
3.9922976527206884	1.5622334144855805
3.9989297872475538	1.5656791451352157
4.005561921774419	1.5688162456500887
4.012194056301284	1.5716452910716403
4.018826190828149	1.5741669864687395
4.025458325355014	1.5763821652297119
4.0320904598818785	1.578291787311618
4.0387225944087435	1.5798969374459124
4.045354728935608	1.5811988233024605
4.051986863462473	1.582198773614274
4.058618997989338	1.5828982362615962
4.065251132516203	1.5832987763194857
4.071883267043068	1.5834020740698955
4.078515401569934	1.5832099229754029
4.085147536096799	1.5827242276236317
4.091338992686403	1.5820076452067877
4.097530449276007	1.581038708508213
4.103721905865612	1.5798192196728094
4.109913362455217	1.5783510589847303
4.116104819044821	1.5766361833042355
4.122296275634425	1.5746766244923835
4.128487732224029	1.5724744878136743
4.134679188813633	1.570031950327464
4.140870645403238	1.567351259262876
4.147062101992842	1.564434730380871
4.1532535585824455	1.561284746321603
4.15944501517205	1.557903754942751
4.165636471761655	1.554294267643351
4.1718279283512585	1.5504588576802996
4.184210841530467	1.5421208618978473
4.1904022981200715	1.537623716582939
4.196593754709675	1.5329115261836654
4.208976667888884	1.5228534895539507
4.215168124478488	1.5175135102388695
4.221359581068092	1.5119702161973758
4.2337424942473	1.500285939925534
4.239933950836905	1.4941511954914297
4.246125407426509	1.4878256084337527
4.258508320605717	1.474614827474048
4.283274146964134	1.4460472956724044
4.289465603553738	1.4384779799627279
4.295657060143342	1.430744544954275
4.3080399733225505	1.4147992343380449
4.332805799680967	1.3810935103001012
4.382337452397801	1.3072249996640402
4.388528908987405	1.2974568605871921
4.394720365577009	1.2875820991106484
4.407103278756217	1.2675273313239097
4.431869105114634	1.2262989756388292
4.481400757831468	1.1401774225210448
4.487470414034831	1.1293559329649785
4.493540070238195	1.1184871232809128
4.505679382644923	1.0966205461706677
4.529958007458378	1.0524613088613584
4.578515257085288	0.9631347770319341
4.675629756339107	0.7856003479931615
4.68169941254247	0.7747391922100662
4.687769068745833	0.7639198040036677
4.699908381152561	0.7424149202693388
4.724187005966016	0.699998394549582
4.772744255592926	0.6179621694954073
4.869858754846746	0.46785812339075294
4.876444365765909	0.458448159240323
4.883029976685074	0.449142495730956
4.896201198523402	0.4308476862912218
4.922543642200059	0.3955461807825298
4.929129253119223	0.3869930847167499
4.9357148640383866	0.37855002082465383
4.948886085876715	0.3619957895430496
4.975228529553371	0.3302245232544434
4.981814140472535	0.32256168366544824
4.988399751391699	0.3150111099988413
5.001570973230027	0.3002469172565644
5.027913416906683	0.272064803494987
5.080598304259996	0.22103593286449988
5.0871839151791605	0.21515014080838016
5.093769526098324	0.20937215184899322
5.106940747936653	0.19813710085172948
5.133283191613309	0.17693150261352059
5.139868802532472	0.17188918009050513
5.146454413451637	0.16694887649270934
5.159625635289965	0.15737088459108564
5.185968078966621	0.13939987772241647
5.192553689885784	0.1351484168263137
5.199139300804949	0.13099147360544264
5.212310522643277	0.12295698664838307
5.2386529663199335	0.10797556843799182
5.245238577239098	0.10445034707260177
5.2518241881582615	0.1010109148026186
5.26499540999659	0.09438479183728893
5.291337853673246	0.08211056870109867
5.2974827866551495	0.0794285743249874
5.303627719637053	0.07681308252782033
5.315917585600859	0.07177764912466014
5.340497317528472	0.06246112580838625
5.346642250510375	0.060283325460461196
5.3527871834922784	0.05816405701846623
5.365077049456085	0.054097116747705
5.389656781383698	0.046621704795959965
5.395801714365601	0.04488424215568387
5.401946647347504	0.043197362327619115
5.414236513311311	0.039971435413562836
5.420381446293214	0.03843044201331715
5.426526379275117	0.03693613958792723
5.4388162452389235	0.034083774204607925
5.444961178220827	0.032723809858468726
5.45110611120273	0.03140673441679641
5.463395977166536	0.02889752247211276
5.487975709094148	0.02435318951370547
5.4941206420760516	0.023310624156581732
5.500265575057954	0.02230370044809581
5.51255544102176	0.02039332086212516
5.5187003740036635	0.01948816060391203
5.524845306985567	0.0186152336791282
5.537135172949373	0.016962782145767005
5.543280105931276	0.016181634953703943
5.54942503891318	0.015429476289284018
5.561714904876986	0.014008998697659786
5.586294636804599	0.0114821514759448
5.592439569786502	0.010911585485036936
5.598584502768405	0.010364052548591615
5.610874368732212	0.009335330268494441
5.617019301714115	0.00885279316255638
5.623164234696018	0.008390593707977458
5.635454100659825	0.00752464553801414
5.641599033641728	0.007119646217025873
5.647743966623631	0.0067324833851806895
5.6600338325874375	0.006009300617661584
5.666178765569341	0.005672128022570295
5.672323698551244	0.0053504865789439264
5.68461356451505	0.004751626288944873
5.691274452212754	0.00445060512112442
5.697935339910457	0.004165304005652906
5.711257115305864	0.003639352762025356
5.717918003003568	0.0033974892958275257
5.724578890701272	0.0031689189933592574
5.737900666096679	0.002749410274490469
5.744561553794382	0.0025573880920156345
5.751222441492086	0.002376491246479781
5.75788332918979	0.002206217211941606
5.764544216887494	0.00204607890775515
5.7712051045851975	0.0018956045197250557
5.7778659922829005	0.0017543373130254824
5.7911877676783075	0.0014976717239353191
5.797848655376011	0.0013814334769405372
5.804509543073714	0.0012727222559627209
5.811170430771417	0.0011711536536274459
5.817831318469121	0.0010763570664493994
5.824492206166825	0.000987975460035716
5.831153093864528	0.0009056651288854662
5.844474869259935	0.0007579486386103501
5.851135756957639	0.0006919194824963826
5.857796644655342	0.0006307150950515824
5.864457532353045	0.0005740546476236415
5.871118420050749	0.0005216691053788566
5.877779307748453	0.0004733009590548094
5.884440195446157	0.0004287039540882481
5.897761970841564	0.0003498929825347715
5.904422858539267	0.0003152403124080214
5.9110837462369705	0.00028348082178099624
5.917744633934674	0.00025442039799709567
5.924405521632378	0.00022787452137180611
5.931066409330082	0.0002036679851983677
5.937727297027785	0.00018163461572792762
5.944388184725488	0.0001616169924324112
5.951049072423192	0.0001434661688531209
5.957709960120896	0.00012704139432936633
5.964370847818599	0.00011220983690137232
5.971031735516302	0.00009884630767132037
5.977692623214006	0.00008683298690559117
5.98435351091171	0.00007605915214918817
5.991014398609413	0.00006642090862425912
5.997675286307116	0.00005782092217286428
6.00433617400482	0.00005016815500201109
6.010997061702524	0.00004337760447692428
6.017657949400227	0.000037370045209493236
6.02431883709793	0.00003207177467450269
6.030979724795634	0.000027414362584393728
6.0376406124933375	0.000023334404243553247
6.044301500191041	0.000019773278097029815
6.050962387888745	0.000016676907680762184
6.057623275586448	0.000013995528173871719
6.064284163284151	0.000011683457743287813
6.070945050981855	9.69887386786271e-6
6.077605938679559	8.003594816763592e-6
6.084266826377263	6.562866451762584e-6
6.090927714074967	5.345154514908216e-6
6.09758860177267	4.321942553702962e-6
6.104249489470373	3.4675356295469108e-6
6.110910377168077	2.7588699459878815e-6
6.11744946447954	2.1849880818460886e-6
6.123988551791003	1.7143114947332642e-6
6.130527639102466	1.331412393958489e-6
6.137066726413929	1.0226623382298542e-6
6.143605813725392	7.760869726522795e-7
6.150144901036855	5.812266417872142e-7
6.156683988348318	4.2900294865207263e-7
6.163223075659781	3.1159132257917797e-7
6.169762162971244	2.2229965153784798e-7
6.176301250282707	1.5545302749993714e-7
6.18284033759417	1.0628464619704465e-7
6.189379424905633	7.08328955149516e-8
6.195918512217096	4.5844659778742383e-8
6.202457599528559	2.868485999064479e-8
6.208996686840022	1.7252243179766894e-8
6.215535774151486	9.901426997198489e-9
6.22207486146295	5.371198787906823e-9
6.228613948774413	2.719061498818212e-9
6.235153036085876	1.2620119810867495e-9
6.241692123397339	5.235305001979409e-10
6.248231210708802	1.867535966368009e-10
6.254770298020265	5.3795844828680255e-11
6.261309385331728	1.1179539751746722e-11
6.267848472643191	1.3249098519284193e-12
6.274387559954654	4.71117655791188e-14
6.280926647266117	1.346221400968945e-17
6.28746573457758	6.223397805463684e-16
6.294004821889043	1.619672167168162e-13
6.300543909200506	2.756302963410789e-12
6.307082996511969	1.8724677700505676e-11
6.313622083823432	7.974318918707842e-11
6.320161171134895	2.5575066343931293e-10
6.326700258446358	6.778370180433064e-10
6.333239345757821	1.5663862302878698e-9
6.339778433069284	3.2643626173819996e-9
6.346317520380747	6.275624059063384e-9
6.35285660769221	1.1308140852760403e-8
6.359395695003673	1.9321994093597198e-8
6.365934782315136	3.158202281836945e-8
6.3724738696265995	4.9714984643961854e-8
6.3790129569380625	7.577109027208009e-8
6.3855520442495255	1.1228976804726525e-7
6.3920911315609885	1.6236951066628738e-7
6.3986302188724515	2.2974165233702713e-7
6.405169306183915	3.1884792078094807e-7
6.411708393495378	4.349216052069009e-7
6.418247480806841	5.840721775886409e-7
6.4247865681183045	7.733732017614343e-7
6.431325655429768	1.0109533614832588e-6
6.437864742741231	1.3060904358248701e-6
6.4444038300526945	1.669308047573951e-6
6.4509429173641575	2.1124750077790553e-6
6.4574820046756205	2.648907077114664e-6
6.4640210919870835	3.293470962619115e-6
6.4705601792985465	4.062690366328764e-6
6.47709926661001	4.9748539006119776e-6
6.483638353921473	6.050124683119304e-6
6.490177441232936	7.310651422898508e-6
6.496716528544399	8.780680808055506e-6
6.503255615855862	0.000010486671004087925
6.509794703167325	0.000012457406071013887
6.516333790478788	0.000014724111107056423
6.522872877790251	0.000017320567925202167
6.529411965101714	0.000020283231069957333
6.5355103744759155	0.00002341078389373256
6.541608783850118	0.000026925058858109325
6.547707193224321	0.00003086244133677434
6.553805602598523	0.000035261677534243153
6.5599040119727245	0.0000401639555734864
6.566002421346927	0.00004561298607065055
6.57210083072113	0.000051655082077808166
6.578199240095332	0.00005833923827890184
6.5842976494695336	0.0000657172093210359
6.590396058843736	0.00007384358716598732
6.596494468217939	0.00008277587734877145
6.602592877592141	0.00009257457402672962
6.608691286966343	0.0001033032337091957
6.614789696340544	0.00011502854755497274
6.626986515088949	0.00014175199849569402
6.633084924463152	0.00015689981958314745
6.639183333837353	0.00017334379564183102
6.645281743211555	0.00019116731776279986
6.651380152585757	0.00021045730931133232
6.657478561959959	0.00023130428518680467
6.6635769713341615	0.0002538024088094998
6.675773790082566	0.0003041473207981815
6.681872199456768	0.00033220115770198777
6.6879706088309705	0.0003623203359441575
6.694069018205173	0.00039461803000827956
6.700167427579375	0.00042921135171941356
6.706265836953577	0.00046622138868793975
6.7123642463277795	0.0005057732397502579
6.724561065076184	0.0005930230266860218
6.730659474450386	0.0006409914918045963
6.7367578838245885	0.000692042878157936
6.742856293198791	0.0007463227619585746
6.748954702572993	0.0008039808760269772
6.755053111947195	0.000865171122139039
6.7611515213213975	0.0009300515798075737
6.773348340069802	0.0010715363638016786
6.779446749444004	0.0011484777657697796
6.7855451588182065	0.001229783522262265
6.797741977566611	0.0014062081355817133
6.803840386940813	0.00150169737412746
6.809938796315015	0.0016022916913249704
6.822135615063419	0.0018195814546755897
6.828234024437622	0.0019366799582078093
6.834332433811824	0.002059689583689578
6.846529252560227	0.0023242919855579478
6.852627661934429	0.002466319350695064
6.858726071308632	0.002615126910931757
6.870922890057036	0.002933993284177017
6.877021299431238	0.0031045165473300614
6.883119708805441	0.0032827487683226397
6.895316527553845	0.0036633075642838785
6.919710165050654	0.004527759524577981
6.926324529140657	0.004787560321735306
6.932938893230659	0.005058829867487268
6.946167621410664	0.005637135568850994
6.952781985500667	0.00594486066554578
6.959396349590669	0.006265432037728754
6.972625077770674	0.006946526123984387
6.979239441860677	0.00730776199194344
6.985853805950679	0.007683270039092835
6.999082534130684	0.008478554892383736
7.025539990490695	0.010256464972367985
7.0321543545806975	0.01074212630497583
7.038768718670701	0.01124500362294874
7.051997446850706	0.012303894671439324
7.058611810940708	0.012860652580643029
7.065226175030711	0.013436114304691443
7.078454903210716	0.014644631588992665
7.085069267300718	0.015278425598983705
7.091683631390721	0.01593239976400611
7.104912359570726	0.017302347296969087
7.131369815930736	0.020300315281399632
7.137984180020738	0.021105637326450093
7.144598544110741	0.02193398541886983
7.157827272290746	0.023661115111029772
7.184284728650756	0.027406326067138685
7.190899092740758	0.028405101300681374
7.197513456830761	0.02942947867675664
7.210742185010766	0.0315562136984245
7.237199641370776	0.03612941295269351
7.243814005460779	0.037340858084874785
7.250428369550782	0.03858005403444294
7.263657097730787	0.041142611681368804
7.290114554090797	0.046610238410845675
7.343029466810817	0.05895338141304886
7.349203152963559	0.06051802662644451
7.355376839116301	0.062108935342320024
7.367724211421784	0.06536968757163975
7.392418956032751	0.07220735092206346
7.441808445254684	0.08714141796480723
7.447982131407425	0.08912483302763048
7.454155817560167	0.09113380294496091
7.46650318986565	0.0952278187092135
7.491197934476617	0.10371533672873187
7.54058742369855	0.12183916245593654
7.546761109851293	0.12420712576865925
7.552934796004034	0.1265968221855103
7.565282168309517	0.13144001009261963
7.589976912920484	0.14137101805024474
7.639366402142417	0.16211652013166405
7.738145380586284	0.2062174630630921
7.744835021454826	0.20928360468250093
7.751524662323368	0.2123550835551229
7.7649039440604515	0.21851041376546176
7.791662507534619	0.23084445041785542
7.845179634482956	0.2553885867280054
7.851869275351499	0.2584254095686633
7.858558916220041	0.26145186743837034
7.871938197957125	0.26746949717052965
7.898696761431292	0.27933402734956636
7.952213888379628	0.30214113367880624
7.95890352924817	0.30488469626380227
7.965593170116712	0.30760084381203967
7.978972451853796	0.31294664337012534
8.005731015327964	0.32326273352026585
8.012420656196506	0.32575743231164345
8.019110297065048	0.32821633678103845
8.032489578802132	0.33302269015662234
8.0592481422763	0.34216153981419745
8.065937783144841	0.3443418015147947
8.072627424013383	0.34647835985728803
8.086006705750467	0.3506166122742032
8.112765269224635	0.3583280956758155
8.119454910093177	0.3601330877373152
8.126144550961719	0.36188721561600223
8.139523832698803	0.36523957861730655
8.166282396172972	0.3712985739252292
8.172850236655275	0.3726498427692044
8.179418077137576	0.37394616782038215
8.192553758102179	0.37637140913100925
8.19912159858448	0.3774990835399494
8.205689439066782	0.3785693312226738
8.218825120031386	0.38053527707021717
8.225392960513688	0.38142989114117276
8.231960800995989	0.3822649109972025
8.23852864147829	0.3830398467239769
8.245096481960593	0.3837542298570034
8.251664322442895	0.3844076136985445
8.258232162925196	0.3849995736244624
8.264800003407498	0.3855297073812537
8.271367843889799	0.3859976353727065
8.2779356843721	0.3864030009362492
8.2845035248544	0.3867454706085325
8.291071365336702	0.38702473438041995
8.297639205819005	0.3872405059412591
8.304207046301308	0.3873925229112164
8.310774886783609	0.38748054706336954
8.31734272726591	0.38750436453378345
8.32391056774821	0.38746378602000126
8.330478408230512	0.38735864696794836
8.337046248712813	0.3871888077473839
8.343614089195114	0.38695415381443465
8.350181929677417	0.38665459586306505
8.35674977015972	0.3862900699635721
8.36331761064202	0.38586053768920053
8.369885451124322	0.38536598623020096
8.376453291606623	0.3848064284953103
8.383021132088924	0.3841819032008037
8.389588972571225	0.38349247494645233
8.396156813053526	0.3827382342795826
8.402724653535829	0.38191929774522515
8.409292494018132	0.3810358079242865
8.415860334500433	0.3800879334582771
8.428996015465035	0.37799983551846955
8.435563855947336	0.3768600796731019
8.442131696429637	0.3756568743979807
8.455267377394241	0.37306133694631477
8.461835217876544	0.37166968023856206
8.468403058358845	0.3702159248926673
8.481538739323447	0.36712375251091395
8.488106579805748	0.3654862164496888
8.49467442028805	0.36378834344921
8.507810101252653	0.36021362672753143
8.53408146318186	0.3523639834471766
8.54064930366416	0.35025924689858423
8.547217144146462	0.3480988942330663
8.560352825111066	0.34361415832855324
8.586624187040272	0.33400957950927745
8.592751349585313	0.331651991685662
8.598878512130353	0.32925136852450504
8.611132837220435	0.32432387339106067
8.635641487400598	0.31398475993344793
8.684658787760922	0.2915493588398953
8.782693388481572	0.2412563511072908
8.788820551026614	0.23794199061767962
8.794947713571654	0.23461368386379886
8.807202038661735	0.22791947678847937
8.831710688841898	0.21441065267913104
8.880727989202224	0.18715367653589357
8.978762589922875	0.1336273351595221
8.985405707183716	0.13013070731695403
8.992048824444556	0.12665803822369118
9.005335058966239	0.11978969291750004
9.031907528009604	0.10639609908587083
9.038550645270446	0.10312634096654186
9.045193762531287	0.0998904370060718
9.058479997052968	0.09352486398711553
9.085052466096332	0.08125042866841134
9.091695583357174	0.07828338128301505
9.098338700618015	0.07535908331820891
9.111624935139696	0.06964282969490444
9.13819740418306	0.05876719993354401
9.144840521443902	0.0561697909422913
9.151483638704743	0.053622772800202646
9.164769873226424	0.048683309418920045
9.191342342269788	0.03944515002020708
9.19798545953063	0.037273502362396536
9.204628576791471	0.03515842035132261
9.217914811313152	0.031100567223849126
9.224557928573994	0.029159038255563898
9.231201045834833	0.027276558736675834
9.244487280356516	0.023690941913159864
9.251130397617358	0.02198883443094393
9.257773514878199	0.020347835656531425
9.27105974939988	0.017250924568583372
9.277702866660722	0.01579582357238031
9.284345983921561	0.014403453642007786
9.297632218443244	0.011808223834886033
9.304275335704085	0.01060595234607655
9.310918452964927	0.00946758853370752
9.317561570225767	0.008393356204255452
9.324204687486608	0.007383450909443297
9.33084780474745	0.006438039912613695
9.33749092200829	0.005557262169093669
9.34413403926913	0.004741228320538436
9.350777156529972	0.003990020703240711
9.357420273790813	0.003303693370365596
9.364063391051655	0.0026822721280701516
9.370706508312495	0.0021257545854711513
9.377349625573336	0.0016341102184004956
9.383992742834177	0.0012072804468867182
9.390635860095017	0.0008451787262964893
9.397278977355858	0.0005476906520586138
9.4039220946167	0.0003146740778872076
9.41012453394028	0.00015516362625930398
9.41632697326386	0.000051547307390366016
9.42252941258744	3.644580412437448e-6
9.42873185191102	0.000011254265666456562
9.434934291234601	0.00007415467388248715
9.441136730558181	0.00019210374388735788
9.447339169881761	0.00036483918875823197
9.453541609205342	0.0005920786503374129
9.459744048528922	0.0008735198620182314
9.465946487852502	0.0012088408197107954
9.472148927176082	0.001597699960889685
9.478351366499663	0.0020397363516225127
9.484553805823243	0.002534569881479312
9.490756245146823	0.003081801466210749
9.496958684470403	0.003681013258084137
9.503161123793982	0.004331768863769763
9.50936356311756	0.0050336135696509065
9.51556600244114	0.005786074574440402
9.5279708810883	0.007440865283098606
9.534173320411881	0.008342161139381103
9.540375759735461	0.009292006113747779
9.552780638382622	0.011335088856896519
9.558983077706202	0.012427158261598441
9.565185517029782	0.013565440622660628
9.577590395676943	0.01597813290152529
9.602400152971263	0.0213296039305547
9.608602592294844	0.022773065361981024
9.614805031618424	0.024257334439472155
9.627209910265584	0.02734532964607168
9.652019667559905	0.03397768927918897
9.701639182148547	0.048886701960664504
9.707841621472127	0.05088796592404486
9.714044060795707	0.05291688840202132
9.726448939442868	0.05705410305635821
9.751258696737189	0.065620407175095
9.800878211325829	0.08371129881706535
9.806958850263168	0.08599806426612444
9.81303948920051	0.0882970144234762
9.825200767075188	0.09292784174897208
9.849523322824545	0.10229580598875315
9.898168434323264	0.12125460016892724
9.904249073260603	0.1236278777764116
9.910329712197942	0.12599896863254076
9.922490990072623	0.13073110248050177
9.946813545821982	0.1401310597124861
9.995458657320698	0.1584860194450315
10.001539296258038	0.16072285908152215
10.007619935195379	0.16294430501813806
10.019781213070058	0.16733799219404172
10.044103768819415	0.17590792920491322
10.092748880318133	0.1920219280605266
10.098829519255473	0.19392722939742874
10.104910158192812	0.1958062746362942
10.117071436067492	0.1994832914258896
10.141393991816852	0.2064976167148523
10.147474630754191	0.20817736822415858
10.15355526969153	0.20982659333392348
10.165716547566209	0.2130315848058397
10.190039103315568	0.21905535605877355
10.196635696968709	0.22059761827587107
10.203232290621848	0.22209992284285587
10.216425477928128	0.2249828489910415
10.22302207158127	0.22636261576526695
10.229618665234408	0.22770071541289852
10.242811852540688	0.23025042600910908
10.24940844619383	0.23146134404929966
10.256005039846968	0.23262920920012742
10.269198227153248	0.23483461878852363
10.27579482080639	0.23587163307963796
10.282391414459529	0.2368645341601323
10.295584601765809	0.23871715983213163
10.30218119541895	0.23957651658865245
10.308777789072089	0.24039102435622134
10.315374382725228	0.24116054955009888
10.321970976378369	0.2418849785871669
10.32856757003151	0.2425642177977551
10.335164163684649	0.24319819332850795
10.348357350990929	0.24433015636769892
10.35495394464407	0.24482809424331092
10.361550538297209	0.24528066891445413
10.368147131950348	0.24568790382486183
10.374743725603489	0.24604984145827502
10.38134031925663	0.24636654317835363
10.387936912909769	0.24663808906019768
10.394533506562908	0.2468645777133792
10.401130100216049	0.2470461260971749
10.40772669386919	0.24718286932763103
10.414323287522329	0.24727496047685615
10.420919881175468	0.2473225703645148
10.427516474828609	0.24732588734218364
10.43411306848175	0.24728511707005332
10.44070966213489	0.2472004822865649
10.447306255788028	0.2470722225710826
10.45390284944117	0.24690059409982232
10.46049944309431	0.24668586939506407
10.46709603674745	0.24642833706797715
10.473692630400588	0.24612830155510074
10.48028922405373	0.24578608284875925
10.48688581770687	0.245402016221859
10.49348241136001	0.24497645194660406
10.500079005013149	0.2445097550077963
10.50667559866629	0.24400230481108215
10.51327219231943	0.2434544948858614
10.51986878597257	0.24286673258327454
10.53306197327885	0.24157304751523892
10.53965856693199	0.2408680057787755
10.54625516058513	0.24012477308800703
10.55944834789141	0.23852563385398484
10.56604494154455	0.23767070628110903
10.57264153519769	0.23677954502994925
10.58583472250397	0.23489060186706104
10.61222109711653	0.23070136857092666
10.618377012832408	0.22964809763993643
10.624532928548287	0.22856708418780333
10.636844759980047	0.22632375864049561
10.661468422843562	0.22152573371541165
10.710715748570596	0.21079884898963064
10.716871664286476	0.20936225143431447
10.723027580002356	0.2079061740508803
10.735339411434113	0.20493776331281446
10.75996307429763	0.19879129560715883
10.809210400024662	0.1857835418773151
10.81536631574054	0.18410134219190233
10.82152223145642	0.18240848309214336
10.83383406288818	0.17899297419377275
10.858457725751695	0.17205799331180496
10.907705051478729	0.1578915317811441
11.006199702932795	0.12927598280341418
11.012871573364475	0.1273602670453646
11.019543443796154	0.12545049275842776
11.032887184659513	0.12165079700298335
11.059574666386231	0.11414447820055511
11.112949629839667	0.09960504940478676
11.119621500271347	0.09784001786997613
11.126293370703026	0.09608788064223418
11.139637111566385	0.09262366128043234
11.166324593293103	0.0858644426550832
11.219699556746539	0.07308578042491214
11.226371427178218	0.07156248664829747
11.233043297609898	0.07005632181756799
11.246387038473257	0.06709606311175267
11.273074520199975	0.06138803760955139
11.279746390631654	0.06000605772678545
11.286418261063334	0.05864230781049083
11.299762001926693	0.055969857561548195
11.32644948365341	0.05084713407376394
11.33312135408509	0.04961304241179834
11.33979322451677	0.04839765329337436
11.353136965380129	0.046023044877726085
11.379824447106847	0.04149846043086749
11.433199410560283	0.03334060957382126
11.439749480605723	0.03242020316878817
11.446299550651162	0.031517166170776524
11.459399690742039	0.029762801731394565
11.485599970923793	0.02645780625248343
11.492150040969232	0.025673292929123626
11.49870011101467	0.024905210654359647
11.51180025110555	0.023417775292682873
11.538000531287306	0.02063363231049713
11.544550601332745	0.019976411972138793
11.551100671378183	0.019334387649290408
11.564200811469062	0.018095239610400077
11.590401091650818	0.015791565601098814
11.596951161696257	0.015250957423232172
11.603501231741696	0.01472409703942382
11.616601371832575	0.013710850027172726
11.642801652014331	0.011840765531658009
11.64935172205977	0.011404669623610293
11.655901792105208	0.010980741182424715
11.669001932196087	0.010168574020928954
11.675552002241528	0.009779927266077878
11.682102072286966	0.009402632182385493
11.695202212377843	0.008681276430692294
11.701752282423282	0.008336805105020759
11.70830235246872	0.008002864390434019
11.7214024925596	0.0073657546303725185
11.747602772741356	0.006208904351183752
11.754152842786795	0.005942959930866336
11.760702912832233	0.005685920223173429
11.773803052923112	0.005197758178743355
11.780353122968553	0.00496624051310111
11.786903193013991	0.004742837093776133
11.800003333104868	0.004319597812148218
11.806553403150307	0.004119378330340316
11.813103473195746	0.003926506023988417
11.826203613286625	0.0035620549558547593
11.85240389346838	0.0029132003768443833
11.85851328557656	0.0027762940350024934
11.864622677684737	0.0026445340045765965
11.876841461901094	0.0023959003674485207
11.882950854009273	0.0022787550383774097
11.88906024611745	0.0021662126448143575
11.901279030333807	0.001954413885684483
11.907388422441986	0.0018549009806076624
11.913497814550164	0.0017594779853265354
11.92571659876652	0.001580410538394106
11.931825990874698	0.0014965255835286888
11.937935382982875	0.001416249570221049
11.950154167199232	0.0012660661481873712
11.95626355930741	0.001195934884331875
11.962372951415588	0.0011289648754110174
11.974591735631943	0.0010040842692610478
11.980701127740122	0.0009459668440271258
11.9868105198483	0.0008905970274911053
11.999029304064656	0.0007877101850351098
12.005138696172835	0.000740003515651081
12.011248088281013	0.0006946651647727868
12.02346687249737	0.0006107377257877918
12.029576264605549	0.0005719761277222461
12.035685656713726	0.0005352378128832015
12.047904440930083	0.00046750931130842355
12.054013833038262	0.00043636350362687046
12.06012322514644	0.00040692971085665234
12.072342009362796	0.00035290968366008546
12.078451401470973	0.00032818429593786246
12.08456079357915	0.000304892580174948
12.096779577795507	0.00026235384799970437
12.102888969903685	0.00024298356565249224
12.108998362011864	0.0002248003782867792
12.115107754120041	0.0002077474420300257
12.121217146228219	0.0001917697846351859
12.127326538336398	0.00017681427960236526
12.133435930444575	0.0001628296194461737
12.145654714660932	0.00013757653279627215
12.151764106769111	0.00012621433457990082
12.157873498877288	0.00011563537896279799
12.163982890985466	0.00010579702529554679
12.170092283093645	0.00009665827577367333
12.176201675201824	0.00008817974382988668
12.182311067310001	0.00008032362199175127
12.194529851526358	0.00006633507796072473
12.200639243634537	0.00006013464037307857
12.206748635742715	0.0000544205147380561
12.212858027850892	0.00004916229112403781
12.218967419959071	0.000044330936927838655
12.225076812067249	0.00003989876213884039
12.231186204175426	0.00003583938439361324
12.237295596283605	0.000032127693859444394
12.243404988391783	0.00002873981798792907
12.250030335215762	0.000025405500905899144
12.256655682039739	0.000022397996198279632
12.263281028863718	0.0000196914996653452
12.269906375687697	0.000017261714355902044
12.276531722511674	0.00001508579761150247
12.283157069335653	0.000013142308282267302
12.289782416159632	0.000011411154179606192
12.296407762983609	9.873539827284526e-6
12.303033109807588	8.511914574039452e-6
12.309658456631567	7.3099211274552296e-6
12.316283803455544	6.252344569804497e-6
12.322909150279523	5.3250619132616445e-6
12.329534497103502	4.514992252602089e-6
12.33615984392748	3.8100475709386064e-6
12.342785190751458	3.1990842530151555e-6
12.349410537575437	2.6718553598040796e-6
12.356035884399416	2.2189637156333715e-6
12.362661231223395	1.8318158589350622e-6
12.369286578047372	1.5025769049307112e-6
12.375911924871351	1.224126368136833e-6
12.38253727169533	9.900149903075068e-7
12.389162618519308	7.944226181663813e-7
12.395787965343287	6.321171735595712e-7
12.402413312167266	4.984147570600144e-7
12.409038658991244	3.8914092430732893e-7
12.415664005815223	3.0059317276580353e-7
12.4222893526392	2.2950467469775474e-7
12.42891469946318	1.7300929056795616e-7
12.435540046287159	1.2860789518292486e-7
12.442165393111136	9.413604712423579e-8
12.448790739935115	6.773303020774698e-8
12.455416086759094	4.7812293886594285e-8
12.462041433583073	3.303331761296231e-8
12.468666780407052	2.227492235126212e-8
12.475292127231029	1.461005054864021e-8
12.481917474055008	9.282033958582664e-9
12.488542820878987	5.682366843466391e-9
12.495168167702964	3.3300001480653423e-9
12.501793514526943	1.8521703479805162e-9
12.508418861350922	9.667747431801515e-10
12.515044208174901	4.663030585019662e-10
12.52166955499888	2.0333328875854943e-10
12.528294901822857	7.759781083590856e-11
12.534920248646836	2.462386656764822e-11
12.541545595470815	5.950611102792284e-12
12.548170942294792	9.230146377843403e-13
12.554796289118771	6.100784042150611e-14
12.56142163594275	3.724521158246646e-16
12.56804698276673	5.620055470768552e-19
12.574672329590708	8.28054007072784e-15
12.581297676414685	2.7951605667092366e-13
12.587923023238664	2.5294486818807278e-12
12.594548370062643	1.2617135757593402e-11
12.60117371688662	4.473863512273567e-11
12.6077990637106	1.2711616836607628e-10
12.614424410534578	3.0916467613724077e-10
12.621049757358557	6.701159439088642e-10
12.627675104182536	1.3290787662510078e-9
12.634300451006514	2.456511934079032e-9
12.640925797830493	4.287085170736799e-9
12.647551144654471	7.133901517131216e-9
12.654176491478449	1.140405306729319e-8
12.660801838302428	1.7615480388091637e-8
12.667427185126407	2.641510442845895e-8
12.673611854013124	3.7664489045214784e-8
12.679796522899842	5.263982408350592e-8
12.68598119178656	7.226393663370721e-8
12.692165860673278	9.761943679050286e-8
12.698350529559995	1.2996558548711736e-7
12.704535198446713	1.7075586580128008e-7
12.710719867333431	2.2165623264297438e-7
12.716904536220149	2.845640149935933e-7
12.723089205106866	3.616274442407771e-7
12.729273873993584	4.55265781425242e-7
12.735458542880302	5.681900155903844e-7
12.74164321176702	7.03424104811746e-7
12.747827880653738	8.643267309211888e-7
12.754012549540455	1.054613538280055e-6
12.760197218427173	1.2783798265101002e-6
12.766381887313889	1.5401236665121466e-6
12.772566556200605	1.8447694086432594e-6
12.778751225087323	2.1976915514941553e-6
12.78493589397404	2.6047389390888933e-6
12.791120562860758	3.0722592542645792e-6
12.797305231747476	3.607123775139128e-6
12.803489900634194	4.216752361744878e-6
12.809674569520912	4.909138639215031e-6
12.81585923840763	5.692875343531751e-6
12.822043907294347	6.57717979615018e-6
12.828228576181065	7.571919472752784e-6
12.834413245067783	8.68763763196038e-6
12.8405979139545	9.935578969051603e-6
12.846782582841218	0.000011327715259991565
12.852967251727936	0.000012876770960671626
12.859151920614654	0.000014596248726257036
12.865336589501371	0.00001650045481581164
12.87152125838809	0.000018604524346458133
12.877705927274807	0.00002092444636260949
12.883890596161525	0.00002347708868408109
12.890075265048242	0.00002628022249951694
12.89625993393496	0.000029352546668448623
12.902444602821678	0.000032713711698313235
12.908629271708396	0.00003638434336086097
12.914813940595113	0.00004038606591396806
12.920998609481831	0.00004474152489412915
12.927183278368549	0.00004947440944542727
12.933367947255267	0.0000546094741513719
12.939552616141984	0.00006017256033556076
12.945737285028702	0.00006619061679829056
12.95192195391542	0.00007269171995589168
12.964291291688854	0.00008726112649628223
12.97047596057557	0.00009539139303602728
12.976660629462287	0.00010412866816686316
12.982845298349005	0.0001135069453149911
12.989029967235723	0.00012356145202135256
12.99521463612244	0.00013432866501246986
13.001399305009159	0.00014584632442635938
13.013768642782594	0.00017129033933329892
13.019953311669312	0.0001852986077814956
13.02613798055603	0.00020022117064648416
13.032322649442747	0.00021610226694426617
13.038507318329465	0.000232987465142742
13.044691987216183	0.00025092367070194825
13.0508766561029	0.00026995913256077053
13.063245993876336	0.0003115275696607272
13.069308862376813	0.00033370558064228323
13.07537173087729	0.00035713741206262154
13.087497467878244	0.00040797099077140146
13.09356033637872	0.00043548010171904245
13.099623204879197	0.00046445775671555885
13.111748941880153	0.0005270471740047695
13.11781181038063	0.0005607762763725745
13.123874678881108	0.0005962085903729138
13.136000415882062	0.0006724310359399323
13.14206328438254	0.0007133482824859973
13.148126152883016	0.0007562229488353798
13.16025188988397	0.0008481118264431029
13.166314758384447	0.000897262578638915
13.172377626884924	0.0009486438012443297
13.184503363885879	0.0010583831404593982
13.190566232386356	0.001116886723502012
13.196629100886835	0.0011779116689316469
13.208754837887788	0.0013078281149092085
13.214817706388265	0.0013768733531511208
13.220880574888742	0.001448747378636885
13.233006311889696	0.0016012997238969494
13.257257785891605	0.0019438961449974063
13.263320654392082	0.002037839450900572
13.26938352289256	0.002135269220534559
13.281509259893514	0.0023409312301882475
13.287572128393991	0.002449336564293527
13.293634996894468	0.0025615744718913715
13.305760733895422	0.002797900176464495
13.311823602395899	0.0029221652051834987
13.317886470896376	0.0030506171839281143
13.330012207897331	0.003320440552515119
13.35426368189924	0.00391428889850599
13.360326550399718	0.004074570720800173
13.366389418900194	0.004239761669497572
13.378515155901148	0.00458523317525855
13.402766629903057	0.005339061396322788
13.408829498403534	0.005541142952318615
13.414892366904013	0.005748852332812129
13.427018103904967	0.006181506830952126
13.451269577906874	0.007118190217225127
13.457848401123151	0.007389255169101431
13.46442722433943	0.007667763428475132
13.477584870771985	0.008247527219748549
13.503900163637095	0.009500878391905871
13.510478986853371	0.0098343331881768
13.51705781006965	0.010176022784907729
13.530215456502205	0.01088446570802444
13.556530749367315	0.01240399230345174
13.563109572583592	0.01280572552883233
13.56968839579987	0.013216349264344127
13.582846042232426	0.014064545315993163
13.609161335097536	0.01587049976928669
13.661791920827755	0.019931992554287604
13.668370744044033	0.02048254955676612
13.67494956726031	0.02104271138217503
13.688107213692863	0.022191893530996522
13.714422506557973	0.024605755220576484
13.767053092288194	0.029892127251085535
13.77363191550447	0.03059528232404544
13.780210738720749	0.03130768341207461
13.793368385153304	0.032759962191411536
13.819683678018414	0.035772304595416936
13.872314263748635	0.042206715127917314
13.878452409027652	0.042990637211675224
13.88459055430667	0.043781172329388746
13.896866844864702	0.04538159466635629
13.921419425980769	0.048656212381511556
13.970524588212902	0.055468106534628366
14.068734912677169	0.06983182750167578
14.074873057956186	0.07074820664008448
14.081011203235201	0.07166545740387043
14.093287493793234	0.07350163444633423
14.117840074909301	0.07717397260582354
14.166945237141434	0.08446292995582304
14.2651555616057	0.09834986668811664
14.271809661600518	0.09923659972690733
14.278463761595333	0.1001145250932038
14.291771961584967	0.10184257291937183
14.318388361564235	0.10517785847600399
14.325042461559052	0.10598452780705342
14.33169656155387	0.10677966323704725
14.345004761543503	0.1083340029171189
14.371621161522771	0.1112897920534426
14.378275261517588	0.11199501082110477
14.384929361512405	0.11268610747802643
14.39823756150204	0.11402470113954825
14.424853961481308	0.11651907675587918
14.431508061476125	0.11710288165074369
14.438162161470942	0.11767020517228706
14.451470361460576	0.11875431563973801
14.478086761439844	0.1207130387248341
14.48474086143466	0.12115760749214344
14.491394961429478	0.12158365201436303
14.504703161419112	0.12237925866977233
14.511357261413929	0.1227483820273278
14.518011361408746	0.12309810387581684
14.53131956139838	0.1237385391918346
14.537973661393197	0.12402886818112548
14.544627761388014	0.12429902696910594
14.551281861382831	0.12454884135456912
14.557935961377648	0.12477814457824865
14.564590061372465	0.12498677744388219
14.571244161367282	0.125174588435739
14.5778982613621	0.12534143383263058
14.584552361356916	0.1254871778185281
14.591206461351733	0.12561169258934618
14.59786056134655	0.12571485845616934
14.604514661341367	0.12579656394468944
14.611168761336184	0.12585670589068068
14.617822861331002	0.1258951895316671
14.624476961325819	0.12591192859452732
14.631131061320636	0.12590684537914207
14.637785161315453	0.12587987083777893
14.64443926131027	0.125830944650463
14.651093361305087	0.12576001529599065
14.657747461299904	0.1256670401187176
14.66440156129472	0.12555198539100268
14.671055661289538	0.12541482637122972
14.677709761284355	0.125255547357395
14.684363861279172	0.12507414173622503
14.691017961273989	0.12487061202777494
14.697231383331545	0.12466059677232652
14.7034448053891	0.12443131767657364
14.709658227446656	0.12418279853274723
14.715871649504214	0.12391507017497383
14.722085071561771	0.12362817049508536
14.728298493619327	0.12332214445510054
14.740725337734439	0.12265292854778263
14.746938759791995	0.12228986402484186
14.75315218184955	0.12190792383361575
14.765579025964662	0.12108774509069001
14.790432714194887	0.11922489047093812
14.796646136252445	0.11871346712962354
14.80285955831	0.11818400869688167
14.815286402425112	0.11707153975663576
14.840140090655336	0.11463665093114314
14.846353512712891	0.11398515524813092
14.852566934770447	0.11331690835824007
14.86499377888556	0.11193093026418809
14.889847467115786	0.10896678466831791
14.896060889173341	0.1081869804724431
14.902274311230897	0.10739213008909068
14.914701155346009	0.10575826127672813
14.939554843576234	0.10232097458432542
14.989262220036682	0.09482988553704212
14.995475642094238	0.09384145609362356
15.001689064151794	0.09284250275793438
15.014115908266907	0.090814328740947
15.038969596497132	0.08664627549253781
15.08867697295758	0.07794141962399848
15.094768594628896	0.07684769977811474
15.100860216300212	0.07574928133612771
15.113043459642842	0.07353977442376125
15.137409946328106	0.0690801614528877
15.186142919698632	0.06008032279164065
15.192234541369949	0.05895497099497469
15.198326163041264	0.05783077001588163
15.210509406383895	0.05558730049795013
15.234875893069157	0.05113042439966768
15.283608866439682	0.04241880097010914
15.289700488110999	0.04135582315077323
15.295792109782314	0.040299796929971696
15.307975353124945	0.038209986920884516
15.332341839810207	0.03412889678670122
15.381074813180732	0.02643466090311848
15.387166434852048	0.025522916478865915
15.393258056523363	0.024623298475783074
15.405441299865995	0.02286159844542294
15.429807786551258	0.019496174708178007
15.435899408222575	0.01868930486274317
15.44199102989389	0.01789674879439821
15.454174273236521	0.016355574177160548
15.478540759921783	0.013455637964645216
15.4851483363089	0.012712642815412026
15.491755912696014	0.011988680839450348
15.504971065470247	0.010598886876486824
15.511578641857362	0.009933548726996156
15.518186218244479	0.009288231207215579
15.53140137101871	0.00805854927263799
15.538008947405826	0.007474608036824604
15.544616523792943	0.006911533605323775
15.557831676567174	0.005848730896262967
15.56443925295429	0.005349352207112153
15.571046829341405	0.0048715393523926604
15.584261982115638	0.00398120634996748
15.590869558502755	0.0035689598543141125
15.597477134889871	0.003178826388290064
15.604084711276986	0.002810918591465583
15.610692287664103	0.0024653393476322238
15.617299864051219	0.002142181747211049
15.623907440438334	0.0018415290545243641
15.63051501682545	0.0015634546799341883
15.637122593212567	0.0013080221568652407
15.643730169599683	0.0010752851237138656
15.6503377459868	0.0008652873106486374
15.656945322373915	0.0006780625313074051
15.663552898761031	0.0005136346793854733
15.670160475148148	0.0003720177301137054
15.676768051535262	0.0002532157466200759
15.683375627922379	0.00015722289116407536
15.689983204309495	0.0000840234412343339
15.696590780696612	0.000033591810492772266
15.703198357083728	5.892574549702781e-6
15.709805933470843	8.805015494012367e-7
15.71641350985796	0.000018500587543808435
15.723021086245076	0.00005868809662938309
15.72962866263219	0.00012136860581934985
15.736236239019307	0.00020645805462115866
15.742843815406424	0.00031386279928633654
15.74945139179354	0.00044347967169720804
15.756058968180657	0.0005951960428530031
15.762666544567772	0.0007688898909147981
15.769274120954888	0.0009644298737656265
15.775881697342005	0.0011816754060429498
15.78248927372912	0.0014204767405921273
15.795704426503352	0.0019621025382171513
15.802312002890469	0.002264582492022174
15.808919579277585	0.002587929422595163
15.822134732051817	0.003296438898420699
15.828742308438933	0.003681187438885463
15.835349884826048	0.004085975172275621
15.848565037600281	0.0049547487632714046
15.855172613987396	0.005418254729614241
15.861780190374512	0.005900840362649671
15.874995343148743	0.006922204933286218
15.901425648697208	0.009181970397500771
15.907592547147061	0.009749325674773674
15.913759445596916	0.010331332204542961
15.926093242496627	0.011538268274273742
15.950760836296048	0.01411635198512166
16.00009602389489	0.019865868707856973
16.006262922344746	0.02063436847273198
16.0124298207946	0.021412901692307095
16.024763617694312	0.022998788625843057
16.049431211493733	0.026276735737899168
16.098766399092572	0.03318258300560588
16.104933297542424	0.034071985791184554
16.11110019599228	0.034966054731917745
16.12343399289199	0.036766800902135015
16.14810158669141	0.040408972133500524
16.197436774290253	0.04777802976096256
16.296107149487938	0.062243003910932224
16.302790002653595	0.06318406897020899
16.309472855819248	0.06411800799233465
16.322838562150558	0.06596299694957083
16.349569974813182	0.06955112607975408
16.356252827978835	0.07042485800252375
16.362935681144492	0.07128857842983813
16.376301387475806	0.07298464915762558
16.403032800138426	0.07624230741665664
16.409715653304083	0.07702690387760734
16.416398506469736	0.07779898215627634
16.429764212801047	0.07930445693477355
16.45649562546367	0.08215318445395974
16.463178478629324	0.08283009294006062
16.46986133179498	0.08349241511781053
16.483227038126294	0.08477240682682571
16.509958450788915	0.08714795352686534
16.51664130395457	0.08770229283158133
16.523324157120225	0.0882404595914482
16.536689863451535	0.08926763182445041
16.543372716617192	0.08975633547277286
16.55005556978285	0.0902282629764861
16.56342127611416	0.09112127439683837
16.570104129279812	0.09154212092765189
16.57678698244547	0.09194571655788376
16.590152688776783	0.09270076930652893
16.59683554194244	0.09305205373007501
16.603518395108093	0.09338574184538306
16.616884101439403	0.09400007244659417
16.62356695460506	0.09428060664302972
16.630249807770713	0.09454332790164596
16.636932660936367	0.09478820201967472
16.643615514102024	0.09501520271151506
16.65029836726768	0.09522431156967835
16.656981220433334	0.09541551802166139
16.663664073598987	0.09558881928313627
16.670346926764644	0.09574422030731475
16.6770297799303	0.09588173373057689
16.683712633095954	0.09600137981451695
16.690395486261608	0.09610318638432111
16.697078339427264	0.09618718876355063
16.70376119259292	0.09625342970553728
16.710444045758578	0.0963019593212155
16.717126898924235	0.09633283500370894
16.72380975208989	0.09634612134945546
16.730370804869303	0.09634212346650636
16.73693185764872	0.09632131513645371
16.743492910428134	0.09628377728158787
16.75005396320755	0.09622959719731564
16.756615015986963	0.09615886846621204
16.763176068766377	0.09607169086946794
16.76973712154579	0.09596817029579127
16.776298174325206	0.09584841864773332
16.78285922710462	0.09571255374584345
16.789420279884034	0.09556069923014919
16.79598133266345	0.09539298445970654
16.802542385442866	0.09520954440967383
16.80910343822228	0.09501051956637288
16.815664491001698	0.09479605582031872
16.828786596560526	0.09432142154655528
16.83534764933994	0.09406156882996602
16.841908702119355	0.09378691260538753
16.855030807678187	0.09319387930984802
16.8615918604576	0.09287585876501424
16.86815291323702	0.09254374752410904
16.881275018795847	0.09183801481911945
16.88783607157526	0.09146478475380014
16.894397124354676	0.09107824653903893
16.907519229913508	0.0902660717879824
16.933763441031168	0.08849131353119802
16.940324493810582	0.08801757486042057
16.946885546589996	0.08753226999720765
16.96000765214883	0.08652789151046873
16.98625186326649	0.08439071068871085
17.03874028550181	0.07965763990535067
17.045301338281224	0.07902791215424002
17.051862391060638	0.07839057312283007
17.06498449661947	0.07709409611264914
17.09122870773713	0.07442121423388652
17.143717129972448	0.06881389885273904
17.1498375048146	0.06814199759635921
17.155957879656754	0.06746705511559621
17.168198629341063	0.06610886599494066
17.192680128709682	0.06336494623187731
17.241643127446913	0.0578112243308997
17.33956912492138	0.04677119455778261
17.34568949976353	0.04609618327811795
17.351809874605685	0.045423859286295803
17.364050624289995	0.04408783648250485
17.388532123658614	0.04145407906906295
17.437495122395845	0.03636761607918698
17.443615497238	0.03575099698565136
17.449735872080154	0.035138986102400765
17.46197662176446	0.03392916580944576
17.486458121133076	0.03156880013433361
17.53542111987031	0.02710239048074068
17.542057449428263	0.026524527514130647
17.54869377898622	0.025953449757851726
17.561966438102125	0.024831884864900202
17.588511756333943	0.022672541073654684
17.5951480858919	0.022150411662492337
17.601784415449853	0.021635435639742236
17.61505707456576	0.020627055279558736
17.64160239279758	0.01869715751499477
17.648238722355536	0.018232857953254498
17.65487505191349	0.017775841318112523
17.6681477110294	0.016883655770993704
17.694693029261217	0.015186486472189169
17.747783665724853	0.01213687403348357
17.75441999528281	0.011787426069824341
17.761056324840762	0.011444906969048273
17.77432898395667	0.010780473018047135
17.80087430218849	0.00953262094548856
17.807510631746446	0.009237219761362334
17.8141469613044	0.00894832689068223
17.827419620420308	0.008389818528719797
17.853964938652126	0.007348084747586613
17.860601268210083	0.007102936668885762
17.867237597768035	0.006863760395825921
17.880510256883944	0.006403028322293993
17.907055575115763	0.005549918826730236
17.91369190467372	0.0053504272032642635
17.920328234231672	0.005156290442515017
17.93360089334758	0.004783756676302598
17.960146211579396	0.004099341270700215
17.966341863200093	0.003950795915667169
17.972537514820786	0.0038063447584870008
17.984928818062173	0.0035294498261683213
17.991124469682866	0.0033968681571924708
17.99732012130356	0.0032681049789344717
18.009711424544946	0.0030217579017730164
18.01590707616564	0.0029040360117199822
18.022102727786333	0.002789856705163837
18.03449403102772	0.002571851126036374
18.059276637510493	0.00217534077769053
18.065472289131186	0.0020840474778904363
18.07166794075188	0.0019957537599363854
18.084059243993266	0.001827899923230962
18.09025489561396	0.0017482083388969739
18.096450547234653	0.0016712534614044144
18.108841850476043	0.0015252963661739323
18.11503750209674	0.0014561667945067287
18.121233153717434	0.0013895192711256348
18.13362445695882	0.0012634222404917816
18.158407063441594	0.0010383201248711307
18.164602715062287	0.0009873426486388423
18.17079836668298	0.000938368638420396
18.183189669924367	0.0008462055985007648
18.18938532154506	0.0008029058341199116
18.195580973165754	0.0007613880946588029
18.20797227640714	0.0006834862026596291
18.214167928027834	0.0006469979094989168
18.220363579648527	0.0006120833813873924
18.232754882889914	0.0005467768149351757
18.238950534510607	0.0005162875722624059
18.2451461861313	0.0004871777006485654
18.25753748937269	0.00043291148402397424
18.263733140993388	0.0004076651060670235
18.26992879261408	0.0003836180415080458
18.282320095855468	0.000338951812377642
18.28851574747616	0.00031824991837127296
18.294711399096855	0.0002985818810118237
18.30710270233824	0.0002621920109855319
18.313298353958935	0.00024539478678011265
18.319494005579628	0.0002294806325371258
18.331885308821015	0.00020016078507027944
18.338080960441708	0.00018668698103745592
18.3442766120624	0.00017396001645648182
18.356667915303788	0.00015062024099892293
18.362741766538242	0.0001401501787177317
18.368815617772697	0.00013028121150567863
18.37488946900715	0.00012098664524942573
18.3809633202416	0.00011224057796954178
18.387037171476052	0.00010401789193724168
18.393111022710507	0.00009629424534849438
18.405258725179415	0.0000822505299652246
18.41133257641387	0.00007588557633883466
18.41740642764832	0.00006992987297871406
18.42348027888277	0.00006436281834688377
18.429554130117225	0.0000591645284151636
18.43562798135168	0.000054315825668207244
18.441701832586133	0.00004979822778885444
18.45384953505504	0.000041685823378405345
18.45992338628949	0.00003805742225981928
18.465997237523943	0.00003469291224683534
18.472071088758398	0.00003157710734122691
18.478144939992852	0.000028695443114445926
18.484218791227306	0.000026033963633848494
18.490292642461757	0.000023579308203850034
18.502440344930662	0.000019239922183757047
18.508514196165116	0.00001733132480088971
18.51458804739957	0.000015581790335788644
18.520661898634025	0.000013980730082564027
18.526735749868475	0.000012518068061990119
18.532809601102926	0.000011184226930669768
18.53888345233738	9.970113835795763e-6
18.544957303571834	8.867106232710032e-6
18.55103115480629	7.867037680501698e-6
18.557105006040743	6.962183631610278e-6
18.563178857275197	6.14524723112989e-6
18.56925270850965	5.409345141007518e-6
18.575326559744102	4.747993404613563e-6
18.581400410978553	4.155093366738556e-6
18.587474262213007	3.62491766377298e-6
18.59354811344746	3.1520962989448083e-6
18.599621964681916	2.7316028170067934e-6
18.60569581591637	2.3587405924895578e-6
18.61176966715082	2.0291292457980015e-6
18.61784351838527	1.7386912006651858e-6
18.623917369619726	1.4836383966182974e-6
18.62999122085418	1.2604591696426734e-6
18.636065072088634	1.0659053140130695e-6
18.64213892332309	8.969793380191657e-7
18.64821277455754	7.509219259170759e-7
18.65428662579199	6.25199618267255e-7
18.660360477026444	5.17492722397535e-7
18.666434328260898	4.2568346447589043e-7
18.672508179495352	3.4784439436168537e-7
18.678582030729807	2.8222705399120935e-7
18.684655881964257	2.2725091985820608e-7
18.690729733198708	1.8149262964602128e-7
18.696803584433162	1.4367550281897828e-7
18.702877435667617	1.1265936461072934e-7
18.70895128690207	8.743068242255347e-8
18.715025138136525	6.709302336143557e-8
18.721098989370976	5.085784119708274e-8
18.727172840605427	3.803560067608733e-8
18.73324669183988	2.8027246741640862e-8
18.739320543074335	2.0316025799039097e-8
18.74539439430879	1.4459665797479175e-8
18.751984200259045	9.768807401895983e-9
18.758574006209297	6.42085625000215e-9
18.76516381215955	4.089022689035449e-9
18.771753618109805	2.5100963725470657e-9
18.778343424060058	1.4756433268606484e-9
18.78493323001031	8.238421588484816e-10
18.791523035960566	4.3196608464110354e-10
18.798112841910818	2.0951665420613644e-10
18.80470264786107	9.201424029763429e-11
18.811292453811326	3.544955147088192e-11
18.81788225976158	1.1399617898777912e-11
18.82447206571183	2.810887896489119e-12
18.831061871662087	4.512614625207394e-13
18.83765167761234	3.2076472198645676e-14
18.84424148356259	2.53770183261968e-16
18.850831289512847	4.844083651061864e-20
18.8574210954631	2.662759506472793e-15
18.86401090141335	1.0253012567214919e-13
18.870600707363607	9.755722319770022e-13
18.87719051331386	4.997326929392316e-12
18.883780319264112	1.8015347500717536e-11
18.890370125214368	5.177084844489915e-11
18.89695993116462	1.2696341199117047e-10
18.903549737114872	2.7695185162788677e-10
18.910139543065128	5.520835709115255e-10
18.91672934901538	1.024644006537058e-9
18.923319154965633	1.7944170046773366e-9
18.92990896091589	2.9948462498259524e-9
18.93649876686614	4.799787146979291e-9
18.943088572816393	7.4308378484073085e-9
18.94967837876665	1.1165237423487326e-8
18.9562681847169	1.634431848346472e-8
18.962857990667153	2.3382500904201243e-8
18.96944779661741	3.277681263611668e-8
18.97603760256766	4.5116922939949505e-8
18.982627408517914	6.109567277256878e-8
18.98921721446817	8.152008641993326e-8
18.99580702041842	1.0732284789117231e-7
19.002396826368674	1.3957422499426762e-7
19.00898663231893	1.794944234686293e-7
19.015576438269182	2.284663529794632e-7
19.022166244219434	2.880487862752997e-7
19.02875605016969	3.599898922836787e-7
19.035345856119942	4.462411234422893e-7
19.041935662070195	5.489714370449903e-7
19.04852546802045	6.705818300489525e-7
19.055115273970703	8.137201661611179e-7
19.061705079920955	9.812962738228425e-7
19.06829488587121	1.1764972931442481e-6
19.074884691821463	1.4028032496295178e-6
19.081474497771715	1.6640028319399909e-6
19.08806430372197	1.964209350996141e-6
19.094654109672224	2.307876856964026e-6
19.101243915622476	2.699816390770236e-6
19.10783372157273	3.145212346260553e-6
19.114423527522984	3.6496389190912958e-6
19.121013333473236	4.219076617983542e-6
19.127603139423492	4.859928814062336e-6
19.134192945373744	5.579038303520221e-6
19.140782751323997	6.383703859053307e-6
19.147372557274252	7.281696744966484e-6
19.153962363224505	8.281277171212284e-6
19.160552169174757	9.391210661053767e-6
19.167141975125013	0.00001062078430763431
19.173291103138006	0.000011884695361291588
19.179440231151	0.000013269746795747559
19.18558935916399	0.000014784786540217293
19.191738487176984	0.00001643910447081278
19.197887615189977	0.00001824244328093569
19.20403674320297	0.000020205009181826798
19.216334999228955	0.000024651027586638975
19.222484127241948	0.000027157303731315504
19.22863325525494	0.000029868474219624282
19.234782383267934	0.000032797216365335483
19.240931511280927	0.00003595673079458104
19.24708063929392	0.0000393607505369867
19.253229767306912	0.000043023549827589414
19.265528023332894	0.000051185340695131895
19.271677151345884	0.000055715661654965854
19.277826279358877	0.000060567436282315096
19.28397540737187	0.0000657577657584212
19.290124535384862	0.00007130433842091238
19.296273663397855	0.00007722543615164699
19.302422791410848	0.00008353994036583165
19.314721047436834	0.00009742772461913989
19.320870175449826	0.00010504181323196822
19.32701930346282	0.00011313093446815746
19.339317559488805	0.00013082271767827423
19.345466687501798	0.00014047116999315774
19.35161581551479	0.00015068624084988135
19.363914071540776	0.00017291477303090267
19.37006319955377	0.00018497908982748127
19.376212327566762	0.00019771173725908927
19.388510583592748	0.0002252907287984674
19.39465971160574	0.00024019301153145663
19.400808839618733	0.00025587549892572097
19.41310709564472	0.00028969990322340875
19.41925622365771	0.0003079027900211465
19.425405351670705	0.0003270078134355271
19.43770360769669	0.00036805299204859036
19.443852735709683	0.00039005902285561877
19.450001863722676	0.0004130989288718012
19.462300119748658	0.0004624186389986612
19.468449247761647	0.0004887690223000054
19.47459837577464	0.0005162944216529783
19.486896631800626	0.000575017579535314
19.49304575981362	0.0006062903401352975
19.49919488782661	0.000638888098409511
19.511493143852597	0.0007082142867898924
19.51764227186559	0.0007450217815318618
19.523791399878583	0.0007833123757147526
19.53608965590457	0.0008645060787141655
19.56068616795654	0.0010465096767072008
19.56755044020467	0.0011022579316950511
19.574414712452796	0.0011602804431810492
19.588143256949053	0.0012833922369782857
19.595007529197183	0.0013486046063226078
19.60187180144531	0.001416337333008684
19.615600345941566	0.0015596140097083801
19.622464618189696	0.0016352837407474351
19.629328890437822	0.0017137253095875795
19.64305743493408	0.0018791777340579293
19.670514523926588	0.002246140988354011
19.677378796174715	0.0023457651184576687
19.684243068422845	0.002448669506359114
19.697971612919098	0.0026645715032196145
19.72542870191161	0.003138498867603089
19.73229297415974	0.0032661165429423494
19.739157246407867	0.0033975100858137427
19.752885790904124	0.003671863103476725
19.780342879896637	0.004268460647964215
19.787207152144767	0.004427916944083846
19.794071424392893	0.004591605281873085
19.80779996888915	0.004931888338669844
19.835257057881662	0.0056654860481744895
19.842121330129793	0.0058602117703426
19.84898560237792	0.00605955782802517
19.862714146874175	0.0064722786562419095
19.890171235866685	0.007354918082600224
19.89703550811481	0.007587699625120179
19.90389978036294	0.007825393001112416
19.917628324859194	0.008315626128626059
19.945085413851707	0.009356138892346079
19.951949686099837	0.009628889434765532
19.958813958347964	0.009906718601777834
19.97254250284422	0.01047765352768845
19.97940677509235	0.010770773610645644
19.986271047340477	0.011069000877801266
19.993135319588603	0.01137233625896613
19.999999591836733	0.011680778115345113