4.0816326530612243e-7	2.0731104687267727
0.006134358411192534	2.072902377529535
0.012268308659119763	2.0722782543087694
0.01840225890704699	2.0712383839994866
0.02453620915497422	2.069783241427003
0.03067015940290145	2.0679134912145543
0.03680410965082868	2.065629987662976
0.042938059898755904	2.0629337745838345
0.04907201014668314	2.0598260851044663
0.055205960394610364	2.0563083414304852
0.06133991064253759	2.05238215457311
0.06747386089046481	2.0480493240352846
0.07360781113839204	2.0433118374589534
0.07974176138631928	2.038171870234784
0.08587571163424651	2.0326317850640194
0.09814361213010096	2.020361645351259
0.10427756237802818	2.013637248261253
0.11041151262595542	2.006524046952478
0.12267941312180988	1.9911445802877814
0.1288133633697371	1.9828854478898266
0.13494731361766432	1.9742517756134632
0.1472152141135188	1.9558770778033898
0.15334916436144602	1.946144635473789
0.15948311460937326	1.9360548176523171
0.17175101510522772	1.9148221794779217
0.19628681609693663	1.8682885517036818
0.20242076634486383	1.855839512214428
0.20855471659279107	1.8430758500778774
0.22082261708864553	1.8166292517317628
0.24535841808035447	1.7602402092071372
0.2944300200637723	1.6350596132743371
0.3005639703116995	1.6183977748682679
0.30669792055962675	1.6015375589329355
0.3189658210554812	1.5672559825530297
0.34350162204719015	1.4966929201606267
0.39257322403060796	1.3496159575653857
0.39922312899433554	1.3292786641226932
0.40587303395806307	1.3088834443449402
0.41917284388551823	1.2679702325292346
0.44577246374042856	1.1860136908200327
0.4989717034502492	1.0245051400318186
0.5056216084139769	1.0047978931215442
0.5122715133777044	0.9852412224993026
0.5255713233051595	0.9466314669926608
0.5521709431600699	0.8717853546718689
0.6053701828698904	0.7343740714946143
0.6120200878336179	0.7185819669375968
0.6186699927973456	0.7031354032083983
0.6319698027248006	0.6733220708464024
0.6386197076885283	0.6589763425948946
0.6452696126522558	0.6450182176756495
0.658569422579711	0.6183042607968701
0.6652193275434386	0.6055675350055122
0.6718692325071661	0.5932566077972425
0.6851690424346213	0.5699473835855882
0.6918189473983489	0.5589659856710759
0.6984688523620765	0.5484441690019934
0.7117686622895316	0.5288097527687141
0.7184185672532593	0.5197115974545035
0.7250684722169868	0.5111018983252938
0.7317183771807143	0.5029870550399808
0.738368282144442	0.49537312704318137
0.7450181871081696	0.48826582778664196
0.7516680920718971	0.4816705192623997
0.7583179970356246	0.47559220685461245
0.7649679019993523	0.4700355345225218
0.7716178069630799	0.46500478032187254
0.7782677119268074	0.46050385227550084
0.784917616890535	0.45653628459763906
0.7915675218542626	0.45310523428471494
0.7982174268179902	0.45021347807669876
0.8048673317817178	0.44786340979622297
0.8115172367454453	0.4460570380735497
0.8181671417091729	0.4447959844615148
0.8243763687356396	0.4441119025053467
0.8305855957621063	0.44390503448587204
0.8367948227885731	0.44417578078276077
0.8430040498150397	0.4449242448615913
0.8492132768415064	0.4461502333227052
0.8554225038679731	0.44785325622331273
0.8616317308944399	0.45003252767405266
0.8678409579209065	0.4526869667130998
0.8740501849473732	0.45581519845436214
0.88025941197384	0.45941555551341884
0.8864686390003067	0.4634860797085907
0.8926778660267733	0.46802452403679407
0.89888709305324	0.47302835492451945
0.9050963200797068	0.4784947547496643
0.9175147741326402	0.49080258750844186
0.9237240011591068	0.4976369914310753
0.9299332281855736	0.5049199131844128
0.942351682238507	0.5208142842569453
0.9485609092649736	0.5294165666447669
0.9547701362914404	0.5384490419530196
0.9671885903443738	0.5577834594148414
0.9733978173708404	0.5680742397684029
0.9796070443973072	0.578772900279739
0.9920254984502406	0.6013689919674288
1.0168624065561074	0.6511700925960342
1.0230716335825742	0.664539393835006
1.029280860609041	0.6782614242149453
1.0416993146619742	0.706732487618585
1.066536222767841	0.7675553715832272
1.1162100389795746	0.9027927163197628
1.1224192660060415	0.9207954661119248
1.1286284930325081	0.939011159448383
1.1410469470854414	0.9760434126102329
1.1658838551913082	1.0522439825685796
1.2155576714030418	1.2110473452753603
1.2216450980432683	1.2309149676788325
1.2277325246834945	1.25084163033166
1.239907377963947	1.2908377423832038
1.2642570845248517	1.371165501840458
1.3129564976466614	1.5313639546683644
1.3190439242868877	1.5511979107967302
1.3251313509271139	1.5709656988369611
1.3373062042075663	1.6102759963594
1.3616559107684714	1.6878167121306387
1.4103553238902813	1.8372844746020656
1.4164427505305075	1.8553412320320375
1.4225301771707337	1.873243543529143
1.4347050304511861	1.9085686829506316
1.4590547370120912	1.9771976124974338
1.5077541501339011	2.105684345880734
1.5138415767741273	2.120875199245529
1.5199290034143536	2.135866415296995
1.532103856694806	2.1652441811789522
1.556453563255711	2.2215487627628723
1.605152976377521	2.3242077594908004
1.6117563577335474	2.337102281420552
1.618359739089574	2.3497527394232303
1.6315665018016272	2.374324122732731
1.6579800272257337	2.4205743288798933
1.6645834085817603	2.4315409320184194
1.6711867899377868	2.442271865292445
1.6843935526498401	2.463032907646837
1.7108070780739464	2.501799707436385
1.7174104594299728	2.5109282763416907
1.7240138407859995	2.5198355961259917
1.7372206034980526	2.5369949674569003
1.7636341289221589	2.5687547563507316
1.7702375102781853	2.5761750267539725
1.776840891634212	2.583392178825256
1.7900476543462651	2.5972268698140093
1.8164611797703716	2.6225672519720735
1.8230645611263983	2.628431815013119
1.8296679424824247	2.634113250022488
1.842874705194478	2.6449369775520095
1.8494780865505045	2.65008440459672
1.8560814679065312	2.6550589692468445
1.8692882306185843	2.6644998053838824
1.8758916119746107	2.668971222338659
1.8824949933306374	2.673280065424789
1.8957017560426905	2.6814202894339547
1.9221152814667968	2.6958624122893564
1.9287186628228232	2.6991047845263756
1.93532204417885	2.70220494730114
1.948528806890903	2.7079886883747775
1.9551321882469297	2.7106772677625304
1.9617355696029564	2.713233639708659
1.9749423323150095	2.717959670635624
1.9815457136710362	2.7201342634789922
1.9881490950270626	2.7221865168915977
1.9947524763830893	2.7241188777031127
2.001355857739116	2.7259337851013945
2.0079592390951424	2.727633670902371
2.0145626204511693	2.7292209598474577
2.027769383163222	2.7320674126799434
2.033932086581988	2.733250274461666
2.0400947900007536	2.7343433187201587
2.0462574934195192	2.735348492169499
2.052420196838285	2.736267737681878
2.0585829002570506	2.737102994535396
2.0647456036758163	2.7378561986542946
2.070908307094582	2.738529282843579
2.0770710105133476	2.7391241770121377
2.0832337139321133	2.73964280838195
2.089396417350879	2.740087101686523
2.0955591207696447	2.740458979348049
2.1017218241884104	2.740760361639789
2.107884527607176	2.740993166827161
2.1140472310259417	2.741159311286637
2.1202099344447074	2.741260709603105
2.1263726378634735	2.741299274640094
2.1325353412822396	2.7412769175845844
2.1386980447010053	2.74119554796694
2.144860748119771	2.7410570736506488
2.1510234515385367	2.740863400792593
2.1571861549573024	2.740616433772404
2.163348858376068	2.7403180750964187
2.1695115617948337	2.739970225262572
2.1756742652135994	2.739574782598131
2.181836968632365	2.73913364306451
2.1879996720511308	2.738648700028291
2.1941623754698965	2.7381218440000334
2.200325078888662	2.7375549623412905
2.206487782307428	2.7369499389355236
2.2126504857261935	2.7363086538321
2.224975892563725	2.7349247971552217
2.2311385959824905	2.7341859628073935
2.237301299401256	2.733418340268327
2.2496267062387876	2.731804141349338
2.2742775199138503	2.728311397151245
2.323579147263976	2.7206724418023516
2.3297418506827423	2.7196906229015947
2.335904554101508	2.718708516235132
2.3482299609390394	2.7167500799187065
2.372880774614102	2.712901704680892
2.3790434780328678	2.7119630909439136
2.3852061814516334	2.71103693599051
2.397531588289165	2.7092279398879096
2.4221824019642275	2.705823273772704
2.4288610600987934	2.704958753754352
2.4355397182333594	2.7041220937479493
2.4488970345024916	2.7025387061575676
2.4555756926370575	2.7017950410938383
2.462254350771624	2.7010853588109884
2.4756116670407557	2.69977354335065
2.482290325175322	2.6991740860475733
2.488968983309888	2.69861396131718
2.495647641444454	2.6980943782636446
2.5023262995790203	2.697616492855964
2.5090049577135862	2.6971814071150457
2.515683615848152	2.6967901683500872
2.5223622739827185	2.6964437684528497
2.5290409321172844	2.696143143242274
2.5357195902518503	2.6958891718670857
2.5423982483864167	2.6956826762694432
2.5490769065209826	2.69552442070297
2.5557555646555485	2.69541511131116
2.562434222790115	2.695355395772744
2.569112880924681	2.695345863000618
2.5757915390592467	2.6953870429084343
2.582470197193813	2.6954794062358687
2.589148855328379	2.6956233644434806
2.595827513462945	2.695819269660183
2.6025061715975113	2.6960674147063624
2.609184829732077	2.696368033168187
2.615863487866643	2.696721299539382
2.6225421460012095	2.6971273294294797
2.6292208041357754	2.697586179822237
2.6358994622703413	2.698097849405532
2.6425781204049072	2.6986622789532726
2.649256778539473	2.6992793517671374
2.6559354366740395	2.699948894179303
2.6626140948086054	2.7006706761022796
2.6692927529431714	2.701444411640028
2.6759714110777377	2.702269759747666
2.6893287273468696	2.7040736580522324
2.696007385481436	2.7050512570408496
2.702686043616002	2.706078567830653
2.716043359885134	2.70827985373115
2.7427579924233982	2.7132490278898382
2.749436650557964	2.714604632212379
2.7561153086925305	2.7160037565619106
2.7694726249616624	2.718928610095294
2.796187257499927	2.7252547750214573
2.849616522576455	2.739542208169583
2.8561733803247806	2.7414203170561753
2.862730238073106	2.743321096040508
2.8758439535697575	2.747184923211116
2.90207138456306	2.7551202372354697
2.9545262465496647	2.771473576043495
2.96108310429799	2.7735313963599615
2.9676399620463156	2.775586655175467
2.980753677542967	2.779682585030002
3.0069811085362694	2.787766907480712
3.059435970522874	2.803098671148442
3.0659928282711997	2.80490006626124
3.072549686019525	2.806669422785545
3.0856634015161766	2.8101040292773636
3.0922202592645025	2.81176523198659
3.098777117012828	2.8133863003536077
3.111890832509479	2.816499697823414
3.1184476902578044	2.8179878005821313
3.12500454800613	2.8194273150009703
3.1381182635027813	2.822151855819135
3.1446751212511073	2.8234324560019393
3.1512319789994327	2.8246556141659487
3.1643456944960837	2.8269204540090667
3.170902552244409	2.827957489834246
3.1774594099927347	2.8289277908925783
3.18401626774106	2.8298289613474514
3.190573125489386	2.83065857540342
3.197129983237712	2.8314141769427064
3.2036868409860375	2.8320932792106346
3.210243698734363	2.832693364562723
3.2168005564826885	2.833211884276163
3.223357414231014	2.8336462584257056
3.2299142719793394	2.8339938758360987
3.236471129727665	2.834252094107766
3.2430279874759904	2.834418239724673
3.249584845224316	2.8344896082472517
3.2561417029726414	2.834463464592381
3.262698560720967	2.8343370434087403
3.269255418469293	2.8341075495440053
3.2753715982803575	2.833798076704011
3.2814877780914222	2.8333941483880314
3.287603957902487	2.832893428766961
3.2937201377135517	2.8322935615472966
3.2998363175246164	2.831592170661951
3.305952497335681	2.8307868610314952
3.312068677146746	2.829875219403739
3.3181848569578105	2.828854815265238
3.3243010367688752	2.827723201832777
3.33041721657994	2.8264779171212404
3.3365333963910047	2.8251164850901165
3.3426495762020694	2.8236364168679784
3.348765756013134	2.8220352120576786
3.354881935824199	2.8203103601162405
3.3671142954463282	2.8164796307973887
3.373230475257393	2.8143686951567957
3.3793466550684577	2.812123999168646
3.391579014690587	2.80722317477711
3.397695194501652	2.804561972064403
3.4038113743127165	2.801756864295332
3.416043733934846	2.7957048340498742
3.4221599137459107	2.7924528837139677
3.4282760935569754	2.7890469770603277
3.440508453179105	2.781763384319195
3.4649731724233637	2.7652408004361604
3.4710893522344284	2.76068883512224
3.477205532045493	2.755963675879041
3.4894378916676225	2.745984715629581
3.4955540714786872	2.740726482070602
3.501670251289752	2.735286195040532
3.5139026109118814	2.723851084507998
3.520018790722946	2.717852198504107
3.526134970534011	2.711663139713468
3.5383673301561402	2.698706992575249
3.562832049400399	2.670433546161477
3.568948229211464	2.662863860058564
3.5750644090225285	2.6550907086821933
3.587296768644658	2.638928769776521
3.611761487888917	2.6041104332925684
3.6178776676999815	2.594880567921545
3.6239938475110463	2.585439045461176
3.6362262071331757	2.565918729326675
3.6606909263774345	2.524318721795379
3.6673230609043	2.5124524661707355
3.673955195431165	2.500335189387048
3.687219464484895	2.475349163052426
3.7137480025923555	2.4223914160192224
3.766805078807276	2.3048341868704165
3.773437213334141	2.289086639987323
3.780069347861006	2.2731136703889456
3.7933336169147363	2.2405037320376113
3.8198621550221965	2.172722868098006
3.872919231237117	2.0278083755383447
3.879551365763982	2.0089055934788735
3.886183500290847	1.9898442930945128
3.8994477693445773	1.9512676653871626
3.9259763074520375	1.872455161696389
3.979033383666958	1.7095270303985086
4.085147536096799	1.3739340762924428
4.091338992686403	1.3543844813867898
4.097530449276007	1.3348721157091312
4.109913362455217	1.2959795716112086
4.134679188813633	1.218863872923585
4.184210841530467	1.068383354491429
4.1904022981200715	1.0500131439782932
4.196593754709675	1.031754819703743
4.208976667888884	0.995589740124979
4.2337424942473	0.9247719159137481
4.283274146964134	0.7899500873520784
4.289465603553738	0.7737950986956181
4.295657060143342	0.7578039914646699
4.3080399733225505	0.7263227099504075
4.332805799680967	0.6654227775251642
4.382337452397801	0.5522534991616106
4.388528908987405	0.5389417386807616
4.394720365577009	0.5258185075389987
4.407103278756217	0.5001401546712525
4.431869105114634	0.4510681447990072
4.481400757831468	0.36208446370779096
4.487470414034831	0.3520161074786367
4.493540070238195	0.3421286310907512
4.505679382644923	0.32289361490198476
4.529958007458378	0.2865609909067521
4.536027663661741	0.27791780404753946
4.542097319865105	0.269448563805946
4.554236632271833	0.2530274419437463
4.578515257085288	0.2222207387701569
4.584584913288651	0.21493558834982573
4.590654569492015	0.20781430917124566
4.602793881898743	0.19405761419489054
4.627072506712198	0.1684457739884454
4.633142162915561	0.16242993520285232
4.639211819118925	0.1565657557546879
4.651351131525653	0.14528584182456206
4.675629756339107	0.12447320691678543
4.68169941254247	0.11962419681907266
4.687769068745833	0.11491343078585825
4.699908381152561	0.10589974731577789
4.705978037355925	0.10159337791150269
4.712047693559288	0.09741835131296761
4.724187005966016	0.08945540626670168
4.73025666216938	0.0856640302813868
4.736326318372743	0.08199708434643671
4.748465630779471	0.0750296035125615
4.772744255592926	0.06251246785850062
4.77881391179629	0.05966869164220856
4.784883567999653	0.0569357703192096
4.797022880406381	0.05179588163439364
4.803092536609745	0.04938563870599899
4.809162192813108	0.0470797007241891
4.821301505219836	0.042774331841034186
4.8273711614231996	0.04077173212686003
4.833440817626563	0.0388671005458705
4.845580130033291	0.035345566711964205
4.8516497862366545	0.033725615413795484
4.857719442440018	0.03219753460981867
4.869858754846746	0.029411060138792022
4.876444365765909	0.02804651282469972
4.883029976685074	0.026783096520250904
4.889615587604238	0.025618999177136725
4.896201198523402	0.02455243102060667
4.902786809442566	0.023581624410332624
4.909372420361731	0.022704833640366684
4.915958031280894	0.021920334679349507
4.922543642200059	0.021226424853412418
4.929129253119223	0.020621422472948847
4.9357148640383866	0.020103666405969833
4.942300474957551	0.019671515599140377
4.948886085876715	0.019323348549544872
4.955471696795879	0.01905756272857284
4.962057307715043	0.018872573960604266
4.968642918634208	0.018766815758236022
4.975228529553371	0.018738738617001927
4.981814140472535	0.01878680927141918
4.988399751391699	0.01890950991505702
4.994985362310864	0.019105337386804866
5.001570973230027	0.019372802326370175
5.008156584149191	0.01971042830091163
5.014742195068355	0.020116750905899816
5.02132780598752	0.02059031684250534
5.027913416906683	0.021129682974379338
5.034499027825847	0.02173341536649087
5.041084638745011	0.022400088308628607
5.047670249664176	0.023128283326407706
5.054255860583339	0.02391658818257225
5.060841471502504	0.024763595871293842
5.067427082421668	0.025667903608549425
5.080598304259996	0.027642823135206496
5.0871839151791605	0.028710641375352952
5.093769526098324	0.029830170562164304
5.106940747936653	0.03221877293377995
5.133283191613309	0.03755487973701499
5.139868802532472	0.038997111118237004
5.146454413451637	0.04047977759290722
5.159625635289965	0.04356066096700695
5.185968078966621	0.0501438144858547
5.192553689885784	0.05186876394223805
5.199139300804949	0.053622372648584826
5.212310522643277	0.05720945517810605
5.2386529663199335	0.06465952471232306
5.291337853673246	0.08030281929071015
5.2974827866551495	0.08216203676553424
5.303627719637053	0.0840235963508924
5.315917585600859	0.08774806526963375
5.340497317528472	0.09516221852465861
5.389656781383698	0.10952493248101391
5.395801714365601	0.11124795095988665
5.401946647347504	0.11294999056393862
5.414236513311311	0.11628527710545178
5.4388162452389235	0.12264005079761092
5.444961178220827	0.12415459074458679
5.45110611120273	0.12563664696247112
5.463395977166536	0.1284977747096186
5.487975709094148	0.1337703270129088
5.4941206420760516	0.13498714226791703
5.500265575057954	0.13616090140450393
5.51255544102176	0.13837440271844814
5.5187003740036635	0.13941179161526585
5.524845306985567	0.14040142087599428
5.537135172949373	0.1422330392479701
5.543280105931276	0.14307293390625497
5.54942503891318	0.1438608830057846
5.555569971895083	0.1445959321741952
5.561714904876986	0.14527716680915256
5.567859837858889	0.14590371350601464
5.5740047708407925	0.14647474146115763
5.580149703822696	0.14698946384710232
5.586294636804599	0.14744713915694752
5.592439569786502	0.14784707251542362
5.598584502768405	0.14818861695308966
5.604729435750309	0.1484711746415398
5.610874368732212	0.14869419808622325
5.617019301714115	0.14885719127439243
5.623164234696018	0.1489597107755623
5.629309167677921	0.14900136679145912
5.635454100659825	0.14898182415293865
5.641599033641728	0.14890080326208957
5.647743966623631	0.14875808097538756
5.653888899605534	0.14855349142730506
5.6600338325874375	0.1482869267907936
5.666178765569341	0.14795833797333427
5.672323698551244	0.14756773524553887
5.678468631533147	0.1471151888007163
5.68461356451505	0.14660082924381473
5.691274452212754	0.14597368948778183
5.697935339910457	0.14527447163880347
5.70459622760816	0.14450358554206755
5.711257115305864	0.14366152614642763
5.717918003003568	0.1427488736423868
5.724578890701272	0.14176629346967776
5.737900666096679	0.13959443724281778
5.744561553794382	0.13840691652518958
5.751222441492086	0.13715297789015274
5.764544216887494	0.13445027786718006
5.7712051045851975	0.13300393723459286
5.7778659922829005	0.13149601818079715
5.7911877676783075	0.1283011661597816
5.797848655376011	0.12661728714574721
5.804509543073714	0.12487793452071272
5.817831318469121	0.12123973185572551
5.844474869259935	0.11337767175001079
5.897761970841564	0.09578144200727125
5.904422858539267	0.09345125847499304
5.9110837462369705	0.09110022083252943
5.924405521632378	0.08634580489834404
5.951049072423192	0.07670044248321786
6.00433617400482	0.05745579329220728
6.010997061702524	0.055106058970848575
6.017657949400227	0.05277740182028466
6.030979724795634	0.04819343414359098
6.057623275586448	0.0393877295201928
6.064284163284151	0.03727563116038551
6.070945050981855	0.035203829120364516
6.084266826377263	0.03118981892042469
6.110910377168077	0.023737740517840854
6.11744946447954	0.022037113391302047
6.123988551791003	0.020390488453911625
6.137066726413929	0.017265457853184205
6.143605813725392	0.015789978356060986
6.150144901036855	0.014374350032436738
6.163223075659781	0.01172767160893712
6.169762162971244	0.010498938636923834
6.176301250282707	0.009334688732344632
6.18284033759417	0.008235880144243172
6.189379424905633	0.007203389317617118
6.195918512217096	0.006238010162066796
6.202457599528559	0.005340453450455636
6.208996686840022	0.004511346347621383
6.215535774151486	0.0037512320690461496
6.22207486146295	0.0030605696692108985
6.228613948774413	0.0024397339588390983
6.235153036085876	0.001889015550360695
6.241692123397339	0.0014086210303200252
6.248231210708802	0.0009986732574294728
6.254770298020265	0.0006592117846945485
6.261309385331728	0.0003901934037160273
6.267848472643191	0.00019149280916894463
6.274387559954654	0.00006290338116923888
6.280926647266117	4.138083041884575e-6
6.28746573457758	0.000014830471812473546
6.294004821889043	0.00009453581854616056
6.300543909200506	0.0002427323354695479
6.307082996511969	0.0004588225066439625
6.313622083823432	0.0007421345187731103
6.320161171134895	0.0010919237885967186
6.326700258446358	0.0015073745831552204
6.333239345757821	0.001987601729085992
6.339778433069284	0.0025316524069838044
6.346317520380747	0.003138508026692278
6.35285660769221	0.0038070861794377523
6.359395695003673	0.004536242662421827
6.3724738696265995	0.006171417457659636
6.3790129569380625	0.00707485754249453
6.3855520442495255	0.008033723988519127
6.3986302188724515	0.01011200528532723
6.405169306183915	0.011228436270058326
6.411708393495378	0.012394330732845559
6.4247865681183045	0.014868073579546916
6.431325655429768	0.01617260985669058
6.437864742741231	0.01751999046224393
6.4509429173641575	0.020336302355757303
6.47709926661001	0.026404807794003546
6.529411965101714	0.03986795428650433
6.5355103744759155	0.04151840724129653
6.541608783850118	0.04318031607794281
6.553805602598523	0.04653236789153516
6.578199240095332	0.05330698801170156
6.626986515088949	0.06681040267804839
6.633084924463152	0.06846678753274048
6.639183333837353	0.07011175610530103
6.651380152585757	0.07336245306475775
6.675773790082566	0.07967348908360801
6.724561065076184	0.09129192360535
6.730659474450386	0.09263135502194308
6.7367578838245885	0.09394287620704489
6.748954702572993	0.09647920034312024
6.755053111947195	0.09770259506474598
6.7611515213213975	0.09889526324702605
6.773348340069802	0.10118598111285299
6.779446749444004	0.1022828971195963
6.7855451588182065	0.10334681908759767
6.797741977566611	0.10537378895590924
6.822135615063419	0.10901287574784341
6.828234024437622	0.10983424199216893
6.834332433811824	0.11061969904710806
6.846529252560227	0.11208204846494536
6.852627661934429	0.11275860086262585
6.858726071308632	0.11339856331865344
6.870922890057036	0.11456837520017253
6.877021299431238	0.1150981272358406
6.883119708805441	0.11559109357950524
6.8892181181796435	0.1160472975381125
6.895316527553845	0.11646679029290179
6.901414936928047	0.11684965036455433
6.90751334630225	0.11719598306625886
6.9136117556764525	0.1175059199463288
6.919710165050654	0.11777961822162399
6.926324529140657	0.11803571795986763
6.932938893230659	0.11824966783811126
6.939553257320662	0.11842176606368673
6.946167621410664	0.1185523429870439
6.952781985500667	0.11864176020278981
6.959396349590669	0.11869040964578159
6.966010713680672	0.11869871268372005
6.972625077770674	0.11866711920787704
6.979239441860677	0.11859610672336605
6.985853805950679	0.11848617944084874
6.992468170040682	0.11833786737021403
6.999082534130684	0.11815172541860967
7.005696898220687	0.11792833249302019
7.012311262310689	0.11766829060971211
7.0189256264006925	0.11737222401055403
7.025539990490695	0.11704077828840706
7.0321543545806975	0.11667461952153076
7.038768718670701	0.11627443341903855
7.045383082760703	0.11584092447746323
7.051997446850706	0.11537481514949267
7.058611810940708	0.11487684502613306
7.065226175030711	0.11434777003234965
7.078454903210716	0.11319940607882106
7.085069267300718	0.11258170360559258
7.091683631390721	0.1119360677324126
7.104912359570726	0.1105643118365946
7.131369815930736	0.10752269998483663
7.137984180020738	0.10670527483355866
7.144598544110741	0.10586681840636719
7.157827272290746	0.1041304276664742
7.184284728650756	0.10044539592830343
7.237199641370776	0.09243551469984326
7.343029466810817	0.07555754368364276
7.349203152963559	0.07459995143286771
7.355376839116301	0.07365020247981652
7.367724211421784	0.0717772383632268
7.392418956032751	0.06815831053263904
7.398592642185493	0.06728434761675786
7.404766328338234	0.06642415694451614
7.417113700643718	0.06474799310785437
7.441808445254684	0.06159262590158879
7.447982131407425	0.060848955781328734
7.454155817560167	0.060124756103987986
7.46650318986565	0.058737535560074466
7.472676876018392	0.05807588660512575
7.478850562171133	0.05743645165987685
7.491197934476617	0.05622691277513042
7.497371620629359	0.05565814017600562
7.5035453067821	0.05511424398908027
7.5158926790875835	0.05410368264006529
7.522066365240326	0.053638303786836095
7.528240051393067	0.053200373658260164
7.54058742369855	0.052409364679157744
7.546761109851293	0.052057522216716695
7.552934796004034	0.05173560091948126
7.559108482156775	0.051444202055210775
7.565282168309517	0.05118391980507267
7.571455854462259	0.05095534108158162
7.577629540615001	0.05075904534270617
7.583803226767742	0.05059560440151328
7.589976912920484	0.05046558223211545
7.596150599073226	0.050369534771361885
7.602324285225968	0.05030800971640062
7.608497971378709	0.05028154631866952
7.614671657531451	0.050290675173317284
7.620845343684192	0.050335918005514485
7.627019029836934	0.05041778745225459
7.633192715989676	0.05053678684121132
7.639366402142417	0.05069340996546359
7.645540088295158	0.05088814085498272
7.6517137744479005	0.051121453544903356
7.657887460600642	0.05139381184044273
7.664061146753383	0.05170566907884752
7.670234832906125	0.05205746788861784
7.6764085190588665	0.052449639945777934
7.682582205211608	0.05288260572794794
7.68875589136435	0.05335677426577151
7.694929577517092	0.053872542892638486
7.701103263669833	0.054430296992048335
7.707276949822575	0.05503040974379926
7.713450635975317	0.055673241868300555
7.719624322128059	0.05635914136998872
7.7257980082808	0.05708844327977379
7.738145380586284	0.05867852802866293
7.744835021454826	0.05961391849902621
7.751524662323368	0.060601710690656424
7.7649039440604515	0.06273582605995617
7.771593584928993	0.0638827615610905
7.778283225797535	0.06508332266710261
7.791662507534619	0.06764631554023948
7.798352148403161	0.06900918986674677
7.805041789271703	0.07042657418044419
7.818421071008787	0.0734255107903794
7.845179634482956	0.080083211978993
7.851869275351499	0.08188547891087654
7.858558916220041	0.08374291356877232
7.871938197957125	0.08762314658389148
7.898696761431292	0.09604264155758362
7.905386402299834	0.09828400019796697
7.912076043168376	0.1005795670146558
7.92545532490546	0.10533233599973661
7.952213888379628	0.11547594401271565
7.95890352924817	0.11814268709700958
7.965593170116712	0.1208609376253191
7.978972451853796	0.1264500770264042
8.005731015327964	0.13822413422760954
8.0592481422763	0.16401343672294055
8.065937783144841	0.16743281137060073
8.072627424013383	0.17089289555087142
8.086006705750467	0.17793153282759688
8.112765269224635	0.1924556185988296
8.166282396172972	0.22305385534508443
8.172850236655275	0.22692952268485952
8.179418077137576	0.23082763128984427
8.192553758102179	0.23868632879669005
8.218825120031386	0.2546188215651002
8.271367843889799	0.2870535814131233
8.376453291606623	0.35174524645903965
8.383021132088924	0.35568093149883406
8.389588972571225	0.3595955201742065
8.402724653535829	0.36735587266961156
8.428996015465035	0.3825630165465386
8.481538739323447	0.4114264934552362
8.488106579805748	0.4148642375625154
8.49467442028805	0.4182601124297935
8.507810101252653	0.424921619444979
8.53408146318186	0.437692384788797
8.586624187040272	0.46079385785057353
8.592751349585313	0.46325909370970175
8.598878512130353	0.46567413271816677
8.611132837220435	0.47035112640118437
8.635641487400598	0.47907654013359446
8.64176864994564	0.4811238170058256
8.64789581249068	0.483116482418345
8.66015013758076	0.4869362001825225
8.684658787760922	0.4939020313167963
8.690785950305962	0.49550110409297154
8.696913112851004	0.49704261373572317
8.709167437941083	0.49995191404237044
8.715294600486125	0.5013192489546275
8.721421763031165	0.5026281092126137
8.733676088121246	0.5050697536725703
8.739803250666288	0.5062022705716464
8.745930413211328	0.507275778075355
8.752057575756368	0.5082902009473662
8.75818473830141	0.5092454871461851
8.764311900846451	0.5101416077086588
8.77043906339149	0.5109785566197338
8.782693388481572	0.5124750292936066
8.788820551026614	0.5131346544088002
8.794947713571654	0.5137353102255122
8.801074876116694	0.5142771030555038
8.807202038661735	0.5147601611047516
8.813329201206777	0.5151846342544125
8.819456363751817	0.5155506938303996
8.825583526296857	0.5158585323625667
8.831710688841898	0.5161083633311543
8.83783785138694	0.5163004209044986
8.84396501393198	0.5164349596646355
8.85009217647702	0.5165122543244445
8.856219339022061	0.5165325994336781
8.862346501567103	0.5164963090772766
8.868473664112143	0.5164037165623394
8.874600826657183	0.5162551740988263
8.880727989202224	0.5160510524703416
8.886855151747266	0.5157917406971041
8.892982314292306	0.5154776456921624
8.899109476837346	0.5151091919090962
8.905236639382387	0.5146868209836387
8.911363801927429	0.5142109913677224
8.917490964472469	0.5136821779587696
8.923618127017509	0.5131008717216052
8.92974528956255	0.5124675793057204
8.935872452107592	0.5117828226569654
8.941999614652632	0.5110471386244861
8.954253939742713	0.5094252079324296
8.960381102287753	0.508540105889902
8.966508264832793	0.507606364883636
8.978762589922875	0.5055953997466914
8.985405707183716	0.5044267021645155
8.992048824444556	0.503203825660656
9.005335058966239	0.5005988849974902
9.031907528009604	0.4947764902490953
9.038550645270446	0.49319848596795884
9.045193762531287	0.49157335029658095
9.058479997052968	0.48818543137509274
9.085052466096332	0.4808857389923665
9.091695583357174	0.4789573425716616
9.098338700618015	0.47698952590615995
9.111624935139696	0.4729396152192284
9.13819740418306	0.4644108044322932
9.191342342269788	0.445864187660332
9.19798545953063	0.4434260701086647
9.204628576791471	0.4409647049584708
9.217914811313152	0.43597624658903206
9.244487280356516	0.42576428555032336
9.297632218443244	0.4046184438504861
9.4039220946167	0.36107886113868465
9.41012453394028	0.3585421954302758
9.41632697326386	0.3560099701616341
9.42873185191102	0.35096114284026203
9.453541609205342	0.3409415244478673
9.503161123793982	0.3213300124867379
9.50936356311756	0.318927955688506
9.51556600244114	0.3165383334172509
9.5279708810883	0.311798014187861
9.552780638382622	0.30248381361762994
9.602400152971263	0.2845978176209592
9.608602592294844	0.28243753930395843
9.614805031618424	0.2802949086384924
9.627209910265584	0.27606351207348506
9.652019667559905	0.26782203283544337
9.701639182148547	0.2522623468994914
9.707841621472127	0.25040649915123564
9.714044060795707	0.24857077368270916
9.726448939442868	0.24495995493104591
9.751258696737189	0.2379821687022586
9.800878211325829	0.22500481409944553
9.806958850263168	0.22350381357168597
9.81303948920051	0.22202215109876558
9.825200767075188	0.21911655639172015
9.849523322824545	0.21353389443595586
9.898168434323264	0.20325774706524097
9.904249073260603	0.20205394227690257
9.910329712197942	0.20086754999574966
9.922490990072623	0.1985463056626662
9.946813545821982	0.19410479959390325
9.995458657320698	0.1859801915082913
10.001539296258038	0.18503142768522096
10.007619935195379	0.18409673133659568
10.019781213070058	0.18226856289558624
10.044103768819415	0.17877010306126787
10.092748880318133	0.1723463319859606
10.098829519255473	0.17159185576884453
10.104910158192812	0.17084724140297958
10.117071436067492	0.16938648597455327
10.141393991816852	0.16657104173100395
10.190039103315568	0.16130158805311365
10.196635696968709	0.16061810992854836
10.203232290621848	0.1599409513758832
10.216425477928128	0.15860419429397551
10.242811852540688	0.15599125219526724
10.295584601765809	0.15093268280766606
10.401130100216049	0.1409380417784872
10.40772669386919	0.14029973212270985
10.414323287522329	0.13965842848852436
10.427516474828609	0.13836604281759518
10.45390284944117	0.13573696964088305
10.50667559866629	0.13026608991799715
10.61222109711653	0.11828784636352656
10.618377012832408	0.11754327293868957
10.624532928548287	0.1167936185088902
10.636844759980047	0.11527916794135605
10.661468422843562	0.11219069041924681
10.710715748570596	0.10578738564233765
10.809210400024662	0.0922286293567928
10.81536631574054	0.09135586747226514
10.82152223145642	0.09048091870808118
10.83383406288818	0.0887250392470159
10.858457725751695	0.08519351033240484
10.907705051478729	0.07808592159440926
11.006199702932795	0.06397996206921165
11.012871573364475	0.06304219064404333
11.019543443796154	0.06210779261311027
11.032887184659513	0.060249891638965054
11.059574666386231	0.056582975244552636
11.112949629839667	0.04948501846008145
11.119621500271347	0.04862318932146712
11.126293370703026	0.047767535452906115
11.139637111566385	0.04607534488463683
11.166324593293103	0.04277136472463987
11.219699556746539	0.03651319781887927
11.226371427178218	0.03576587809657598
11.233043297609898	0.03502664554740897
11.246387038473257	0.03357277522841812
11.273074520199975	0.030765505797951523
11.279746390631654	0.03008500555982589
11.286418261063334	0.029413147171841902
11.299762001926693	0.028095551661823395
11.32644948365341	0.025565977804553414
11.33312135408509	0.024955774678794722
11.33979322451677	0.02435449508871145
11.353136965380129	0.02317876857629922
11.379824447106847	0.02093485674568937
11.433199410560283	0.01687565145842996
11.439749480605723	0.016416488997405138
11.446299550651162	0.01596574180735496
11.459399690742039	0.015089332079852436
11.485599970923793	0.013435564437288912
11.492150040969232	0.013042458604239377
11.49870011101467	0.012657374096563803
11.51180025110555	0.011911023292058107
11.538000531287306	0.010511747075619584
11.544550601332745	0.010180981836488405
11.551100671378183	0.009857689611034256
11.564200811469062	0.009233212369539332
11.590401091650818	0.008070410442413467
11.596951161696257	0.0077971663075902965
11.603501231741696	0.007530730407185397
11.616601371832575	0.0070179247408380906
11.642801652014331	0.006070008287074424
11.64935172205977	0.005848669378266993
11.655901792105208	0.005633396066719435
11.669001932196087	0.005220660002246644
11.675552002241528	0.005023002804939875
11.682102072286966	0.004831022454534491
11.695202212377843	0.004463699048294122
11.701752282423282	0.0042881587212352
11.70830235246872	0.004117900829716314
11.7214024925596	0.0037928363632341957
11.747602772741356	0.0032017426510851307
11.754152842786795	0.003065692789849855
11.760702912832233	0.0029341360485911822
11.773803052923112	0.0026841121786776935
11.780353122968553	0.0025654513128688214
11.786903193013991	0.0024508961953589527
11.800003333104868	0.0022337218246364678
11.806553403150307	0.002130913511605796
11.813103473195746	0.002031832918786997
11.826203613286625	0.0018444849210399149
11.85240389346838	0.0015104995230220085
11.85851328557656	0.0014399520322265179
11.864622677684737	0.001372029060939363
11.876841461901094	0.0012437807714194091
11.882950854009273	0.0011833195861805058
11.88906024611745	0.0011252112265284452
11.901279030333807	0.0010157908491560234
11.907388422441986	0.0009643500364066648
11.913497814550164	0.000915004491420661
11.92571659876652	0.0008223519503142973
11.931825990874698	0.0007789237468838261
11.937935382982875	0.0007373484210602958
11.950154167199232	0.0006595248887553246
11.95626355930741	0.0006231634544879002
11.962372951415588	0.000588428459175681
11.974591735631943	0.0005236226296418352
11.980701127740122	0.0004934468182431005
11.9868105198483	0.0004646875010935797
11.999029304064656	0.0004112199326784791
12.005138696172835	0.0003864151096847164
12.011248088281013	0.0003628336402236166
12.02346687249737	0.0003191592402159436
12.029576264605549	0.0002989781876811455
12.035685656713726	0.00027984424094831275
12.047904440930083	0.00024455298268153346
12.054013833038262	0.0002283159394192728
12.06012322514644	0.00021296652874718667
12.072342009362796	0.00018478250967565737
12.078451401470973	0.00017187640433714957
12.08456079357915	0.00015971492248303916
12.096779577795507	0.00013749388738362462
12.102888969903685	0.0001273708291374239
12.108998362011864	0.00011786536427321234
12.115107754120041	0.00010894816000523386
12.121217146228219	0.00010059083140816201
12.127326538336398	0.00009276592949019171
12.133435930444575	0.00008544692876284276
12.145654714660932	0.00007222506863238098
12.151764106769111	0.00006627365748638568
12.157873498877288	0.00006073101608491314
12.163982890985466	0.00005557503433258365
12.170092283093645	0.00005078444192332015
12.176201675201824	0.00004633879305846659
12.182311067310001	0.000042218450837121665
12.194529851526358	0.000034879087475417774
12.200639243634537	0.00003162469245200339
12.206748635742715	0.000028624823167934494
12.212858027850892	0.00002586364326591583
12.218967419959071	0.000023326026042626704
12.225076812067249	0.00002099753717441672
12.231186204175426	0.00001886441729076257
12.237295596283605	0.00001691356441746988
12.243404988391783	0.00001513251630989314
12.250030335215762	0.00001337923065134632
12.256655682039739	0.000011797429076005099
12.263281028863718	0.000010373621816703683
12.269906375687697	9.095101027879313e-6
12.276531722511674	7.949913936158029e-6
12.283157069335653	6.926836017420993e-6
12.289782416159632	6.015344242523751e-6
12.296407762983609	5.205590423081968e-6
12.303033109807588	4.488374690631046e-6
12.309658456631567	3.8551191453168835e-6
12.316283803455544	3.2978417055172186e-6
12.322909150279523	2.8091301909079308e-6
12.329534497103502	2.3821166724984517e-6
12.33615984392748	2.0104521190418867e-6
12.342785190751458	1.6882813712246372e-6
12.349410537575437	1.410218474119575e-6
12.356035884399416	1.1713223960808222e-6
12.362661231223395	9.670731636083664e-7
12.369286578047372	7.93348438801749e-7
12.375911924871351	6.464005677004612e-7
12.38253727169533	5.228341238086733e-7
12.389162618519308	4.195839742249172e-7
12.395787965343287	3.338938907056825e-7
12.402413312167266	2.6329573065181234e-7
12.409038658991244	2.0558920994310575e-7
12.415664005815223	1.5882228939226155e-7
12.4222893526392	1.212721957265828e-7
12.42891469946318	9.142709674518623e-8
12.435540046287159	6.7968449513804e-8
12.442165393111136	4.975403936997065e-8
12.448790739935115	3.580172654457673e-8
12.455416086759094	2.527391640052273e-8
12.462041433583073	1.7462767563829997e-8
12.468666780407052	1.1776152188124831e-8
12.475292127231029	7.724380742651384e-9
12.481917474055008	4.907702853680352e-9
12.488542820878987	3.0045949643784035e-9
12.495168167702964	1.7608440251789046e-9
12.501793514526943	9.7943570762747e-10
12.508418861350922	5.11254423296344e-10
12.515044208174901	2.466012213060601e-10
12.52166955499888	1.0753479746618285e-10
12.528294901822857	4.1039492430433706e-11
12.534920248646836	1.3023242936638936e-11
12.541545595470815	3.1472644863650305e-12
12.548170942294792	4.881883611881372e-13
12.554796289118771	3.226785305110395e-14
12.56142163594275	1.969961396887247e-16
12.56804698276673	2.972444450775001e-19
12.574672329590708	4.379760614388471e-15
12.581297676414685	1.4784187145086826e-13
12.587923023238664	1.3378707154665462e-12
12.594548370062643	6.673367693245156e-12
12.60117371688662	2.3662541547659907e-11
12.6077990637106	6.723141246653214e-11
12.614424410534578	1.6351308302267766e-10
12.621049757358557	3.544069245136251e-10
12.627675104182536	7.028958621493824e-10
12.634300451006514	1.2991089609912382e-9
12.640925797830493	2.267115586421934e-9
12.647551144654471	3.772436440644289e-9
12.654176491478449	6.030255915156874e-9
12.660801838302428	9.314319337015948e-9
12.667427185126407	1.3966497603007113e-8
12.673611854013124	1.9913418389987616e-8
12.679796522899842	2.782949742256345e-8
12.68598119178656	3.8202201112055095e-8
12.692165860673278	5.160330847459584e-8
12.698350529559995	6.86977861496757e-8
12.704535198446713	9.025302785526592e-8
12.710719867333431	1.1714844416718508e-7
12.716904536220149	1.5038538881733614e-7
12.723089205106866	1.9109740587699782e-7
12.729273873993584	2.405607836786918e-7
12.735458542880302	3.002053990920034e-7
12.74164321176702	3.7162583688575975e-7
12.747827880653738	4.5659276803910256e-7
12.754012549540455	5.570645701685747e-7
12.760197218427173	6.751991737162381e-7
12.766381887313889	8.133661167346659e-7
12.772566556200605	9.741587909865182e-7
12.778751225087323	1.1604068621883886e-6
12.78493589397404	1.3751888457333692e-6
12.791120562860758	1.6218448216294634e-6
12.797305231747476	1.9039892681858e-6
12.803489900634194	2.2255239993490043e-6
12.809674569520912	2.590651182924789e-6
12.81585923840763	3.0038864263684117e-6
12.822043907294347	3.4700719066107637e-6
12.828228576181065	3.994389527075997e-6
12.834413245067783	4.582374085566197e-6
12.8405979139545	5.239926427740148e-6
12.846782582841218	5.97332657491983e-6
12.852967251727936	6.7892468004048865e-6
12.859151920614654	7.694764639049682e-6
12.865336589501371	8.697375810673344e-6
12.87152125838809	9.805007037334935e-6
12.877705927274807	0.000011026028735259732
12.883890596161525	0.000012369267563706063
12.890075265048242	0.000013844018811591162
12.89625993393496	0.00001546005860151237
12.902444602821678	0.000017227655895763686
12.908629271708396	0.000019157584280603893
12.914813940595113	0.00002126113351853394
12.920998609481831	0.000023550120838788425
12.927183278368549	0.000026036901961378144
12.933367947255267	0.000028734381823755772
12.939552616141984	0.000031656025003566115
12.945737285028702	0.000034815865811259396
12.95192195391542	0.000038228518042419624
12.964291291688854	0.000045873665334590034
12.97047596057557	0.000050138368013303296
12.976660629462287	0.000054720314175962215
12.982845298349005	0.00005963714809571405
12.989029967235723	0.00006490714388539742
12.99521463612244	0.00007054921238387616
13.001399305009159	0.00007658290756729719
13.013768642782594	0.00008990664467270335
13.019953311669312	0.00009723906109111735
13.02613798055603	0.00010504786249482572
13.032322649442747	0.00011335589728939974
13.038507318329465	0.00012218668482950377
13.044691987216183	0.00013156441814560885
13.0508766561029	0.00014151396611113124
13.063245993876336	0.00016323136948326151
13.069308862376813	0.00017481309759141643
13.07537173087729	0.00018704592142167658
13.087497467878244	0.0002135718956546966
13.09356033637872	0.00022792012501325753
13.099623204879197	0.0002430296035807974
13.111748941880153	0.0002756492726948202
13.11781181038063	0.00029321947439152416
13.123874678881108	0.00031167093846164265
13.136000415882062	0.0003513442981620035
13.14206328438254	0.0003726309908819732
13.148126152883016	0.0003949285261789043
13.16025188988397	0.0004426920502406013
13.166314758384447	0.00046822739822526715
13.172377626884924	0.0004949122883073601
13.184503363885879	0.0005518753458956643
13.190566232386356	0.000582227132055924
13.196629100886835	0.000613875673761082
13.208754837887788	0.0006812156860261118
13.214817706388265	0.0007169846528403443
13.220880574888742	0.0007542053389264839
13.233006311889696	0.0008331616704984913
13.257257785891605	0.0010102748995088936
13.263320654392082	0.0010587952194952713
13.26938352289256	0.001109096602803029
13.281509259893514	0.001215213411796439
13.287572128393991	0.0012711149020103168
13.293634996894468	0.0013289695420806431
13.305760733895422	0.0014507127443987
13.311823602395899	0.0015146889614459716
13.317886470896376	0.0015807935913770132
13.330012207897331	0.0017195647326076668
13.35426368189924	0.0020245942021395597
13.360326550399718	0.0021068364522740034
13.366389418900194	0.002191561098098501
13.378515155901148	0.0023686337380304924
13.402766629903057	0.0027544967459397305
13.408829498403534	0.0028578229994259295
13.414892366904013	0.002963979033155962
13.427018103904967	0.0031849490510896584
13.451269577906874	0.003662679307775229
13.457848401123151	0.0038007679240279237
13.46442722433943	0.003942576369433437
13.477584870771985	0.0042375483550049
13.503900163637095	0.004874232169598523
13.510478986853371	0.005043404140921951
13.51705781006965	0.005216662662081536
13.530215456502205	0.005575602476280293
13.556530749367315	0.006344244866920351
13.563109572583592	0.006547188756079521
13.56968839579987	0.006754511534321845
13.582846042232426	0.007182412932578718
13.609161335097536	0.008091983984235739
13.661791920827755	0.010130713771546458
13.668370744044033	0.010406400077615318
13.67494956726031	0.01068674016662728
13.688107213692863	0.011261383031643625
13.714422506557973	0.012466409681172257
13.767053092288194	0.015096702081297552
13.77363191550447	0.015445734058659748
13.780210738720749	0.015799169513459853
13.793368385153304	0.016519108361752907
13.819683678018414	0.018010129668092827
13.872314263748635	0.021185771439761646
13.878452409027652	0.021571910951105274
13.88459055430667	0.021961158425563253
13.896866844864702	0.022748744078068973
13.921419425980769	0.024358556332267915
13.970524588212902	0.027701687418329724
14.068734912677169	0.03474341318169195
14.074873057956186	0.03519319975293944
14.081011203235201	0.03564357716508389
14.093287493793234	0.03654572657325692
14.117840074909301	0.03835293586651944
14.166945237141434	0.041957461703912194
14.2651555616057	0.04895620119067424
14.271809661600518	0.0494131327933391
14.278463761595333	0.049867257945650244
14.291771961584967	0.05076667690258303
14.318388361564235	0.052527413631834725
14.371621161522771	0.055876106119277624
14.378275261517588	0.05627689721993425
14.384929361512405	0.05667349152303762
14.39823756150204	0.057453833206466944
14.424853961481308	0.05896150332526902
14.478086761439844	0.06175447812425376
14.48474086143466	0.062082100604701915
14.491394961429478	0.06240487448544879
14.504703161419112	0.0630358343122742
14.53131956139838	0.06423931249538893
14.537973661393197	0.06452803116876317
14.544627761388014	0.06481191275522086
14.557935961377648	0.06536524110294373
14.584552361356916	0.06641490330338352
14.591206461351733	0.06666564380701832
14.59786056134655	0.0669117973638196
14.611168761336184	0.06739053940596933
14.637785161315453	0.0682953385133188
14.691017961273989	0.06990980085304499
14.697231383331545	0.07008277214973499
14.7034448053891	0.070252779264064
14.715871649504214	0.0705842379763574
14.740725337734439	0.07121542061178336
14.790432714194887	0.0723725425884968
14.796646136252445	0.0725093498213176
14.80285955831	0.07264478510943381
14.815286402425112	0.07291200183770832
14.840140090655336	0.07343513393923468
14.889847467115786	0.07446373204256307
14.896060889173341	0.07459312158728702
14.902274311230897	0.07472312371470935
14.914701155346009	0.0749854901690408
14.939554843576234	0.07552336071307066
14.945768265633792	0.07566133596663502
14.951981687691347	0.07580097865086255
14.964408531806459	0.0760857942040457
14.989262220036682	0.07668122483130911
14.995475642094238	0.07683621874716294
15.001689064151794	0.07699392591372398
15.014115908266907	0.07731799167403336
15.038969596497132	0.0780042595127269
15.08867697295758	0.07955661267529823
15.094768594628896	0.07976556360504371
15.100860216300212	0.07997895340575953
15.113043459642842	0.08041944620176626
15.137409946328106	0.08135795215374254
15.143501567999422	0.08160509387675634
15.149593189670737	0.08185741539010626
15.161776433013369	0.08237792692808128
15.186142919698632	0.08348459242404588
15.192234541369949	0.08377535660863232
15.198326163041264	0.08407189421921311
15.210509406383895	0.08468253649150641
15.234875893069157	0.08597565700148467
15.283608866439682	0.08885926201873318
15.289700488110999	0.0892482329557587
15.295792109782314	0.08964361336836431
15.307975353124945	0.09045364787969702
15.332341839810207	0.09215093273927367
15.381074813180732	0.0958523265876876
15.387166434852048	0.09634332090023044
15.393258056523363	0.09684048923953878
15.405441299865995	0.0978531597324444
15.429807786551258	0.09995030624112392
15.478540759921783	0.10441640038865867
15.4851483363089	0.10504806036123317
15.491755912696014	0.1056855717920448
15.504971065470247	0.10697759846868228
15.53140137101871	0.10962553036075866
15.584261982115638	0.11513967987144959
15.689983204309495	0.12668175127768436
15.696590780696612	0.12740954393301598
15.703198357083728	0.12813656614007546
15.71641350985796	0.12958722118123409
15.742843815406424	0.13246728613607234
15.795704426503352	0.13807915109127844
15.802312002890469	0.13876110082227466
15.808919579277585	0.1394377320778211
15.822134732051817	0.1407738562318687
15.848565037600281	0.14336925200995618
15.901425648697208	0.1481863733571859
15.907592547147061	0.14871062991258466
15.913759445596916	0.14922617485796089
15.926093242496627	0.15023020481286034
15.950760836296048	0.1521236408238339
15.956927734745904	0.1525718112810609
15.963094633195759	0.15300946584391587
15.97542843009547	0.15385236448903325
16.00009602389489	0.1554026223718485
16.006262922344746	0.15576075274764892
16.0124298207946	0.15610671091476225
16.024763617694312	0.1567613386714927
16.030930516144167	0.1570696306351985
16.037097414594022	0.157364995346869
16.049431211493733	0.15791622674193562
16.05559810994359	0.15817174466592293
16.061765008393444	0.1584136380180591
16.0679319068433	0.15864174224033667
16.074098805293154	0.15885589687720986
16.08026570374301	0.15905594567014525
16.086432602192865	0.15924173664970795
16.09259950064272	0.15941312222701123
16.098766399092572	0.15956995928231482
16.104933297542424	0.15971210925259963
16.11110019599228	0.15983943821710273
16.117267094442134	0.15995181698051042
16.12343399289199	0.16004912115474645
16.129600891341845	0.1601312312380701
16.1357677897917	0.1601980326926511
16.141934688241555	0.16024941601960263
16.14810158669141	0.1602852768317938
16.154268485141266	0.16030551592461698
16.16043538359112	0.1603100393439587
16.166602282040976	0.1602987584525235
16.172769180490832	0.16027158999284602
16.178936078940687	0.16022845614831083
16.185102977390542	0.16016928460173074
16.191269875840398	0.16009400859085268
16.197436774290253	0.16000256696177872
16.20360367274011	0.15989490421930835
16.209770571189964	0.15977097057454634
16.21593746963982	0.15963072199014888
16.222104368089674	0.15947412022233867
16.22827126653953	0.1593011328602138
16.234438164989385	0.15911173336230253
16.246771961889095	0.15868362133811842
16.25293886033895	0.1584448853626594
16.259105758788806	0.15818969040537184
16.271439555688517	0.15762994256650434
16.277606454138372	0.15732541427544133
16.283773352588227	0.1570044762112047
16.296107149487938	0.15631348656026053
16.302790002653595	0.15591181577797267
16.309472855819248	0.15549105104120928
16.322838562150558	0.1545925151635736
16.329521415316215	0.15411490262852212
16.336204268481872	0.15361851331418977
16.349569974813182	0.15256981296120167
16.356252827978835	0.152017726850352
16.362935681144492	0.1514473137375192
16.376301387475806	0.15025204619340082
16.403032800138426	0.14764797314354308
16.409715653304083	0.1469534407869836
16.416398506469736	0.14624186750396953
16.429764212801047	0.14476838850524948
16.45649562546367	0.14162604713364316
16.509958450788915	0.13461331839769952
16.51664130395457	0.13367361594946278
16.523324157120225	0.1327208405640571
16.536689863451535	0.13077728232435598
16.56342127611416	0.12674690996556087
16.616884101439403	0.11818729513296862
16.72380975208989	0.09971390035106499
16.730370804869303	0.0985476014674154
16.73693185764872	0.09737972444313196
16.75005396320755	0.09504068576937304
16.776298174325206	0.09035957087152588
16.828786596560526	0.08106480177147805
16.83534764933994	0.07991606526017686
16.841908702119355	0.07877137231972471
16.855030807678187	0.07649543682694358
16.881275018795847	0.07200640565916251
16.933763441031168	0.06334862276761112
16.940324493810582	0.062302098727299825
16.946885546589996	0.06126442041093023
16.96000765214883	0.05921663287998192
16.98625186326649	0.055238243156869635
17.03874028550181	0.04780050586211113
17.045301338281224	0.04692337559741178
17.051862391060638	0.046058527697791285
17.06498449661947	0.044366315344148234
17.09122870773713	0.041135900162406855
17.143717129972448	0.03531794631834567
17.1498375048146	0.03469703706126616
17.155957879656754	0.03408833435276099
17.168198629341063	0.03290770877129225
17.192680128709682	0.030694404423943562
17.198800503551837	0.030172012086315196
17.20492087839399	0.02966201073649717
17.217161628078298	0.028679174872995906
17.241643127446913	0.026861843707559292
17.247763502289068	0.026438288671344082
17.253883877131223	0.026026981579599394
17.26612462681553	0.02524094600558538
17.27224500165768	0.024866122949509503
17.278365376499835	0.02450335878430055
17.290606126184144	0.023813766382597423
17.2967265010263	0.023486806307823203
17.302846875868454	0.023171641555752794
17.315087625552763	0.02257638508054754
17.32120800039492	0.022296125986933896
17.327328375237073	0.02202732759661085
17.33956912492138	0.021523731551324712
17.34568949976353	0.02128873293770942
17.351809874605685	0.021064793243726475
17.364050624289995	0.02064964496270382
17.37017099913215	0.020458203966094154
17.376291373974304	0.020277357214601742
17.388532123658614	0.019946941035686915
17.39465249850077	0.019797110059345535
17.400772873342923	0.01965735038453264
17.406893248185078	0.01952752274249455
17.41301362302723	0.019407484609485146
17.41913399786938	0.01929709028757448
17.425254372711535	0.019196190986586443
17.43137474755369	0.019104634906863205
17.437495122395845	0.019022267323022233
17.443615497238	0.01894893066858167
17.449735872080154	0.018884464621357917
17.45585624692231	0.018828706189768923
17.46197662176446	0.018781489799812347
17.46809699660661	0.018742647382816432
17.474217371448766	0.018712008463858204
17.48033774629092	0.0186894002508856
17.486458121133076	0.018674647724381967
17.49257849597523	0.018667573727672138
17.498698870817385	0.01866799905777019
17.50481924565954	0.01867574255670431
17.510939620501695	0.018690621203327967
17.51705999534385	0.018712450205609098
17.523180370186004	0.018741043093274654
17.52930074502816	0.018776211810832548
17.53542111987031	0.018817766810943826
17.542057449428263	0.018869819612688576
17.54869377898622	0.01892891115635985
17.555330108544172	0.01899479463103263
17.561966438102125	0.019067221705473772
17.56860276766008	0.019145942669855424
17.575239097218034	0.019230706577615348
17.588511756333943	0.01941735410542606
17.5951480858919	0.019518730926999718
17.601784415449853	0.019625137379131144
17.61505707456576	0.019852018791394758
17.64160239279758	0.020354899326323967
17.648238722355536	0.020489361536822185
17.65487505191349	0.020626810505700335
17.6681477110294	0.020909652909427826
17.694693029261217	0.021500053814867335
17.747783665724853	0.022724323154883708
17.75441999528281	0.0228767359532287
17.761056324840762	0.02302823307471337
17.77432898395667	0.023327577597393057
17.80087430218849	0.023905513170306824
17.807510631746446	0.024044427871338748
17.8141469613044	0.024180701231174488
17.827419620420308	0.024444525118936234
17.853964938652126	0.02493190368086512
17.860601268210083	0.025044285156844284
17.867237597768035	0.025152529917054273
17.880510256883944	0.02535594125543706
17.8871465864419	0.025450785108808348
17.893782915999854	0.02554084696512185
17.907055575115763	0.025706030712967606
17.91369190467372	0.02578086771539515
17.920328234231672	0.02585035308969227
17.926964563789625	0.025914356815256712
17.93360089334758	0.02597275396374374
17.940237222905534	0.02602542476284814
17.946873552463487	0.026072254656981503
17.953509882021443	0.026113134365150885
17.960146211579396	0.026147959935791897
17.966341863200093	0.026174921416047152
17.972537514820786	0.02619644419580246
17.97873316644148	0.026212456493576775
17.984928818062173	0.026222890715361123
17.991124469682866	0.026227683482792002
17.99732012130356	0.02622677565900212
18.003515772924253	0.026220112372450553
18.009711424544946	0.02620764303842358
18.01590707616564	0.026189321378402037
18.022102727786333	0.026165105437173083
18.028298379407026	0.026134957597610278
18.03449403102772	0.026098844593290618
18.040689682648413	0.026056737518733615
18.046885334269106	0.026008611837316477
18.0530809858898	0.025954447386957527
18.059276637510493	0.025894228383367326
18.065472289131186	0.02582794342094126
18.07166794075188	0.025755585471408687
18.077863592372573	0.02567715187989097
18.084059243993266	0.02559264435881938
18.09025489561396	0.025502068979251228
18.096450547234653	0.025405436159894736
18.108841850476043	0.025194061531946838
18.11503750209674	0.025079362166230884
18.121233153717434	0.024958690207533954
18.13362445695882	0.024699560371823855
18.158407063441594	0.024111315352328074
18.164602715062287	0.0239499634932037
18.17079836668298	0.023783011034435725
18.183189669924367	0.023432567612450328
18.20797227640714	0.022667587780868043
18.214167928027834	0.02246346384932703
18.220363579648527	0.022254365565979782
18.232754882889914	0.02182162911530971
18.25753748937269	0.020900871211165246
18.263733140993388	0.02065980152514743
18.26992879261408	0.020414611057730524
18.282320095855468	0.019912354641727765
18.30710270233824	0.018863907001545718
18.356667915303788	0.01662196484040547
18.362741766538242	0.016336701739551863
18.368815617772697	0.016049626117573365
18.3809633202416	0.015470630429807869
18.405258725179415	0.014297482084240243
18.45384953505504	0.011925099286191987
18.45992338628949	0.011629157376948928
18.465997237523943	0.011333875139584743
18.478144939992852	0.010745919341859861
18.502440344930662	0.009584830391616688
18.55103115480629	0.007356483157000578
18.557105006040743	0.0070896711257524515
18.563178857275197	0.006825952619493223
18.575326559744102	0.006308360877270298
18.599621964681916	0.005316405575756304
18.60569581591637	0.005078200226314359
18.61176966715082	0.0048441660739568185
18.623917369619726	0.004389108049472927
18.64821277455754	0.0035343668527407016
18.65428662579199	0.003332881116040465
18.660360477026444	0.0031364912812100352
18.672508179495352	0.002759407802637792
18.678582030729807	0.002578910712025936
18.684655881964257	0.0024039025061041736
18.696803584433162	0.0020707107111659034
18.702877435667617	0.0019126978269954954
18.70895128690207	0.0017605151313436645
18.721098989370976	0.0014739441807057915
18.727172840605427	0.0013396990897638762
18.73324669183988	0.00121157042830641
18.74539439430879	0.0009739092048097793
18.751984200259045	0.000855487808808669
18.758574006209297	0.0007445398518650328
18.76516381215955	0.0006411257565926069
18.771753618109805	0.0005453007012449058
18.778343424060058	0.0004571145832950391
18.78493323001031	0.0003766119872358972
18.791523035960566	0.00030383215665271584
18.798112841910818	0.0002388089705572077
18.80470264786107	0.00018157092399242146
18.811292453811326	0.00013214111295429466
18.81788225976158	0.0000905372235973489
18.82447206571183	0.00005677152576072659
18.831061871662087	0.000030850870783400435
18.83765167761234	0.000012776693627528872
18.84424148356259	2.545019291514625e-6
18.850831289512847	1.4647349449707698e-7
18.8574210954631	5.566297626856653e-6
18.86401090141335	0.000018784367936946388
18.870600707363607	0.000039775218934659143
18.87719051331386	0.00006850807097983959
18.883780319264112	0.00010494686202849018
18.890370125214368	0.00014905028349557518
18.89695993116462	0.0002007718201965967
18.903549737114872	0.00026005979432671756
18.910139543065128	0.000326857413430926
18.91672934901538	0.0004011028223109802
18.923319154965633	0.0004827291588209471
18.92990896091589	0.0005716646134848014
18.93649876686614	0.0006678324928933977
18.943088572816393	0.0007711512867948705
18.9562681847169	0.0009988919208460054
18.962857990667153	0.0011231273106687572
18.96944779661741	0.0012541408733480052
18.982627408517914	0.0015360803241301492
18.98921721446817	0.0016867843556429506
18.99580702041842	0.0018438230319123157
19.00898663231893	0.0021764152942542357
19.015576438269182	0.00235171457532613
19.022166244219434	0.002532840099521472
19.035345856119942	0.002912020459109199
19.061705079920955	0.00373406115816631
19.06829488587121	0.003951959483006767
19.074884691821463	0.004174499899788879
19.08806430372197	0.004632858723170257
19.114423527522984	0.005598013829197488
19.167141975125013	0.0076829856450368736
19.173291103138006	0.007936366360568018
19.179440231151	0.008191347383289006
19.191738487176984	0.008705504256037866
19.216334999228955	0.009746342585674908
19.265528023332894	0.011844160419843552
19.271677151345884	0.012104974294052356
19.277826279358877	0.012364982047917613
19.290124535384862	0.012882000747167366
19.314721047436834	0.013900073736457188
19.363914071540776	0.01584185094166893
19.37006319955377	0.016073202516612827
19.376212327566762	0.01630161994723022
19.388510583592748	0.016749191029088572
19.41310709564472	0.017604188800561846
19.41925622365771	0.01780896172387126
19.425405351670705	0.018009944710179922
19.43770360769669	0.01840016485532469
19.462300119748658	0.019131155061216536
19.468449247761647	0.01930312202895818
19.47459837577464	0.019470625172244342
19.486896631800626	0.019791962362651166
19.49304575981362	0.019945665748683963
19.49919488782661	0.020094644053932784
19.511493143852597	0.020378200649503915
19.51764227186559	0.020512675004725558
19.523791399878583	0.020642216458574066
19.53608965590457	0.02088633049053183
19.54223878391756	0.021000826653901808
19.548387911930554	0.021110237119906543
19.56068616795654	0.02131368662211256
19.56755044020467	0.021418272346152015
19.574414712452796	0.0215163977924172
19.581278984700923	0.02160804249236523
19.588143256949053	0.02169319148652339
19.595007529197183	0.02177183532655771
19.60187180144531	0.02184397007376803
19.608736073693436	0.021909597293739237
19.615600345941566	0.0219687240472859
19.622464618189696	0.022021362877769353
19.629328890437822	0.022067531794835612
19.63619316268595	0.02210725425439257
19.64305743493408	0.022140559135170847
19.649921707182205	0.0221674807117837
19.65678597943033	0.022188058624164276
19.66365025167846	0.022202337843712554
19.670514523926588	0.0222103686360169
19.677378796174715	0.022212206520152315
19.684243068422845	0.02220791222484319
19.69110734067097	0.022197551641264034
19.697971612919098	0.022181195772662192
19.704835885167228	0.022158920680895915
19.711700157415354	0.022130807429841384
19.71856442966348	0.022096942025764385
19.72542870191161	0.02205741535476862
19.73229297415974	0.02201232311723367
19.739157246407867	0.021961765759498358
19.746021518655994	0.021905848402627534
19.752885790904124	0.021844680768522865
19.759750063152254	0.021778377103331744
19.76661433540038	0.02170705609816158
19.780342879896637	0.021549858563963794
19.787207152144767	0.02146424089345274
19.794071424392893	0.02137412342412448
19.80779996888915	0.021180951566708118
19.835257057881662	0.020747011495824835
19.842121330129793	0.020629517928206546
19.84898560237792	0.02050874586923598
19.862714146874175	0.02025804211103624
19.890171235866685	0.019724893942978525
19.89703550811481	0.019586047089837008
19.90389978036294	0.01944534756488609
19.917628324859194	0.01915915168098912
19.945085413851707	0.018573015305889992
19.951949686099837	0.0184247729080483
19.958813958347964	0.018276249629337875
19.97254250284422	0.017979176061906937
19.97940677509235	0.017831036374325697
19.986271047340477	0.01768343675062769
19.993135319588603	0.017536584695957196
19.999999591836733	0.01739068836394565