4.0816326530612243e-7	7.0504852216622105
0.006134358411192534	7.048099077756962
0.012268308659119763	7.040943336814546
0.01840225890704699	7.029024185001283
0.02453620915497422	7.012351996639827
0.03067015940290145	6.990941429768146
0.03680410965082868	6.96481155837981
0.042938059898755904	6.933986039757066
0.04907201014668314	6.898493314952728
0.055205960394610364	6.858366839962326
0.06133991064253759	6.813645344770854
0.06747386089046481	6.7643731169939105
0.07360781113839204	6.710600306462306
0.07974176138631928	6.652383246720818
0.08587571163424651	6.589784788989672
0.09814361213010096	6.451729725779686
0.10427756237802818	6.3764344945270635
0.11041151262595542	6.297081288879144
0.12267941312180988	6.126611600268227
0.1472152141135188	5.741983871164078
0.15334916436144602	5.637532928632863
0.15948311460937326	5.530078976581712
0.17175101510522772	5.306867365599089
0.19628681609693663	4.8326864600648065
0.20242076634486383	4.709598281772966
0.20855471659279107	4.585150586774956
0.22082261708864553	4.3331486115728115
0.24535841808035447	3.823822452690338
0.2514923683282817	3.6969063140325376
0.2576263185762089	3.5706869475091443
0.26989421907206335	3.3213983507986375
0.2944300200637723	2.8426711964441984
0.3005639703116995	2.7285739943283183
0.30669792055962675	2.6171776196155014
0.3189658210554812	2.4033423224445887
0.32509977130340845	2.301301054211624
0.3312337215513357	2.2027538145509205
0.34350162204719015	2.016783501871116
0.3496355722951174	1.9296421411651448
0.3557695225430446	1.846556781051289
0.36190347279097185	1.7676258609298032
0.3680374230388991	1.6929299158553501
0.3741713732868263	1.6225312337385085
0.38030532353475355	1.5564736331677893
0.39257322403060796	1.437464136671696
0.39922312899433554	1.3802508639835698
0.40587303395806307	1.3281242901093235
0.41252293892179065	1.2810210880106219
0.41917284388551823	1.2388543152962077
0.4258227488492458	1.201514396423472
0.4324726538129734	1.168870279639233
0.439122558776701	1.1407707564734322
0.44577246374042856	1.1170459297505124
0.45242236870415614	1.0975088144252543
0.4590722736678837	1.081957054079565
0.4657221786316113	1.070174734706433
0.4723720835953389	1.0619342764309287
0.47902198855906647	1.0569983831164698
0.48567189352279405	1.0551220293742498
0.49232179848652163	1.0560544643526593
0.4989717034502492	1.0595412118213319
0.5056216084139769	1.0653260464791448
0.5122715133777044	1.0731529270941034
0.5189214183414319	1.0827678680309136
0.5255713233051595	1.093920731871638
0.5322212282688872	1.1063669272255232
0.5388711332326147	1.1198689973787959
0.5521709431600699	1.1491352770501544
0.5588208481237975	1.1644727761470264
0.565470753087525	1.1800149662170405
0.5787705630149802	1.210996999636034
0.5854204679787077	1.2261137064387044
0.5920703729424353	1.240789829478399
0.6053701828698904	1.2683374274828705
0.6120200878336179	1.2810053835049098
0.6186699927973456	1.292825530920209
0.6253198977610731	1.3037333895252476
0.6319698027248006	1.3136787783486796
0.6386197076885283	1.3226253016743117
0.6452696126522558	1.330549739219875
0.6519195176159833	1.3374413523731539
0.658569422579711	1.3433011187940256
0.6652193275434386	1.3481409079032312
0.6718692325071661	1.3519826098233976
0.6785191374708937	1.3548572302378323
0.6851690424346213	1.356803963356545
0.6918189473983489	1.3578692547643265
0.6984688523620765	1.3581058653884588
0.705118757325804	1.3575719471454142
0.7117686622895316	1.3563301400473438
0.7184185672532593	1.3544466996727027
0.7250684722169868	1.351990662961033
0.7317183771807143	1.3490330592561115
0.738368282144442	1.3456461724704738
0.7450181871081696	1.3419028591488105
0.7516680920718971	1.3378759260991915
0.7649679019993523	1.329258881625723
0.7716178069630799	1.3248094117406217
0.7782677119268074	1.3203568038292248
0.7915675218542626	1.3117014271263137
0.7982174268179902	1.307621941377723
0.8048673317817178	1.3037855572092587
0.8115172367454453	1.3002469271227257
0.8181671417091729	1.2970577853329606
0.8243763687356396	1.2944386350399197
0.8305855957621063	1.2922042334160078
0.8367948227885731	1.2903898867155985
0.8430040498150397	1.289028805215084
0.8492132768415064	1.2881521751369323
0.8554225038679731	1.287789240603502
0.8616317308944399	1.287967392705815
0.8678409579209065	1.2887122629373509
0.8740501849473732	1.290047818448448
0.88025941197384	1.2919964568275537
0.8864686390003067	1.29457909833586
0.8926778660267733	1.2978152738092121
0.89888709305324	1.3017232066974245
0.9050963200797068	1.3063198879885833
0.9113055471061735	1.3116211430294396
0.9175147741326402	1.3176416895239234
0.9237240011591068	1.3243951862250158
0.9299332281855736	1.3318942720939582
0.9361424552120403	1.3401505958965032
0.942351682238507	1.349174836419765
0.9485609092649736	1.3589767136697333
0.9547701362914404	1.3695649915562882
0.9671885903443738	1.3931309863172237
0.9733978173708404	1.4061213694175567
0.9796070443973072	1.4199234432991137
0.9920254984502406	1.4499766971414045
0.9982347254767072	1.466232171651785
1.0044439525031739	1.4833078573269445
1.0168624065561074	1.519915725260959
1.0230716335825742	1.5394427721646622
1.029280860609041	1.5597796970794393
1.0416993146619742	1.6028587794572964
1.066536222767841	1.6983921800861097
1.0727454497943079	1.724161781076674
1.0789546768207745	1.750657583126999
1.0913731308737078	1.8057608199164736
1.1162100389795746	1.9238781652776167
1.1224192660060415	1.954931422789068
1.1286284930325081	1.986547945240559
1.1410469470854414	2.051372318822844
1.1658838551913082	2.1866725308090476
1.2155576714030418	2.4741955194085867
1.2216450980432683	2.5105383804558006
1.2277325246834945	2.547060373031719
1.239907377963947	2.620584924707578
1.2642570845248517	2.769255996969372
1.3129564976466614	3.0722257308524332
1.4103553238902813	3.710037864355664
1.4164427505305075	3.751592371337224
1.4225301771707337	3.7932935172409668
1.4347050304511861	3.877030578316864
1.4590547370120912	4.044872259222756
1.4651421636523176	4.0866585688790344
1.4712295902925439	4.12827361098586
1.4834044435729963	4.210758750127195
1.5077541501339011	4.370979790292438
1.5138415767741273	4.409654114849721
1.5199290034143536	4.447637341696782
1.532103856694806	4.52125215492492
1.5381912833350322	4.556746650160871
1.5442787099752584	4.59127691520959
1.556453563255711	4.657190943720597
1.5625409898959375	4.688454932718457
1.5686284165361637	4.718516035366659
1.5808032698166161	4.774830656749718
1.5868906964568423	4.800995787025647
1.5929781230970685	4.8257818200246545
1.605152976377521	4.87109409282762
1.6117563577335474	4.893240324395449
1.618359739089574	4.913649633125214
1.6249631204456008	4.932309355243175
1.6315665018016272	4.949214170299568
1.6381698831576539	4.964365923473454
1.6447732645136806	4.977773371897991
1.651376645869707	4.989451860931107
1.6579800272257337	4.999422937260199
1.6645834085817603	5.007713906440451
1.6711867899377868	5.0143573431495785
1.6777901712938135	5.01939056278453
1.6843935526498401	5.022855063369377
1.6909969340058666	5.024795946780826
1.6976003153618933	5.025261328278073
1.70420369671792	5.024301743084181
1.7108070780739464	5.021969558454044
1.7174104594299728	5.018318399176666
1.7240138407859995	5.0134025939196825
1.7306172221420262	5.007276649142596
1.7372206034980526	4.999994756634254
1.743823984854079	4.991610339909828
1.7504273662101058	4.982175643956402
1.7570307475661324	4.9717413719513655
1.7636341289221589	4.96035637178881
1.7702375102781853	4.948067374435573
1.776840891634212	4.934918785344116
1.7900476543462651	4.906207949216665
1.7966510357022918	4.890721755765078
1.8032544170583185	4.8745280300383405
1.8164611797703716	4.840141504837803
1.8230645611263983	4.822004400174845
1.8296679424824247	4.803271473076465
1.842874705194478	4.764106724002302
1.8692882306185843	4.679522746466994
1.9221152814667968	4.489348716888031
1.9287186628228232	4.464009409031291
1.93532204417885	4.4384112071792
1.948528806890903	4.386577987811624
1.9749423323150095	4.2815333107630185
1.9815457136710362	4.25527085130871
1.9881490950270626	4.229120928001594
2.001355857739116	4.1774151650409
2.027769383163222	4.078380598466225
2.033932086581988	4.056530557682365
2.0400947900007536	4.035299948625541
2.052420196838285	3.994989892162379
2.0585829002570506	3.976061548246437
2.0647456036758163	3.9580545194487553
2.0770710105133476	3.9251236279331847
2.0832337139321133	3.9103623866390107
2.089396417350879	3.8968473665502312
2.0955591207696447	3.8846621350269372
2.1017218241884104	3.873890867250098
2.107884527607176	3.8646181882478015
2.1140472310259417	3.8569290195079353
2.1202099344447074	3.850908430444507
2.1263726378634735	3.8466414947283885
2.1325353412822396	3.8442131512268176
2.1386980447010053	3.843708069062674
2.144860748119771	3.8452105160107384
2.1510234515385367	3.8488042292408893
2.1571861549573024	3.854572287164968
2.163348858376068	3.862596980944655
2.1695115617948337	3.872959684021579
2.1756742652135994	3.8857407178911596
2.181836968632365	3.901019212190532
2.1879996720511308	3.9188729571090333
2.1941623754698965	3.9393782460673
2.200325078888662	3.962609706610133
2.206487782307428	3.9886401175029746
2.2126504857261935	4.017540210112017
2.218813189144959	4.049378452275819
2.224975892563725	4.084220813090089
2.2311385959824905	4.122130507230583
2.237301299401256	4.163167717750344
2.243464002820022	4.207389296615256
2.2496267062387876	4.254848442595595
2.2557894096575533	4.305594356582739
2.261952113076319	4.359671874805442
2.2742775199138503	4.477976898586309
2.280440223332616	4.542268666098625
2.2866029267513817	4.610019696315907
2.298928333588913	4.7559599461725135
2.3050910370076787	4.834161554611394
2.3112537404264444	4.915846273091576
2.323579147263976	5.089601440910448
2.3297418506827423	5.181617712131855
2.335904554101508	5.277007893314989
2.3482299609390394	5.477694349954707
2.372880774614102	5.916586725814703
2.3790434780328678	6.033558989077873
2.3852061814516334	6.153191261454108
2.397531588289165	6.39986615018193
2.4221824019642275	6.9182601441673315
2.4288610600987934	7.063255438199622
2.4355397182333594	7.209696800450355
2.4488970345024916	7.505795070768755
2.4756116670407557	8.102545642082157
2.482290325175322	8.25088885008063
2.488968983309888	8.39826984159824
2.5023262995790203	8.68890476358798
2.5290409321172844	9.245282052936023
2.5357195902518503	9.37754240650862
2.5423982483864167	9.50654983145903
2.5557555646555485	9.753882450997585
2.562434222790115	9.871787729073354
2.569112880924681	9.985602378336342
2.582470197193813	10.200325265800934
2.589148855328379	10.300966583929318
2.595827513462945	10.396984315414084
2.6025061715975113	10.488297041364588
2.609184829732077	10.574844383347639
2.615863487866643	10.656586881257539
2.6225421460012095	10.733505720609754
2.6358994622703413	10.872897767619286
2.6425781204049072	10.935432179139813
2.649256778539473	10.993263885959816
2.6559354366740395	11.046468569219927
2.6626140948086054	11.095138291130404
2.6692927529431714	11.139380457824917
2.6759714110777377	11.179316724522002
2.6826500692123036	11.215081856722806
2.6893287273468696	11.24682256083755
2.696007385481436	11.274696297181743
2.702686043616002	11.298870087611192
2.7093647017505678	11.319519329289358
2.716043359885134	11.336826625105772
2.7227220180197	11.350980640251562
2.729400676154266	11.362174993313081
2.7360793342888323	11.370607189086153
2.7427579924233982	11.376477599057706
2.749436650557964	11.37998849432652
2.7561153086925305	11.38134313446092
2.7627939668270964	11.380744914667382
2.7694726249616624	11.37839657245605
2.7761512830962287	11.374499453937723
2.7828299412307946	11.36925283891773
2.7895085993653606	11.36285332298491
2.796187257499927	11.355494254066409
2.802865915634493	11.347365220136899
2.8095445737690588	11.338651584250227
2.822901890038191	11.32018834032558
2.829580548172757	11.310784721826053
2.8362592063073233	11.301487807549238
2.849616522576455	11.283842196997142
2.8561733803247806	11.275932518713002
2.862730238073106	11.268697415396081
2.8692870958214316	11.262261865003966
2.8758439535697575	11.256744046511457
2.8824008113180835	11.252255102093123
2.888957669066409	11.248898893235111
2.8955145268147344	11.246771748554105
2.90207138456306	11.245962201627068
2.9086282423113854	11.246550717668539
2.915185100059711	11.248609408490832
2.9217419578080364	11.252201735740046
2.9282988155563623	11.257382203015805
2.934855673304688	11.264196038097555
2.9414125310530137	11.272678867046151
2.947969388801339	11.282856382596096
2.9545262465496647	11.294744009767134
2.96108310429799	11.308346572205034
2.9676399620463156	11.32365796325616
2.974196819794641	11.340660826244223
2.980753677542967	11.359326248880418
2.987310535291293	11.379613477084208
2.9938673930396185	11.40146965382469
3.0069811085362694	11.449615565457332
3.013537966284595	11.475737190128923
3.0200948240329204	11.503091291838837
3.033208539529572	11.561020143217135
3.059435970522874	11.68571250122836
3.0659928282711997	11.717738949798802
3.072549686019525	11.749721338937134
3.0856634015161766	11.812697135310433
3.0922202592645025	11.843238235420545
3.098777117012828	11.872832291403267
3.111890832509479	11.92818809918056
3.1184476902578044	11.95343977563146
3.12500454800613	11.976726589230644
3.1315614057544554	11.997784393543677
3.1381182635027813	12.016347754106842
3.1446751212511073	12.032151353248585
3.1512319789994327	12.04493144407527
3.1577888367477582	12.05442734337836
3.1643456944960837	12.06038295246727
3.170902552244409	12.062548294109515
3.1774594099927347	12.06068105319596
3.18401626774106	12.054548108257958
3.190573125489386	12.043927040596397
3.197129983237712	12.028607607655362
3.2036868409860375	12.008393167209917
3.210243698734363	11.983102039109875
3.2168005564826885	11.952568791641587
3.223357414231014	11.916645440036792
3.2299142719793394	11.87520254533735
3.236471129727665	11.828130202608168
3.2430279874759904	11.775338908457499
3.249584845224316	11.716760298937208
3.2561417029726414	11.65234775007379
3.269255418469293	11.505945630327547
3.2753715982803575	11.429666314865898
3.2814877780914222	11.348340405184569
3.2937201377135517	11.170772314095485
3.2998363175246164	11.074683707582771
3.305952497335681	10.97385494952563
3.3181848569578105	10.758459437427494
3.3243010367688752	10.644170895952243
3.33041721657994	10.525697208608353
3.3426495762020694	10.276897382076042
3.3671142954463282	9.737422598162789
3.373230475257393	9.595089522705127
3.3793466550684577	9.450231351964
3.391579014690587	9.15390079555348
3.416043733934846	8.541637813815598
3.4649731724233637	7.292626319700857
3.4710893522344284	7.138598825229831
3.477205532045493	6.985711699010837
3.4894378916676225	6.684064687470967
3.5139026109118814	6.1016758043279316
3.520018790722946	5.961231718347573
3.526134970534011	5.823081342051901
3.5383673301561402	5.554044580344143
3.562832049400399	5.0471492350284874
3.568948229211464	4.927251160314218
3.5750644090225285	4.810160184803689
3.587296768644658	4.584485122319263
3.611761487888917	4.1673320942511705
3.6178776676999815	4.070121717173687
3.6239938475110463	3.975701150740127
3.6362262071331757	3.7951018748997187
3.6606909263774345	3.465711457836888
3.6673230609043	3.383400099722328
3.673955195431165	3.303929517632384
3.687219464484895	3.153189078464714
3.6938515990117597	3.081750238093541
3.700483733538625	3.0128150186402527
3.7137480025923555	2.8820900789674093
3.7203801371192204	2.820113356073943
3.7270122716460854	2.7602669536944573
3.7402765406998157	2.646579583357605
3.766805078807276	2.440517116980658
3.773437213334141	2.392881229481839
3.780069347861006	2.346608637074982
3.7933336169147363	2.2577876117091407
3.8198621550221965	2.092597274306807
3.872919231237117	1.7948128053241943
3.879551365763982	1.7593992853154994
3.886183500290847	1.7242213476651944
3.8994477693445773	1.65442515423178
3.9259763074520375	1.51630183328985
3.979033383666958	1.2436703779958762
3.985665518193823	1.210058593958511
3.9922976527206884	1.1766197721320628
4.005561921774419	1.1103851507949702
4.0320904598818785	0.9815007578088775
4.0387225944087435	0.9502605721549129
4.045354728935608	0.9194983488217163
4.058618997989338	0.8595835637136444
4.085147536096799	0.7474011733041586
4.091338992686403	0.7229045785983645
4.097530449276007	0.6991095558508214
4.109913362455217	0.6537297817200463
4.116104819044821	0.6321918226344279
4.122296275634425	0.6114485851003009
4.134679188813633	0.5724090488475415
4.140870645403238	0.5541362686610762
4.147062101992842	0.5367049924288603
4.15944501517205	0.5043769226426056
4.165636471761655	0.48947636223710855
4.1718279283512585	0.4754097473614811
4.184210841530467	0.4497323874582788
4.1904022981200715	0.43809021313567165
4.196593754709675	0.427219345334378
4.202785211299279	0.41709616846360653
4.208976667888884	0.4076942039880853
4.215168124478488	0.39898431647580956
4.221359581068092	0.390934943130242
4.2337424942473	0.3766808737159062
4.239933950836905	0.3704032616728723
4.246125407426509	0.3646409148057952
4.252316864016112	0.35935422267694506
4.258508320605717	0.3545028719108174
4.264699777195322	0.3500461632273213
4.270891233784925	0.3459433282295272
4.283274146964134	0.33863773264653263
4.289465603553738	0.335355871499722
4.295657060143342	0.33227026290723227
4.3080399733225505	0.3265430593141039
4.332805799680967	0.3159559452283691
4.338997256270572	0.31332634680986615
4.345188712860176	0.31065750099945166
4.357571626039384	0.30513133135222725
4.382337452397801	0.29298541373997544
4.388528908987405	0.28968228738598034
4.394720365577009	0.2862696937594911
4.407103278756217	0.2791298287206292
4.431869105114634	0.26380317229608785
4.438060561704239	0.2598179369585969
4.4442520182938425	0.25579902846647684
4.456634931473051	0.24772376805248797
4.481400757831468	0.2318981776158946
4.487470414034831	0.22818415585848673
4.493540070238195	0.22456752459491147
4.505679382644923	0.21768752641140843
4.511749038848286	0.2144531411691557
4.51781869505165	0.21137390786382504
4.529958007458378	0.2057299417196501
4.536027663661741	0.20318734155663787
4.542097319865105	0.20084406287726786
4.548166976068469	0.1987085897266314
4.554236632271833	0.19678833229883175
4.560306288475196	0.19508962332376445
4.56637594467856	0.19361772594562643
4.572445600881924	0.19237685240032043
4.578515257085288	0.19137019272913536
4.584584913288651	0.1905999527011515
4.590654569492015	0.19006740006698664
4.596724225695379	0.18977291822684705
4.602793881898743	0.1897160663696602
4.608863538102106	0.18989564512379697
4.61493319430547	0.1903097667550937
4.621002850508834	0.19095592894998203
4.627072506712198	0.1918310912382708
4.633142162915561	0.19293175312831456
4.639211819118925	0.19425403305895994
4.645281475322289	0.19579374730696664
4.651351131525653	0.19754648802910602
4.657420787729016	0.19950769966692405
4.66349044393238	0.20167275298848253
4.669560100135744	0.2040370160987912
4.675629756339107	0.20659592180216357
4.68169941254247	0.20934503076093147
4.687769068745833	0.2122800899500894
4.699908381152561	0.21869229281865676
4.705978037355925	0.22216231384849738
4.712047693559288	0.22580411755553875
4.724187005966016	0.23359294314847068
4.73025666216938	0.23773596053708657
4.736326318372743	0.24204277770353855
4.748465630779471	0.2511446753411888
4.772744255592926	0.2713036341651267
4.77881391179629	0.27675573684589283
4.784883567999653	0.28237587159785615
4.797022880406381	0.2941284794234904
4.821301505219836	0.3197481134119937
4.8273711614231996	0.32660729997757665
4.833440817626563	0.33365249885459614
4.845580130033291	0.34830749981812614
4.869858754846746	0.379896970430992
4.876444365765909	0.38898677350150646
4.883029976685074	0.39829421894406636
4.896201198523402	0.41754241310888385
4.922543642200059	0.45835050108321185
4.975228529553371	0.5459629553120255
4.981814140472535	0.5570540020045283
4.988399751391699	0.5680813038508539
5.001570973230027	0.5898096021304333
5.008156584149191	0.6004392511587773
5.014742195068355	0.6108627481427749
5.027913416906683	0.6309351340480291
5.034499027825847	0.64050383039602
5.041084638745011	0.6497064182218826
5.047670249664176	0.6585016749932739
5.054255860583339	0.666848362667422
5.060841471502504	0.6747054870910387
5.067427082421668	0.6820325659492268
5.074012693340832	0.6887899030130971
5.080598304259996	0.694938866282627
5.0871839151791605	0.7004421674997903
5.093769526098324	0.7052641403928546
5.100355137017488	0.7093710149568431
5.106940747936653	0.7127311850285498
5.113526358855816	0.7153154664202688
5.120111969774981	0.7170973429087371
5.126697580694145	0.7180531974487707
5.133283191613309	0.7181625260897941
5.139868802532472	0.7174081322190351
5.146454413451637	0.7157762989322745
5.153040024370801	0.7132569375453603
5.159625635289965	0.7098437105011588
5.166211246209128	0.705534127192629
5.172796857128293	0.7003296115105464
5.179382468047457	0.6942355402354368
5.185968078966621	0.6872612517093641
5.192553689885784	0.6794200245581694
5.199139300804949	0.6707290265600119
5.205724911724113	0.6612092340972892
5.212310522643277	0.6508853229450026
5.218896133562441	0.6397855314675523
5.2254817444816055	0.6279414975910029
5.2386529663199335	0.6021631038248836
5.245238577239098	0.5883072178321436
5.2518241881582615	0.573863557282205
5.26499540999659	0.5433964949421141
5.291337853673246	0.4775229443981286
5.2974827866551495	0.46148345004183045
5.303627719637053	0.4452791848245745
5.315917585600859	0.4125481044334215
5.340497317528472	0.3469721754983002
5.346642250510375	0.3307903240537562
5.3527871834922784	0.314769801361106
5.365077049456085	0.28335458320749674
5.389656781383698	0.22392674657192746
5.395801714365601	0.20994464962495418
5.401946647347504	0.1963616045494072
5.414236513311311	0.17047460533023462
5.420381446293214	0.1582064477409746
5.426526379275117	0.14640893776347108
5.4388162452389235	0.12427485268676086
5.444961178220827	0.11395776589393303
5.45110611120273	0.10415038706978053
5.457251044184633	0.0948576555469195
5.463395977166536	0.08608269178797168
5.46954091014844	0.0778268650559526
5.475685843130343	0.07008986664619399
5.487975709094148	0.05616320217393089
5.4941206420760516	0.049965250171374986
5.500265575057954	0.04426972763977943
5.506410508039857	0.03906917500216611
5.51255544102176	0.034354968094610694
5.5187003740036635	0.030117409434227804
5.524845306985567	0.026345819417535
5.53099023996747	0.023028626899051385
5.537135172949373	0.020153458642048205
5.543280105931276	0.017707227175649543
5.54942503891318	0.015676216637901197
5.555569971895083	0.014046166225930135
5.561714904876986	0.012802350919998373
5.567859837858889	0.011929659188105513
5.5740047708407925	0.011412667421535128
5.580149703822696	0.011235710890210582
5.586294636804599	0.011382951046104983
5.592439569786502	0.011838439039101978
5.598584502768405	0.012586175344670547
5.604729435750309	0.01361016543539173
5.610874368732212	0.014894471458992475
5.617019301714115	0.016423259913810107
5.623164234696018	0.018180845338446217
5.629309167677921	0.02015173005705506
5.635454100659825	0.022320640042182704
5.641599033641728	0.024672556977912707
5.647743966623631	0.02719274662201121
5.6600338325874375	0.03268057263508162
5.666178765569341	0.03562036672496305
5.672323698551244	0.038672781795484834
5.68461356451505	0.04506382171008516
5.691274452212754	0.048658847961057905
5.697935339910457	0.052326651078828945
5.711257115305864	0.059823072561534296
5.737900666096679	0.07508671332177874
5.744561553794382	0.07888754343614068
5.751222441492086	0.08265983094549689
5.764544216887494	0.09007751197908176
5.7911877676783075	0.10414025830004814
5.797848655376011	0.10744431945372734
5.804509543073714	0.11064777970951956
5.817831318469121	0.11672353276153213
5.824492206166825	0.11958185719220449
5.831153093864528	0.12231161290113923
5.844474869259935	0.1273603043699696
5.851135756957639	0.12966726430542586
5.857796644655342	0.13182168694117946
5.864457532353045	0.13381813124267716
5.871118420050749	0.13565136773693331
5.877779307748453	0.13731637844180156
5.884440195446157	0.13880835948962444
5.891101083143861	0.1401227265453514
5.897761970841564	0.1412551230910566
5.904422858539267	0.14220143163043986
5.9110837462369705	0.1429577878360787
5.917744633934674	0.14352059763581437
5.924405521632378	0.14388655719974086
5.931066409330082	0.1440526757568702
5.937727297027785	0.1440163011307335
5.944388184725488	0.14377514784631373
5.951049072423192	0.14332732761344746
5.957709960120896	0.1426713819547254
5.964370847818599	0.1418063166936474
5.971031735516302	0.14073163797841198
5.977692623214006	0.1394473894652946
5.98435351091171	0.1379541902446244
5.991014398609413	0.1362532730440747
5.997675286307116	0.13434652220323456
6.00433617400482	0.13223651087489535
6.010997061702524	0.12992653687303046
6.017657949400227	0.12742065655721047
6.030979724795634	0.12184137963865097
6.0376406124933375	0.11878015320153745
6.044301500191041	0.11554740450856721
6.057623275586448	0.10860119964979592
6.064284163284151	0.10490688664544381
6.070945050981855	0.10107933503968186
6.084266826377263	0.0930724312048366
6.110910377168077	0.07603257290140734
6.11744946447954	0.07172732502983764
6.123988551791003	0.06740490207777439
6.137066726413929	0.058774281969924874
6.143605813725392	0.05449977598993839
6.150144901036855	0.05027530049061471
6.163223075659781	0.042045443440843606
6.169762162971244	0.03807442524624573
6.176301250282707	0.03422195336019283
6.189379424905633	0.026938471094883322
6.195918512217096	0.023539161249836998
6.202457599528559	0.020321584783664234
6.215535774151486	0.014487423943492573
6.22207486146295	0.01189649826924834
6.228613948774413	0.009538441780407064
6.235153036085876	0.007423449829308856
6.241692123397339	0.0055605259689514306
6.248231210708802	0.003957418516087432
6.254770298020265	0.002620566764338629
6.261309385331728	0.001555057447388317
6.267848472643191	0.0007645919274897471
6.274387559954654	0.00025146445233383674
6.280926647266117	0.000016551686184754248
6.28746573457758	0.00005931358134692438
6.294004821889043	0.0003778055160124304
6.300543909200506	0.0009687014865705835
6.307082996511969	0.00182732800900785
6.313622083823432	0.0029477082571400903
6.320161171134895	0.004322615847375552
6.326700258446358	0.005943637571942474
6.333239345757821	0.007801244287281918
6.339778433069284	0.009884869082168438
6.346317520380747	0.01218299178275759
6.35285660769221	0.014683228799743308
6.359395695003673	0.017372427286216203
6.3724738696265995	0.02326183769476708
6.3790129569380625	0.02643278435071399
6.3855520442495255	0.029734363627895905
6.3986302188724515	0.03666721035942326
6.4247865681183045	0.05141179833557786
6.431325655429768	0.05519038144427654
6.437864742741231	0.058975776101878395
6.4509429173641575	0.06650966865684607
6.47709926661001	0.08105718529939146
6.483638353921473	0.08451489806368288
6.490177441232936	0.0878792604047603
6.503255615855862	0.09429005458193347
6.509794703167325	0.09731930441901641
6.516333790478788	0.10022084106192056
6.529411965101714	0.10561410598482451
6.5355103744759155	0.10793175978991357
6.541608783850118	0.11011833129376458
6.547707193224321	0.11217037150091022
6.553805602598523	0.11408489797994562
6.5599040119727245	0.11585937830309664
6.566002421346927	0.11749171253825044
6.57210083072113	0.11898021504267148
6.578199240095332	0.1203235957930302
6.5842976494695336	0.12152094147245374
6.590396058843736	0.12257169651780353
6.596494468217939	0.12347564431488223
6.602592877592141	0.12423288871066285
6.608691286966343	0.1248438359939546
6.614789696340544	0.12530917747832926
6.620888105714746	0.12562987280256438
6.626986515088949	0.1258071340473172
6.633084924463152	0.1258424107485525
6.639183333837353	0.12573737587230666
6.645281743211555	0.12549391280108813
6.651380152585757	0.12511410336400974
6.657478561959959	0.12460021693295042
6.6635769713341615	0.12395470059035413
6.669675380708364	0.12318017036607543
6.675773790082566	0.12227940352504207
6.681872199456768	0.12125533188315452
6.6879706088309705	0.12011103611504192
6.694069018205173	0.11884974101158974
6.700167427579375	0.11747481163925877
6.706265836953577	0.11598975034376002
6.7123642463277795	0.11439819453906364
6.724561065076184	0.11091081609926412
6.730659474450386	0.10902293338767388
6.7367578838245885	0.10704443599282898
6.748954702572993	0.10283294073723148
6.773348340069802	0.09352095711558961
6.779446749444004	0.09103624677511801
6.7855451588182065	0.08849918481279473
6.797741977566611	0.0832898276672801
6.822135615063419	0.07249111795793262
6.828234024437622	0.06974750795084284
6.834332433811824	0.06699898237484003
6.846529252560227	0.06151361993771587
6.870922890057036	0.05078200394826793
6.877021299431238	0.04819038504229678
6.883119708805441	0.0456499227900552
6.895316527553845	0.040752448359891
6.901414936928047	0.03841059102314426
6.90751334630225	0.036150172874943154
6.919710165050654	0.0319043824095957
6.926324529140657	0.029772754436944937
6.932938893230659	0.027773822383539315
6.939553257320662	0.025917294082945186
6.946167621410664	0.024212781172633924
6.952781985500667	0.02266976534866194
6.959396349590669	0.02129756295206542
6.966010713680672	0.02010528799118394
6.972625077770674	0.019101813722777417
6.979239441860677	0.018295732934039743
6.985853805950679	0.017695317087294327
6.992468170040682	0.017308474508157312
6.999082534130684	0.01714270781797833
7.005696898220687	0.017205070830617952
7.012311262310689	0.017502125152240755
7.0189256264006925	0.018039896741089245
7.025539990490695	0.018823832702023313
7.0321543545806975	0.019858758605602933
7.038768718670701	0.021148836637212454
7.045383082760703	0.022697524893942278
7.051997446850706	0.024507538158345332
7.058611810940708	0.026580810486296846
7.065226175030711	0.028918459952745224
7.071840539120713	0.0315207559022207
7.078454903210716	0.03438708905049748
7.085069267300718	0.03751594478253417
7.091683631390721	0.040904879982331444
7.104912359570726	0.0484484621293077
7.111526723660728	0.05259342770755093
7.118141087750731	0.05697909341614987
7.131369815930736	0.06644239887005537
7.137984180020738	0.07150254452283977
7.144598544110741	0.07676842696060793
7.157827272290746	0.08787204906196133
7.184284728650756	0.11200059037893728
7.237199641370776	0.1644098579684629
7.243814005460779	0.17100440833857744
7.250428369550782	0.17754607848563259
7.263657097730787	0.19039538847607845
7.27027146182079	0.19666581682519568
7.276885825910792	0.20280911392322598
7.290114554090797	0.21464385914638756
7.2967289181808	0.2203013990019294
7.303343282270802	0.22576414521217558
7.316572010450807	0.2360448670771178
7.32318637454081	0.2408346811321282
7.329800738630812	0.24537349654215396
7.343029466810817	0.253651966821619
7.349203152963559	0.2571322869752993
7.355376839116301	0.2603586750128415
7.361550525269042	0.2633248738105261
7.367724211421784	0.26602546943722694
7.373897897574526	0.2684558994637768
7.3800715837272675	0.27061245670105055
7.386245269880009	0.27249228842010564
7.392418956032751	0.27409339114125897
7.398592642185493	0.27541460111697746
7.404766328338234	0.27645558066071935
7.410940014490976	0.27721680050655173
7.417113700643718	0.2776995184144345
7.423287386796459	0.2779057542562939
7.4294610729492	0.27783826184503085
7.4356347591019425	0.2775004977872062
7.441808445254684	0.27689658765533187
7.447982131407425	0.27603128978927377
7.454155817560167	0.2749099570507838
7.4603295037129085	0.2735384968546082
7.46650318986565	0.27192332980959233
7.472676876018392	0.2700713473018769
7.478850562171133	0.2679898683479104
7.4850242483238745	0.26568659604278316
7.491197934476617	0.2631695739177704
7.497371620629359	0.26044714251383777
7.5035453067821	0.25752789646148905
7.5158926790875835	0.2511343575926322
7.522066365240326	0.2476781506897036
7.528240051393067	0.2440612228356585
7.54058742369855	0.23638225489025777
7.546761109851293	0.23233876080961846
7.552934796004034	0.22817157452128622
7.565282168309517	0.21950264998399577
7.589976912920484	0.2010756288449846
7.639366402142417	0.1617116412379379
7.645540088295158	0.15670147232355935
7.6517137744479005	0.1516936923019413
7.664061146753383	0.14170946632100356
7.68875589136435	0.12202437201120325
7.738145380586284	0.08490842250242708
7.744835021454826	0.08020836017867344
7.751524662323368	0.07560259255516949
7.7649039440604515	0.06669334026319679
7.771593584928993	0.0623992994830298
7.778283225797535	0.05821844820403643
7.791662507534619	0.05021413206458131
7.798352148403161	0.04639932878414549
7.805041789271703	0.04271502957728551
7.818421071008787	0.03575406339508108
7.825110711877329	0.032485138979282846
7.831800352745871	0.029362180102991298
7.845179634482956	0.023567973502849893
7.851869275351499	0.020903175197358626
7.858558916220041	0.018397205990989707
7.865248557088583	0.016052751588572778
7.871938197957125	0.01387224710749091
7.8786278388256665	0.011857856715682569
7.8853174796942085	0.010011453006247062
7.89200712056275	0.008334596354722723
7.898696761431292	0.006828514512996986
7.905386402299834	0.00549408269917695
7.912076043168376	0.004331804445977583
7.918765684036918	0.003341793471009602
7.92545532490546	0.0025237568301665902
7.932144965774002	0.0018769796114029291
7.938834606642544	0.001400311418585154
7.945524247511086	0.0010921548861073105
7.952213888379628	0.0009504564520891323
7.95890352924817	0.0009726996036428792
7.965593170116712	0.0011559007900778795
7.972282810985254	0.001496608180441672
7.978972451853796	0.001990903419652912
7.985662092722338	0.002634406513510823
7.99235173359088	0.003422283946745819
7.999041374459422	0.004349260110803943
8.005731015327964	0.005409632088439864
8.012420656196506	0.006597287812102504
8.019110297065048	0.007905727581725419
8.032489578802132	0.010857174512781342
8.039179219670674	0.012485483645095885
8.045868860539215	0.014205246120130521
8.0592481422763	0.01788692794068447
8.065937783144841	0.019832305565910868
8.072627424013383	0.021836139089220552
8.086006705750467	0.025985103841183244
8.112765269224635	0.034611715887654604
8.119454910093177	0.03678902404294754
8.126144550961719	0.03895905496261137
8.139523832698803	0.04324870169342626
8.166282396172972	0.05144989460312127
8.172850236655275	0.05335558626809067
8.179418077137576	0.05521096963649097
8.192553758102179	0.058759650782705786
8.19912159858448	0.060448924205269705
8.205689439066782	0.06207987412929983
8.218825120031386	0.06516592147741457
8.225392960513688	0.0666222490723305
8.231960800995989	0.06802271676672361
8.245096481960593	0.07066587843459249
8.271367843889799	0.07542587699357028
8.2779356843721	0.07653523058049017
8.2845035248544	0.07762457314963578
8.297639205819005	0.079771890498607
8.304207046301308	0.08084535851803032
8.310774886783609	0.08192973190757535
8.32391056774821	0.08416651389010543
8.330478408230512	0.08533737257943108
8.337046248712813	0.0865559575369178
8.343614089195114	0.08783210524168794
8.350181929677417	0.08917582442034555
8.35674977015972	0.09059725610496105
8.36331761064202	0.09210663421930221
8.376453291606623	0.09543039904001749
8.383021132088924	0.09726537548709957
8.389588972571225	0.09922940638351785
8.396156813053526	0.10133263352179123
8.402724653535829	0.10358507864202604
8.409292494018132	0.10599661353896439
8.415860334500433	0.10857693211917019
8.428996015465035	0.11428165313596128
8.435563855947336	0.11742433122799145
8.442131696429637	0.120772303063305
8.455267377394241	0.12811765837745248
8.461835217876544	0.13213103979241125
8.468403058358845	0.13638168631500946
8.481538739323447	0.14562315160838613
8.488106579805748	0.15062729563880173
8.49467442028805	0.15589534530534943
8.507810101252653	0.16724592293905638
8.514377941734956	0.17333893872036032
8.520945782217257	0.17971683641082226
8.53408146318186	0.193344341936585
8.54064930366416	0.20060160455862475
8.547217144146462	0.20815906527557104
8.560352825111066	0.22418610519969084
8.586624187040272	0.2599506366318889
8.592751349585313	0.2690116411526021
8.598878512130353	0.2783464848574644
8.611132837220435	0.2978387356085484
8.635641487400598	0.34010750612121815
8.64176864994564	0.35135489820704374
8.64789581249068	0.36287203113397926
8.66015013758076	0.38670889089651167
8.684658787760922	0.43753251449082714
8.690785950305962	0.4508790361649496
8.696913112851004	0.46447538340633815
8.709167437941083	0.49240249657159785
8.733676088121246	0.5510727378199355
8.782693388481572	0.6784458288143658
8.788820551026614	0.6951772616797016
8.794947713571654	0.7120624116105533
8.807202038661735	0.7462583220250807
8.831710688841898	0.8160850897861884
8.880727989202224	0.9590719293655836
8.886855151747266	0.9770270663280592
8.892982314292306	0.9949579913600555
8.905236639382387	1.0306938954223728
8.92974528956255	1.1012807008670904
8.978762589922875	1.2358041815932148
8.985405707183716	1.2530556475448036
8.992048824444556	1.2700192364756533
9.005335058966239	1.303016505013038
9.031907528009604	1.364847779484566
9.038550645270446	1.3793508483029702
9.045193762531287	1.3934440276160067
9.058479997052968	1.4203492255768448
9.085052466096332	1.468709914361097
9.091695583357174	1.4796049158245483
9.098338700618015	1.4900042106085505
9.111624935139696	1.5092864303968123
9.118268052400538	1.518156675679186
9.124911169661377	1.5265058742309403
9.13819740418306	1.541624512365932
9.144840521443902	1.5483876503515464
9.151483638704743	1.5546171382174652
9.158126755965583	1.560311828303549
9.164769873226424	1.5654713656653934
9.171412990487266	1.5700961797293795
9.178056107748105	1.574187473713861
9.184699225008947	1.5777472119035778
9.191342342269788	1.5807781048500438
9.19798545953063	1.5832835925992057
9.204628576791471	1.5852678260422304
9.21127169405231	1.58673564649777
9.217914811313152	1.587692563641086
9.224557928573994	1.5881447318941497
9.231201045834833	1.5880989254080577
9.237844163095675	1.5875625117569279
9.244487280356516	1.5865434244779266
9.251130397617358	1.585050134590185
9.257773514878199	1.583091621223601
9.264416632139039	1.5806773414930575
9.27105974939988	1.5778171997542585
9.277702866660722	1.5745215163705324
9.284345983921561	1.570800996121041
9.290989101182403	1.5666666963855957
9.297632218443244	1.562129995225257
9.304275335704085	1.557202559483295
9.310918452964927	1.5518963130247185
9.324204687486608	1.5401961798300439
9.33084780474745	1.53382714424914
9.33749092200829	1.5271289394425123
9.350777156529972	1.5127960775491622
9.357420273790813	1.5051871084976565
9.364063391051655	1.4973002912851443
9.377349625573336	1.4807446102005337
9.4039220946167	1.4448624955743818
9.41012453394028	1.4360221929925898
9.41632697326386	1.4270269582823003
9.42873185191102	1.408610751619477
9.453541609205342	1.370340158231234
9.503161123793982	1.2900116206380283
9.602400152971263	1.1270696956170092
9.608602592294844	1.117177668524683
9.614805031618424	1.107344559931187
9.627209910265584	1.0878672230206579
9.652019667559905	1.04974168600695
9.701639182148547	0.9772344547180533
9.800878211325829	0.8482409535325909
9.806958850263168	0.8409913034301594
9.81303948920051	0.8338084210169934
9.825200767075188	0.8196348389318051
9.849523322824545	0.7919940407650069
9.898168434323264	0.7389696263339816
9.995458657320698	0.6368171902250364
10.001539296258038	0.6304032190101719
10.007619935195379	0.6239706062002649
10.019781213070058	0.611041214989288
10.044103768819415	0.584875264897808
10.092748880318133	0.5310330870302922
10.190039103315568	0.4172638584900621
10.196635696968709	0.40934786837656817
10.203232290621848	0.40142168485396196
10.216425477928128	0.38555300376286483
10.242811852540688	0.3538570836970533
10.295584601765809	0.2915543140535332
10.30218119541895	0.28395209503708246
10.308777789072089	0.27640544537983436
10.321970976378369	0.26149562277853866
10.348357350990929	0.23252338112495508
10.401130100216049	0.1787934762308191
10.40772669386919	0.17253511864881738
10.414323287522329	0.1663875612544175
10.427516474828609	0.15443379772786547
10.45390284944117	0.13194490509190257
10.46049944309431	0.1266273259525526
10.46709603674745	0.12143403429563707
10.48028922405373	0.11142379908359966
10.50667559866629	0.09292365742943824
10.51327219231943	0.08861653903278144
10.51986878597257	0.08443634937055854
10.53306197327885	0.0764550435623973
10.53965856693199	0.07265270102862795
10.54625516058513	0.06897484255905267
10.55944834789141	0.06198858681704057
10.56604494154455	0.058677867473861826
10.57264153519769	0.05548699772510381
10.58583472250397	0.04945883209708237
10.61222109711653	0.03876896649925157
10.618377012832408	0.0365270285448131
10.624532928548287	0.03437689791011713
10.636844759980047	0.030344835845879478
10.643000675695927	0.02845916673075681
10.649156591411804	0.02665783772053062
10.661468422843562	0.023300256950073366
10.667624338559442	0.02173994806055996
10.673780254275322	0.020255873088655604
10.68609208570708	0.01750802086872944
10.692248001422957	0.01623999593610643
10.698403917138837	0.015039717335926815
10.710715748570596	0.012833786297635267
10.716871664286476	0.011823819926512318
10.723027580002356	0.010872979329244968
10.729183495718235	0.009979116336122782
10.735339411434113	0.009140092605060645
10.741495327149991	0.008353782994540333
10.74765124286587	0.007618078844256651
10.75996307429763	0.0062901536867465
10.76611899001351	0.005693825898066244
10.772274905729388	0.005139895842580991
10.778430821445266	0.004626382897551913
10.784586737161145	0.004151340392533662
10.790742652877025	0.003712858110116995
10.796898568592905	0.003309064658014931
10.803054484308785	0.002938129709319868
10.809210400024662	0.002598266107151824
10.81536631574054	0.0022877318309317777
10.82152223145642	0.002004831821329634
10.8276781471723	0.0017479196614554535
10.83383406288818	0.0015153991122650503
10.83998997860406	0.0013057255001600746
10.846145894319937	0.0011174069555455867
10.852301810035815	0.000949005501186536
10.858457725751695	0.0007991379896546101
10.864613641467574	0.0006664768896433894
10.870769557183454	0.0005497509211954688
10.876925472899334	0.00044774554038568264
10.883081388615212	0.00035930327437377636
10.88923730433109	0.00028332390821302934
10.89539322004697	0.00021876452508137224
10.90154913576285	0.00016463940222095907
10.907705051478729	0.00012001976509561519
10.913860967194609	0.0000840334027432674
10.920016882910488	0.000055864147793366174
10.926172798626368	0.00003475122481630139
10.932328714342246	0.000019988471215404667
10.938484630058124	0.000010923435141855196
10.944640545774003	6.956355275890107e-6
10.950796461489883	7.539027646760298e-6
10.956952377205763	0.000012173564965249368
10.963108292921643	0.000020411054220764724
10.96926420863752	0.000031850118562129666
10.975420124353398	0.00004613538970539609
10.981576040069278	0.00006295589733148728
10.987731955785158	0.00008204338211511772
10.993887871501038	0.00010317053916916253
11.006199702932795	0.00015082845189945708
11.012871573364475	0.00017936321742339362
11.019543443796154	0.0002096574247806588
11.032887184659513	0.00027532448614786586
11.039559055091193	0.0003106944879841707
11.046230925522872	0.0003478120794431342
11.059574666386231	0.00042764456447598595
11.06624653681791	0.00047060290688366287
11.07291840724959	0.0005157896310060781
11.086262148112949	0.0006135607847308668
11.092934018544629	0.0006665377124554304
11.099605888976308	0.0007225223036761415
11.112949629839667	0.0008443979516548638
11.119621500271347	0.0009107394863412824
11.126293370703026	0.000980984605827245
11.139637111566385	0.001134071811328856
11.146308981998065	0.0012173420707497452
11.152980852429744	0.0013053681215864513
11.166324593293103	0.0014964349220544131
11.172996463724783	0.0015998154645229907
11.179668334156462	0.0017086282719232738
11.193012075019821	0.0019430491363389391
11.1996839454515	0.002068858878120597
11.20635581588318	0.0022005022242747585
11.219699556746539	0.0024814634974678093
11.226371427178218	0.0026308124961043015
11.233043297609898	0.0027860562760663905
11.246387038473257	0.003114035739106946
11.273074520199975	0.0038372978689736226
11.279746390631654	0.004031307928593044
11.286418261063334	0.004230221221156281
11.299762001926693	0.004641834037741616
11.32644948365341	0.005512613582780564
11.33312135408509	0.005738417500454041
11.33979322451677	0.005966781346744177
11.353136965380129	0.0064297043687297165
11.379824447106847	0.0073692810741637395
11.433199410560283	0.009208525566758137
11.439749480605723	0.00942224817435208
11.446299550651162	0.009631964118240622
11.459399690742039	0.010037793045479998
11.465949760787478	0.010233133581067802
11.472499830832916	0.010422924686711346
11.485599970923793	0.010784420082885913
11.492150040969232	0.010955434292575271
11.49870011101467	0.011119520736225656
11.51180025110555	0.011425677783927493
11.51835032115099	0.01156716979512385
11.524900391196429	0.011700578306265554
11.538000531287306	0.011942168528389719
11.544550601332745	0.012049906298561175
11.551100671378183	0.012148673714654352
11.557650741423622	0.012238295229898704
11.564200811469062	0.012318614595225057
11.570750881514503	0.012389495175034137
11.577300951559941	0.01245082020507169
11.58385102160538	0.012502492992299096
11.590401091650818	0.01254443705689069
11.596951161696257	0.012576596216098627
11.603501231741696	0.012598934610562475
11.610051301787134	0.012611436673436702
11.616601371832575	0.012614107042798247
11.623151441878015	0.012606970418169872
11.629701511923454	0.012590071362135025
11.636251581968892	0.012563474047944693
11.642801652014331	0.0125272619544346
11.64935172205977	0.012481537509550283
11.655901792105208	0.012426421684009873
11.662451862150647	0.012362053536777374
11.669001932196087	0.012288589713968161
11.675552002241528	0.012206203903266578
11.682102072286966	0.012115086245850535
11.688652142332405	0.01201544270784195
11.695202212377843	0.011907494413690366
11.701752282423282	0.011791476943848033
11.70830235246872	0.011667639599029968
11.7214024925596	0.011397566462608422
11.72795256260504	0.011251890838805035
11.734502632650479	0.011099514013336002
11.747602772741356	0.01077588905595539
11.754152842786795	0.010605278069605466
11.760702912832233	0.010429238375406697
11.773803052923112	0.010062220027046155
11.800003333104868	0.009278093387638036
11.85240389346838	0.007587908721144107
11.85851328557656	0.0073864565085249275
11.864622677684737	0.0071850322846741576
11.876841461901094	0.006783279075102475
11.901279030333807	0.005990873941573913
11.907388422441986	0.0057964025780030464
11.913497814550164	0.005603803837799014
11.92571659876652	0.0052249988564050595
11.950154167199232	0.0044978827258202545
11.95626355930741	0.004323374798492376
11.962372951415588	0.004152052311144851
11.974591735631943	0.0038194407277238316
11.999029304064656	0.0031971497753539493
12.005138696172835	0.0030509924201908138
12.011248088281013	0.002908724969837947
12.02346687249737	0.002636033636414826
12.047904440930083	0.0021387495631929342
12.054013833038262	0.002024501799903674
12.06012322514644	0.001914269477105745
12.072342009362796	0.0017057638421814872
12.078451401470973	0.0016074295653735978
12.08456079357915	0.0015129894193188923
12.096779577795507	0.0013356002207286007
12.102888969903685	0.001252541424755109
12.108998362011864	0.001173157950848036
12.121217146228219	0.0010251428382135768
12.127326538336398	0.0009563634803695835
12.133435930444575	0.0008909647048443036
12.145654714660932	0.0007699741238948371
12.151764106769111	0.0007142077544299067
12.157873498877288	0.0006614735221560696
12.163982890985466	0.0006116784980918638
12.170092283093645	0.0005647280916109694
12.176201675201824	0.000520526372169993
12.182311067310001	0.00047897638341115806
12.194529851526358	0.00040344046800068256
12.200639243634537	0.00036925820352654075
12.206748635742715	0.0003373355566315122
12.212858027850892	0.0003075748322256721
12.218967419959071	0.0002798789920608341
12.225076812067249	0.00025415189576492224
12.231186204175426	0.00023029852928821627
12.243404988391783	0.00018783984089807898
12.250030335215762	0.00016753563574811693
12.256655682039739	0.00014899748173352544
12.263281028863718	0.0001321155154050174
12.269906375687697	0.00011678296949443866
12.276531722511674	0.00010289636786459694
12.283157069335653	0.00009035569761632647
12.289782416159632	0.00007906455850494363
12.296407762983609	0.00006893028986552815
12.303033109807588	0.0000598640753626654
12.309658456631567	0.000051781025988097
12.316283803455544	0.000044600241765751245
12.322909150279523	0.000038244852754967777
12.329534497103502	0.00003264203999803926
12.33615984392748	0.000027723037121647304
12.342785190751458	0.000023423113399978023
12.349410537575437	0.00001968153912228153
12.356035884399416	0.000016441534186701933
12.362661231223395	0.000013650200887257707
12.369286578047372	0.000011258441916616224
12.375911924871351	9.220864640635477e-6
12.38253727169533	7.4956727575663095e-6
12.389162618519308	6.04454646628079e-6
12.395787965343287	4.832512313275859e-6
12.402413312167266	3.827803898819343e-6
12.409038658991244	3.001714647609019e-6
12.415664005815223	2.3284438494082578e-6
12.4222893526392	1.7849371908910658e-6
12.42891469946318	1.3507229926613665e-6
12.435540046287159	1.0077453589415713e-6
12.442165393111136	7.401954394269572e-7
12.448790739935115	5.343419818448241e-7
12.455416086759094	3.783623332617116e-7
12.462041433583073	2.621750187821289e-7
12.468666780407052	1.772749953918387e-7
12.475292127231029	1.1657263866609181e-7
12.481917474055008	7.423747994845347e-8
12.488542820878987	4.5547663578823763e-8
12.495168167702964	2.6746042800414378e-8
12.501793514526943	1.4903778743181534e-8
12.508418861350922	7.79224760158418e-9
12.515044208174901	3.763999341773514e-9
12.52166955499888	1.6434461502891478e-9
12.528294901822857	6.278907897263742e-10
12.534920248646836	1.994346013762627e-10
12.541545595470815	4.823224037799822e-11
12.548170942294792	7.485797658655929e-12
12.554796289118771	4.949836137299938e-13
12.56142163594275	3.022547242262464e-15
12.56804698276673	4.561082109065406e-18
12.574672329590708	6.719285955450544e-14
12.581297676414685	2.2674362934231376e-12
12.587923023238664	2.050879422722856e-11
12.594548370062643	1.0223108761296946e-10
12.60117371688662	3.621886995601842e-10
12.6077990637106	1.0280279124668093e-9
12.614424410534578	2.4972836966942118e-9
12.621049757358557	5.40534957043041e-9
12.627675104182536	1.0703905115265359e-8
12.634300451006514	1.9749219429518497e-8
12.640925797830493	3.4399685362526176e-8
12.647551144654471	5.7121879329822286e-8
12.654176491478449	9.110438462007966e-8
12.660801838302428	1.403785633534164e-7
12.667427185126407	2.09945413628377e-7
12.673611854013124	2.9856550305874025e-7
12.679796522899842	4.1610881639769116e-7
12.68598119178656	5.695481211877355e-7
12.692165860673278	7.669953282466052e-7
12.698350529559995	1.0178027269927486e-6
12.704535198446713	1.3326644448025584e-6
12.710719867333431	1.7237174643514828e-6
12.716904536220149	2.2046415290209634e-6
12.723089205106866	2.790757258929021e-6
12.729273873993584	3.499121802049729e-6
12.735458542880302	4.348621343874784e-6
12.74164321176702	5.36005980375408e-6
12.747827880653738	6.556243054832967e-6
12.754012549540455	7.962058011089895e-6
12.760197218427173	9.604545942923835e-6
12.766381887313889	0.000011512969390005602
12.772566556200605	0.00001371887206830625
12.778751225087323	0.000016256131179620855
12.78493589397404	0.00001916100156067483
12.791120562860758	0.000022472151135724383
12.797305231747476	0.00002623068715881873
12.803489900634194	0.000030480172766213966
12.809674569520912	0.000035266633397771973
12.81585923840763	0.00004063855266750413
12.822043907294347	0.000046646857313282716
12.828228576181065	0.000053344890889828824
12.834413245067783	0.00006078837590890858
12.8405979139545	0.0000690353641728057
12.846782582841218	0.00007814617509230515
12.852967251727936	0.00008818332182683168
12.859151920614654	0.00009921142513218721
12.865336589501371	0.0001112971148340437
12.87152125838809	0.00012450891892738986
12.877705927274807	0.0001389171403049681
12.883890596161525	0.00015459372121704755
12.890075265048242	0.00017161209556627757
12.89625993393496	0.00019004702924817253
12.902444602821678	0.0002099744487296829
12.914813940595113	0.00025461514546668636
12.920998609481831	0.00027948437740105993
12.927183278368549	0.0003061575846668965
12.933367947255267	0.00033471353690940614
12.939552616141984	0.0003652309085169838
12.945737285028702	0.00039778803566049473
12.95192195391542	0.00043246266521936494
12.964291291688854	0.0005084709147093459
12.97047596057557	0.0005499547221697702
12.976660629462287	0.0005938558593295565
12.989029967235723	0.0006891910922113198
12.99521463612244	0.000740759820047975
13.001399305009159	0.0007950145658792025
13.013768642782594	0.0009118193922783734
13.019953311669312	0.0009744793718142905
13.02613798055603	0.0010400445927938996
13.038507318329465	0.0011800659226946556
13.063245993876336	0.0014966301615989314
13.069308862376813	0.0015817767909116053
13.07537173087729	0.0016699248301100147
13.087497467878244	0.001855225693275433
13.111748941880153	0.0022615065050501683
13.11781181038063	0.002370364044063407
13.123874678881108	0.0024820598587401285
13.136000415882062	0.002713757959603681
13.16025188988397	0.0032085271838037943
13.166314758384447	0.003338286744688319
13.172377626884924	0.003470284109924448
13.184503363885879	0.003740557910934549
13.208754837887788	0.00430279951502984
13.257257785891605	0.0054813537124014525
13.263320654392082	0.005630479255153612
13.26938352289256	0.005779391727725818
13.281509259893514	0.006075793715177423
13.305760733895422	0.006657268146226512
13.311823602395899	0.006799078755794363
13.317886470896376	0.006939050608187695
13.330012207897331	0.007212644033515247
13.35426368189924	0.007728632022570796
13.360326550399718	0.00784993944364866
13.366389418900194	0.007967772616712896
13.378515155901148	0.008192245808528106
13.384578024401625	0.008298510936451195
13.390640892902102	0.008400552932953135
13.402766629903057	0.008591272756639918
13.408829498403534	0.008679617897645354
13.414892366904013	0.008763075365189117
13.42095523540449	0.00884149536540621
13.427018103904967	0.008914735428891048
13.433080972405444	0.008982660780657757
13.43914384090592	0.00904514469451671
13.445206709406397	0.009102068831025356
13.451269577906874	0.00915332355785362
13.457848401123151	0.009202409622488293
13.46442722433943	0.00924458579032777
13.471006047555708	0.009279749165031438
13.477584870771985	0.009307810481984511
13.484163693988261	0.009328694430605895
13.49074251720454	0.009342339939512053
13.497321340420818	0.009348700423240874
13.503900163637095	0.00934774398961276
13.510478986853371	0.00933945360677818
13.51705781006965	0.0093238272291384
13.523636633285928	0.009300877881569055
13.530215456502205	0.009270633701168342
13.536794279718482	0.00923313793638672
13.54337310293476	0.009188448903035475
13.549951926151039	0.009136639897075733
13.556530749367315	0.009077799064129713
13.563109572583592	0.009012029225828652
13.56968839579987	0.008939447663139763
13.576267219016149	0.00886018585708612
13.582846042232426	0.008774389187301232
13.589424865448702	0.008682216588982833
13.59600368866498	0.008583840169023868
13.609161335097536	0.008369227567872011
13.615740158313812	0.008253397449883362
13.622318981530091	0.00813217459824785
13.635476627962646	0.007874484134951133
13.661791920827755	0.007305185340172973
13.668370744044033	0.00715319428620979
13.67494956726031	0.006997901267784056
13.688107213692863	0.006678581095588627
13.714422506557973	0.00601339497345801
13.767053092288194	0.0046444968164677134
13.77363191550447	0.004475506829991211
13.780210738720749	0.00430791202940137
13.793368385153304	0.003977926760591169
13.819683678018414	0.0033453544046398954
13.826262501234691	0.0031941618543016737
13.83284132445097	0.0030461272760291
13.845998970883524	0.002760182864742419
13.872314263748635	0.002232563222244837
13.878452409027652	0.002118546529384363
13.88459055430667	0.002008084759601782
13.896866844864702	0.001797981221702914
13.903004990143717	0.0016983889130904337
13.909143135422735	0.0016024506769542254
13.921419425980769	0.0014215144584220044
13.927557571259786	0.0013364791405472301
13.933695716538802	0.0012550238293501216
13.945972007096834	0.001102669667434833
13.952110152375852	0.0010316563731738917
13.958248297654869	0.0009639951818433113
13.970524588212902	0.0008384116386360809
13.976662733491917	0.0007803134484922083
13.982800878770934	0.0007252170301106327
13.995077169328969	0.0006236175820987719
14.001215314607986	0.0005768987990033981
14.007353459887002	0.000532751951077405
14.019629750445034	0.00045171792061231525
14.025767895724051	0.0004146017223190877
14.031906041003069	0.0003796013650151565
14.038044186282086	0.00034660580222390476
14.044182331561101	0.0003155072076791698
14.050320476840117	0.0002862020296318852
14.056458622119134	0.0002585920632345685
14.068734912677169	0.00020809821715491806
14.074873057956186	0.00018505450581613933
14.081011203235201	0.00016338856438321084
14.087149348514217	0.00014304542403836818
14.093287493793234	0.0001239821007113413
14.099425639072251	0.00010616870401791039
14.105563784351268	0.00008958953761826777
14.111701929630286	0.00007424418735741138
14.117840074909301	0.000060148593563656445
14.123978220188317	0.00004733610386681319
14.130116365467334	0.000035858502885334227
14.136254510746351	0.000025787015163204882
14.142392656025368	0.00001721327775358779
14.148530801304386	0.000010250278900833694
14.154668946583401	5.033259309629315e-6
14.160807091862416	1.7205725706475553e-6
14.166945237141434	4.945013818292553e-7
14.173083382420451	1.5620262994872017e-6
14.179221527699468	5.1555438546760975e-6
14.185359672978485	0.000011533530983676285
14.191497818257501	0.000020981152845713944
14.197635963536516	0.00003381081123808908
14.203774108815534	0.0000503626309608686
14.20991225409455	0.00007100488163972862
14.216050399373568	0.00009613433267633472
14.222188544652585	0.00012617653916902213
14.2283266899316	0.00016158605681562774
14.234464835210616	0.00020284658400946298
14.240602980489633	0.0002504710295081836
14.24674112576865	0.0003050015042814563
14.252879271047668	0.0003670092362886366
14.259017416326685	0.0004370944072114016
14.2651555616057	0.0005158859102977146
14.271809661600518	0.0006118992002452509
14.278463761595333	0.0007197913844743998
14.28511786159015	0.0008404748694178614
14.291771961584967	0.0009748991296862782
14.298426061579784	0.001124049722673511
14.305080161574601	0.0012889471745253954
14.311734261569418	0.001470645738628669
14.318388361564235	0.001670232028227032
14.325042461559052	0.0018888235250663593
14.33169656155387	0.002127566966359821
14.338350661548686	0.0023876366126855198
14.345004761543503	0.002670232399812705
14.35165886153832	0.002976577977701544
14.358312961533137	0.003307918640244917
14.371621161522771	0.004050661459897496
14.378275261517588	0.004464642342655251
14.384929361512405	0.004908770922171852
14.391583461507222	0.005384366122175546
14.39823756150204	0.005892754031125328
14.404891661496857	0.006435265190624727
14.411545761491674	0.007013231812867773
14.424853961481308	0.0082808514996223
14.431508061476125	0.008973151418139352
14.438162161470942	0.009706194538682794
14.451470361460576	0.011299681193681025
14.458124461455393	0.012162666558667101
14.46477856145021	0.01307147254505955
14.478086761439844	0.01503137073156678
14.48474086143466	0.016084800143763713
14.491394961429478	0.017188718304730462
14.504703161419112	0.019552297595556385
14.511357261413929	0.020813990858730248
14.518011361408746	0.02213023101602009
14.53131956139838	0.024929883238725595
14.537973661393197	0.026414924718742135
14.544627761388014	0.027957766216512206
14.557935961377648	0.031219448018627225
14.584552361356916	0.0384612486062538
14.591206461351733	0.04042354995914055
14.59786056134655	0.04244703689381973
14.611168761336184	0.04667782329363167
14.637785161315453	0.05587177234580378
14.64443926131027	0.05832123982393872
14.651093361305087	0.06083020135004363
14.66440156129472	0.06602409918687316
14.691017961273989	0.07709323227221936
14.697231383331545	0.07980280653523661
14.7034448053891	0.08255793681387583
14.715871649504214	0.08820055931003176
14.740725337734439	0.09998158853186513
14.790432714194887	0.12520893578559988
14.889847467115786	0.1792030910967101
14.896060889173341	0.1825986500038023
14.902274311230897	0.18598507149367033
14.914701155346009	0.19272315844078813
14.939554843576234	0.206011060384183
14.989262220036682	0.23148209777936593
14.995475642094238	0.2345362659356311
15.001689064151794	0.23755796713569996
15.014115908266907	0.24350054454221415
15.038969596497132	0.2549631866958974
15.08867697295758	0.27611887152613956
15.094768594628896	0.2785488261913208
15.100860216300212	0.28094419091521
15.113043459642842	0.28563321138936526
15.137409946328106	0.29462302615659325
15.186142919698632	0.3112556035522291
15.283608866439682	0.34145398335945415
15.478540759921783	0.4098518952841458
15.4851483363089	0.4126372873219025
15.491755912696014	0.4154554186683013
15.504971065470247	0.4211868748391957
15.53140137101871	0.43300237689320287
15.584261982115638	0.45771250429699095
15.590869558502755	0.46086446687651095
15.597477134889871	0.46402255659849045
15.610692287664103	0.470346207806801
15.637122593212567	0.482940850174274
15.689983204309495	0.5071750801796724
15.696590780696612	0.5100436303752832
15.703198357083728	0.5128634507580123
15.71641350985796	0.5183406330914246
15.723021086245076	0.5209897651542511
15.72962866263219	0.5235737213971497
15.742843815406424	0.5285293782832784
15.74945139179354	0.5308926915683907
15.756058968180657	0.5331740698710643
15.769274120954888	0.5374743144467834
15.775881697342005	0.5394848842144825
15.78248927372912	0.5413969428891063
15.795704426503352	0.5449093687633138
15.802312002890469	0.5465017999499029
15.808919579277585	0.5479798656552733
15.8155271556647	0.5493397807035697
15.822134732051817	0.550577849005673
15.828742308438933	0.551690472399248
15.835349884826048	0.552674159432574
15.841957461213164	0.5535255340710638
15.848565037600281	0.5542413442923799
15.855172613987396	0.5548184705462924
15.861780190374512	0.5552539340494816
15.868387766761629	0.5555449048865753
15.874995343148743	0.5556887098897073
15.88160291953586	0.5556828402674121
15.888210495922976	0.5555249589556777
15.894818072310091	0.5552129076627629
15.901425648697208	0.5547447135823951
15.907592547147061	0.5541653011158534
15.913759445596916	0.553447032800999
15.919926344046772	0.5525887701096258
15.926093242496627	0.5515895322192188
15.932260140946482	0.5504484993789904
15.938427039396338	0.5491650159660211
15.944593937846193	0.5477385932174783
15.950760836296048	0.5461689116317014
15.956927734745904	0.544455823024745
15.963094633195759	0.542599352234645
15.969261531645614	0.5405996984679904
15.97542843009547	0.5384572362776106
15.981595328545325	0.5361725161708852
15.98776222699518	0.5337462648408103
16.00009602389489	0.5284729549505728
16.006262922344746	0.5256282274815562
16.0124298207946	0.5226466287761641
16.024763617694312	0.5162793785300573
16.030930516144167	0.5128974290499033
16.037097414594022	0.5093860072764188
16.049431211493733	0.5019839461820751
16.05559810994359	0.498098297301838
16.061765008393444	0.49409314906083845
16.074098805293154	0.4857359653705773
16.098766399092572	0.4677229132827399
16.104933297542424	0.46296907094661216
16.11110019599228	0.4581223079419949
16.12343399289199	0.44816546378674676
16.14810158669141	0.42731146862146907
16.197436774290253	0.38279994213640034
16.296107149487938	0.29049194762742003
16.302790002653595	0.2844113883607841
16.309472855819248	0.27838008833406586
16.322838562150558	0.2664826529535104
16.349569974813182	0.24346171732151997
16.356252827978835	0.2378894662815485
16.362935681144492	0.23239720044345274
16.376301387475806	0.22166482781850894
16.403032800138426	0.20128414227144073
16.409715653304083	0.19642840910941517
16.416398506469736	0.19167237542610482
16.429764212801047	0.18246577181381862
16.45649562546367	0.16530859545728782
16.463178478629324	0.1612859442933879
16.46986133179498	0.1573709245769607
16.483227038126294	0.1498642929891108
16.509958450788915	0.13613849220424568
16.51664130395457	0.1329719991111117
16.523324157120225	0.1299097128939046
16.536689863451535	0.12409295071212179
16.543372716617192	0.12133569373382613
16.55005556978285	0.11867709012773822
16.56342127611416	0.11364872201446119
16.570104129279812	0.11127506702247539
16.57678698244547	0.10899229479752709
16.590152688776783	0.10469028026276753
16.616884101439403	0.0970705889595147
16.62356695460506	0.09535509045642446
16.630249807770713	0.09370966517763138
16.643615514102024	0.09061708897556042
16.65029836726768	0.08916382580156232
16.656981220433334	0.08776842656957703
16.670346926764644	0.085138547202083
16.6770297799303	0.0838976691300668
16.683712633095954	0.08270187533937745
16.697078339427264	0.08043264977912899
16.72380975208989	0.07629414850507446
16.730370804869303	0.07534201354444586
16.73693185764872	0.07440910585273425
16.75005396320755	0.07258984997417187
16.776298174325206	0.06906374335311666
16.828786596560526	0.06194808896161173
16.933763441031168	0.04499401514015815
16.940324493810582	0.043786970938161474
16.946885546589996	0.042565714057976184
16.96000765214883	0.04008515843521687
16.98625186326649	0.0350098255575661
17.03874028550181	0.024775146411224795
17.045301338281224	0.023524785314464364
17.051862391060638	0.02228758615393393
17.06498449661947	0.019860887846728858
17.09122870773713	0.015255144300917123
17.097789760516545	0.014166864178207644
17.10435081329596	0.013107664627129912
17.117472918854787	0.011083751073745231
17.1240339716342	0.010122509857930562
17.130595024413616	0.009197283994408788
17.143717129972448	0.007461054595748723
17.1498375048146	0.0067059232048196395
17.155957879656754	0.005987079291737304
17.16207825449891	0.0053055271562973474
17.168198629341063	0.004662201051587798
17.174319004183218	0.004057963072808618
17.180439379025373	0.0034936012723283637
17.186559753867527	0.0029698280003414568
17.192680128709682	0.002487278469433373
17.198800503551837	0.002046509540657958
17.20492087839399	0.001647998728119663
17.211041253236147	0.001292143418116197
17.217161628078298	0.0009792602986346266
17.22328200292045	0.0007095849940298021
17.229402377762604	0.00048327189958540656
17.23552275260476	0.00030039420993451665
17.241643127446913	0.00016094413504038133
17.247763502289068	0.00006483329713657948
17.253883877131223	0.000011893301654363614
17.260004251973378	1.8764750384162032e-6
17.26612462681553	0.00003445676213998175
17.27224500165768	0.00010923077579490584
17.278365376499835	0.00022571899112156651
17.28448575134199	0.0003833670771208435
17.290606126184144	0.0005815473580881338
17.2967265010263	0.0008195603976253463
17.302846875868454	0.001096636697952378
17.30896725071061	0.0014119385075769646
17.315087625552763	0.0017645617304524117
17.32120800039492	0.0021535379300868206
17.327328375237073	0.0025778364221681165
17.33956912492138	0.003527979435730539
17.34568949976353	0.004051471305269668
17.351809874605685	0.0046055848764419115
17.364050624289995	0.0058003976220536435
17.388532123658614	0.008496857487655836
17.39465249850077	0.009226189132291049
17.400772873342923	0.009974478297229795
17.41301362302723	0.011521427573161845
17.437495122395845	0.014769978527498505
17.443615497238	0.015604365135670812
17.449735872080154	0.01644418083571059
17.46197662176446	0.01813310246729365
17.486458121133076	0.02149914315746445
17.49257849597523	0.022328061580613474
17.498698870817385	0.023148514700837397
17.510939620501695	0.024757308549916094
17.53542111987031	0.027800833578109106
17.542057449428263	0.028575674456748662
17.54869377898622	0.029325501126489295
17.561966438102125	0.030742949702553236
17.56860276766008	0.03140715643860066
17.575239097218034	0.03203952717594334
17.588511756333943	0.03320275149650179
17.5951480858919	0.03373080767554261
17.601784415449853	0.03422144065933181
17.608420745007805	0.0346734757775551
17.61505707456576	0.03508583425953983
17.621693404123718	0.03545753644000598
17.62832973368167	0.03578770475810161
17.634966063239624	0.03607556653449877
17.64160239279758	0.036320456511149644
17.648238722355536	0.03652181913865351
17.65487505191349	0.036679210596568215
17.661511381471442	0.036792300532854226
17.6681477110294	0.03686087350829328
17.674784040587355	0.03688483013389531
17.681420370145307	0.03686418788858968
17.68805669970326	0.03679908160724909
17.694693029261217	0.036689763628342524
17.701329358819173	0.03653660359343536
17.707965688377126	0.036340087890846605
17.71460201793508	0.036100818738032885
17.721238347493035	0.035819512898216783
17.72787467705099	0.03549700002883284
17.734511006608944	0.03513422066053168
17.741147336166897	0.03473222380796685
17.747783665724853	0.03429216421448745
17.75441999528281	0.033815299235319646
17.761056324840762	0.03330298536545037
17.77432898395667	0.03217790937873158
17.780965313514628	0.03156831990094191
17.78760164307258	0.030929617533592264
17.80087430218849	0.029572098919560343
17.807510631746446	0.02885706799260247
17.8141469613044	0.028120483307331457
17.827419620420308	0.02659085735005152
17.853964938652126	0.02336550737124847
17.860601268210083	0.022537347791945134
17.867237597768035	0.02170490847420164
17.880510256883944	0.02003611156749521
17.907055575115763	0.016744521098461824
17.91369190467372	0.01594375403007943
17.920328234231672	0.015155989687954553
17.93360089334758	0.013627367397578635
17.960146211579396	0.010809439040162665
17.966341863200093	0.010206715428449403
17.972537514820786	0.009627422428596365
17.984928818062173	0.008543570384938833
17.991124469682866	0.008041049574856822
17.99732012130356	0.007566031605387331
18.009711424544946	0.0067017331771138545
18.01590707616564	0.0063138666273437755
18.022102727786333	0.005956328472589629
18.028298379407026	0.005629620424097027
18.03449403102772	0.0053341609272054905
18.040689682648413	0.005070284893569097
18.046885334269106	0.004838243674159876
18.0530809858898	0.004638205268569066
18.059276637510493	0.00447025476554388
18.065472289131186	0.0043343950088723104
18.07166794075188	0.004230547481869086
18.077863592372573	0.004158553403399708
18.084059243993266	0.0041181750274857185
18.09025489561396	0.004109097138150591
18.096450547234653	0.004130928730720639
18.102646198855346	0.004183204870210545
18.108841850476043	0.004265388717286087
18.11503750209674	0.004376873711882017
18.121233153717434	0.004516985904331562
18.127428805338127	0.004684986423693445
18.13362445695882	0.004880074072841044
18.139820108579514	0.005101388039859992
18.146015760200207	0.005348010715198335
18.1522114118209	0.0056189706040950214
18.158407063441594	0.005913245323969599
18.164602715062287	0.006229764676417874
18.17079836668298	0.006567413783770525
18.183189669924367	0.0073014375489739314
18.18938532154506	0.007695387992485373
18.195580973165754	0.008105626332878724
18.20797227640714	0.008969783095646331
18.214167928027834	0.009421050445155928
18.220363579648527	0.009883310194903103
18.232754882889914	0.010835315651696778
18.25753748937269	0.01281035293616906
18.263733140993388	0.013310769215702243
18.26992879261408	0.013811068821990223
18.282320095855468	0.014805830725616077
18.30710270233824	0.01673448595578924
18.313298353958935	0.017196396001704403
18.319494005579628	0.017647710716594614
18.331885308821015	0.01851381162770948
18.338080960441708	0.018926313757423076
18.3442766120624	0.019323656857477174
18.356667915303788	0.020068728442730957
18.362741766538242	0.020407879801781284
18.368815617772697	0.020728714016865477
18.37488946900715	0.02103041582828391
18.3809633202416	0.02131221576341724
18.387037171476052	0.021573391549322682
18.393111022710507	0.021813269442759443
18.39918487394496	0.02203122547654377
18.405258725179415	0.022226686620978937
18.41133257641387	0.022399131859484042
18.41740642764832	0.022548093176810953
18.42348027888277	0.022673156458771927
18.429554130117225	0.022773962302110755
18.43562798135168	0.02285020673280809
18.441701832586133	0.022901641831553337
18.447775683820588	0.02292807626473966
18.45384953505504	0.02292937571895192
18.45992338628949	0.022905463237892824
18.465997237523943	0.022856319459176763
18.472071088758398	0.022781982749939447
18.478144939992852	0.02268254923876111
18.484218791227306	0.022558172742597978
18.490292642461757	0.022409064586506454
18.496366493696208	0.022235493314601205
18.502440344930662	0.02203778429037538
18.508514196165116	0.021816319184810758
18.51458804739957	0.021571535350490112
18.520661898634025	0.02130392508061214
18.526735749868475	0.021014034751260804
18.532809601102926	0.020702463846041907
18.53888345233738	0.020369863861926893
18.55103115480629	0.019644435311739677
18.557105006040743	0.01925315828698747
18.563178857275197	0.018843952239875783
18.575326559744102	0.017975359884042155
18.599621964681916	0.01606499512371709
18.60569581591637	0.015557496174797089
18.61176966715082	0.01504028229567357
18.623917369619726	0.013981430976419169
18.64821277455754	0.011800293622302995
18.65428662579199	0.011249122733063282
18.660360477026444	0.0106981540440701
18.672508179495352	0.009601974959751196
18.696803584433162	0.007468544501373412
18.702877435667617	0.00695483775355612
18.70895128690207	0.006451460393003461
18.721098989370976	0.005480461024181052
18.727172840605427	0.005015154729412236
18.73324669183988	0.004564802972491254
18.74539439430879	0.003713228773689056
18.751984200259045	0.0032809944606498934
18.758574006209297	0.0028712384807455635
18.76516381215955	0.0024851106745533186
18.771753618109805	0.0021236924203587144
18.778343424060058	0.0017879930600297098
18.78493323001031	0.0014789465559422565
18.791523035960566	0.0011974083940826338
18.798112841910818	0.0009441527473060614
18.80470264786107	0.0007198699116739991
18.811292453811326	0.0005251640276427902
18.81788225976158	0.00036055109653008235
18.82447206571183	0.00022645730135032233
18.831061871662087	0.0001232176397190123
18.83765167761234	0.00005107487502748711
18.84424148356259	0.00001017881057089684
18.850831289512847	5.85889779865065e-7
18.8574210954631	0.00002225912412072003
18.86401090141335	0.0000750683486509984
18.870600707363607	0.00015879080363499459
18.87719051331386	0.0002731120390628195
18.883780319264112	0.0004176271373602453
18.890370125214368	0.0005918422480753751
18.89695993116462	0.0007951764268769792
18.903549737114872	0.001026963769769028
18.910139543065128	0.0012864558321142355
18.91672934901538	0.001572824320783577
18.923319154965633	0.001885164046546799
18.92990896091589	0.0022224961227979346
18.93649876686614	0.0025837713956291543
18.943088572816393	0.002967874089452162
18.9562681847169	0.003799788778390132
18.962857990667153	0.004245071605467393
18.96944779661741	0.004708132043167425
18.982627408517914	0.005681993149785639
19.00898663231893	0.00777948413669684
19.015576438269182	0.008326150882064062
19.022166244219434	0.008878603910354565
19.035345856119942	0.009994528845337495
19.061705079920955	0.012226170666382057
19.06829488587121	0.012774928752405011
19.074884691821463	0.013316974836212435
19.08806430372197	0.014375040762274484
19.094654109672224	0.014888199661486096
19.101243915622476	0.015388932156278028
19.114423527522984	0.01634784540900764
19.121013333473236	0.016803509172413866
19.127603139423492	0.017241718657203874
19.140782751323997	0.01806132955767945
19.147372557274252	0.018440655604926536
19.153962363224505	0.018798381253214612
19.167141975125013	0.01944557622110578
19.173291103138006	0.019714996407468436
19.179440231151	0.01996293153047714
19.18558935916399	0.020188883639868344
19.191738487176984	0.020392409141599822
19.197887615189977	0.020573119448629152
19.20403674320297	0.02073068151150419
19.210185871215963	0.020864818230665477
19.216334999228955	0.0209753087524917
19.222484127241948	0.021061988650788743
19.22863325525494	0.021124749996234825
19.234782383267934	0.021163541315570453
19.240931511280927	0.021178367442999342
19.24708063929392	0.02116928926590338
19.253229767306912	0.021136423367156994
19.259378895319905	0.021079941566220655
19.265528023332894	0.021000070361233133
19.271677151345884	0.02089709027432446
19.277826279358877	0.02077133510217176
19.28397540737187	0.020623191074011844
19.290124535384862	0.020453095918971702
19.296273663397855	0.020261537844875135
19.302422791410848	0.020049054430262468
19.30857191942384	0.019816231431633018
19.314721047436834	0.019563701507635357
19.320870175449826	0.01929214286198832
19.32701930346282	0.019002277806892343
19.339317559488805	0.01837072909649128
19.345466687501798	0.018030696598612384
19.35161581551479	0.01767565660302116
19.363914071540776	0.016924262588260144
19.37006319955377	0.016529845638986008
19.376212327566762	0.016124291373300702
19.388510583592748	0.01528396603294785
19.41310709564472	0.013517130837028886
19.41925622365771	0.01306408555898822
19.425405351670705	0.012608835485912044
19.43770360769669	0.011696462304989384
19.462300119748658	0.009897641988834872
19.468449247761647	0.009460292719119526
19.47459837577464	0.009030248350965797
19.486896631800626	0.008196712509133161
19.49304575981362	0.007795500702014482
19.49919488782661	0.007406147684379041
19.511493143852597	0.006667345169993705
19.51764227186559	0.006319992772832159
19.523791399878583	0.0059886880644509435
19.529940527891576	0.005674401254845959
19.53608965590457	0.005378066582440496
19.54223878391756	0.0051005798154427524
19.548387911930554	0.004842795812923257
19.554537039943547	0.004605526153064364
19.56068616795654	0.004389536836023144
19.56755044020467	0.004174444032531253
19.574414712452796	0.003987688328262681
19.581278984700923	0.0038301141227069114
19.588143256949053	0.00370248150333464
19.595007529197183	0.0036054631659573275
19.60187180144531	0.0035396415707145447
19.608736073693436	0.0035055063489322896
19.615600345941566	0.0035034519750910768
19.622464618189696	0.0035337757179364476
19.629328890437822	0.0035966758836481136
19.63619316268595	0.0036922503632912393
19.64305743493408	0.0038204954956889614
19.649921707182205	0.003981305255903325
19.65678597943033	0.0041744707781127864
19.66365025167846	0.004399680220727606
19.670514523926588	0.004656518979838552
19.677378796174715	0.004944470256010407
19.684243068422845	0.005262915977772088
19.69110734067097	0.005611138083543002
19.697971612919098	0.005988320162185944
19.704835885167228	0.00639354945082015
19.711700157415354	0.006825819186546515
19.72542870191161	0.007766999495414778
19.73229297415974	0.008273452554936533
19.739157246407867	0.008802038113659708
19.752885790904124	0.0099198157424489
19.780342879896637	0.012353445430725363
19.787207152144767	0.012993188308142318
19.794071424392893	0.013641862817793369
19.80779996888915	0.014958497398843229
19.835257057881662	0.01761503056110736
19.842121330129793	0.01827264436431124
19.84898560237792	0.018923750690473223
19.862714146874175	0.020198737949739393
19.890171235866685	0.022587403611538263
19.89703550811481	0.023140487318421093
19.90389978036294	0.023672538719346405
19.917628324859194	0.02466721818658333
19.924492597107324	0.025126853015497427
19.93135686935545	0.02555947819738077
19.945085413851707	0.026338556517067
19.951949686099837	0.026682649736408194
19.958813958347964	0.026995020236490565
19.96567823059609	0.02727471434886332
19.97254250284422	0.027520873873554636
19.97940677509235	0.02773273831255068
19.986271047340477	0.02790964676554583
19.993135319588603	0.028051039487551076
19.999999591836733	0.02815645910846841