4.0816326530612243e-7	12.337182008342868
0.006134358411192534	12.330767425051032
0.012268308659119763	12.311510189190516
0.01840225890704699	12.279365222836477
0.02453620915497422	12.234259067318792
0.03067015940290145	12.17609241746965
0.03680410965082868	12.10474372420095
0.042938059898755904	12.020073909952421
0.04907201014668314	11.921932240538643
0.055205960394610364	11.810163386363435
0.06133991064253759	11.684615685110197
0.06747386089046481	11.545150586230342
0.07360781113839204	11.391653215351967
0.07974176138631928	11.22404394511089
0.08587571163424651	11.042290799699257
0.09814361213010096	10.636541543920803
0.10427756237802818	10.412837867951685
0.11041151262595542	10.175601152386141
0.12267941312180988	9.662256350254223
0.1288133633697371	9.387325637721604
0.13494731361766432	9.10123098913894
0.1472152141135188	8.499408322626437
0.15334916436144602	8.185954047029828
0.15948311460937326	7.865872114399409
0.17175101510522772	7.211725450561687
0.19628681609693663	5.893387921343094
0.20242076634486383	5.571751239454317
0.20855471659279107	5.256713430928083
0.22082261708864553	4.652788432145973
0.22695656733657277	4.366806939512738
0.2330905175845	4.093188826999406
0.24535841808035447	3.5871884482959535
0.2514923683282817	3.3564196044310606
0.2576263185762089	3.1412237546928985
0.2637602688241361	2.9419173509711163
0.26989421907206335	2.7586211426259473
0.2760281693199906	2.5912672867712736
0.2821621195679178	2.43961048788094
0.28829606981584505	2.3032427141478475
0.2944300200637723	2.1816109333809965
0.3005639703116995	2.0740372305143304
0.30669792055962675	1.9797406151496828
0.312831870807554	1.8978598028122473
0.3189658210554812	1.8274762581689528
0.32509977130340845	1.7676368212852513
0.3312337215513357	1.7173752964152746
0.3373676717992629	1.6757324629557204
0.34350162204719015	1.64177406483341
0.3496355722951174	1.6146064420947193
0.3557695225430446	1.5933895805702356
0.36190347279097185	1.5773474663459983
0.3680374230388991	1.5657757358771134
0.3741713732868263	1.5580467055305984
0.38030532353475355	1.5536119426653499
0.3864392737826807	1.5520026020144724
0.39257322403060796	1.5528277952243554
0.39922312899433554	1.5561071794978698
0.40587303395806307	1.5615670887176414
0.41252293892179065	1.5689851989288677
0.41917284388551823	1.578217333431013
0.4258227488492458	1.5891868401179892
0.4324726538129734	1.6018736002340708
0.439122558776701	1.61630300451563
0.44577246374042856	1.6325351681422546
0.45242236870415614	1.65065459473922
0.4590722736678837	1.6707604451582867
0.4657221786316113	1.6929575209604373
0.4723720835953389	1.7173480365179241
0.47902198855906647	1.7440242275190094
0.48567189352279405	1.7730618266027562
0.4989717034502492	1.8384087549096666
0.5056216084139769	1.8747408587106404
0.5122715133777044	1.9134732490502069
0.5255713233051595	1.9978107891373167
0.5322212282688872	2.0431610286874777
0.5388711332326147	2.090402848175051
0.5521709431600699	2.189674597904421
0.5588208481237975	2.2411894216782677
0.565470753087525	2.293574138006891
0.5787705630149802	2.399707473852631
0.6053701828698904	2.608492363727332
0.6120200878336179	2.658195696609022
0.6186699927973456	2.706375561663168
0.6319698027248006	2.797366598089595
0.6386197076885283	2.839879627101828
0.6452696126522558	2.880279583093521
0.658569422579711	2.9546489093923745
0.6652193275434386	2.988692110620307
0.6718692325071661	3.0207678049494433
0.6851690424346213	3.079655128649944
0.6918189473983489	3.106879845683337
0.6984688523620765	3.1329530048832197
0.7117686622895316	3.182765309757314
0.7184185672532593	3.2070984130319244
0.7250684722169868	3.2314536227268915
0.738368282144442	3.2814123301477087
0.7450181871081696	3.3075703713894926
0.7516680920718971	3.3348473538576826
0.7649679019993523	3.39358274762244
0.7716178069630799	3.425366752945041
0.7782677119268074	3.4589156403166568
0.7915675218542626	3.531532686132321
0.7982174268179902	3.5706145215368785
0.8048673317817178	3.611491079794048
0.8181671417091729	3.6982560450932365
0.8243763687356396	3.7408154981504955
0.8305855957621063	3.7844952288293383
0.8430040498150397	3.874565927771317
0.8678409579209065	4.060190952935413
0.8740501849473732	4.10648232995899
0.88025941197384	4.152257072145222
0.8926778660267733	4.24125648611635
0.89888709305324	4.28397089081533
0.9050963200797068	4.325153641981657
0.9175147741326402	4.40192711772632
0.9237240011591068	4.437047935984762
0.9299332281855736	4.469709351977789
0.9361424552120403	4.4997333856263735
0.942351682238507	4.526977790205969
0.9485609092649736	4.551343593091269
0.9547701362914404	4.572782400842462
0.9609793633179071	4.591303095505342
0.9671885903443738	4.606977538086516
0.9733978173708404	4.61994490801493
0.9796070443973072	4.63041434403835
0.9858162714237739	4.6386656111699125
0.9920254984502406	4.645047596551365
0.9982347254767072	4.649974529866347
1.0044439525031739	4.653919925439165
1.0106531795296405	4.657408346994848
1.0168624065561074	4.661005195906511
1.0230716335825742	4.665304813456256
1.029280860609041	4.670917262183276
1.0354900876355075	4.678454206788213
1.0416993146619742	4.68851434887241
1.0479085416884408	4.7016688811297
1.0541177687149075	4.718447416032058
1.0603269957413741	4.739324813570675
1.066536222767841	4.764709285190397
1.0727454497943079	4.794932090537492
1.0789546768207745	4.830239074215473
1.0851639038472412	4.870784215742511
1.0913731308737078	4.916625291284879
1.0975823579001744	4.967721674257583
1.103791584926641	5.023934236326533
1.1162100389795746	5.150672170250332
1.1224192660060415	5.220453051166692
1.1286284930325081	5.2938734944829315
1.1410469470854414	5.449295143759394
1.147256174111908	5.5299795380798225
1.1534654011383747	5.611690331377465
1.1658838551913082	5.775132338991226
1.172093082217775	5.855292907471832
1.1783023092442417	5.933360161784415
1.1845115362707084	6.008555526254033
1.190720763297175	6.080121233448753
1.1969299903236417	6.1473295036395506
1.2031392173501083	6.209491017616425
1.209348444376575	6.265962608675622
1.2155576714030418	6.316154115909939
1.2216450980432683	6.358751975743055
1.2277325246834945	6.394362148438252
1.2338199513237207	6.422606735349696
1.239907377963947	6.443173688296986
1.2459948046041731	6.455818919461623
1.2520822312443993	6.460367606136924
1.2581696578846255	6.456714712286573
1.2642570845248517	6.444824755800124
1.270344511165078	6.424730856534985
1.2764319378053042	6.3965331058606445
1.2825193644455304	6.360396303378615
1.2886067910857566	6.316547110921181
1.2946942177259828	6.265270677861105
1.300781644366209	6.206906795137427
1.3068690710064352	6.141845638404321
1.3129564976466614	6.070523163196412
1.3190439242868877	5.99341621707105
1.3251313509271139	5.911037435295508
1.3373062042075663	5.732662245462401
1.3616559107684714	5.337940485202511
1.3677433374086978	5.234909575032271
1.373830764048924	5.131365928721663
1.3860056173293764	4.925138413507571
1.4103553238902813	4.532034926298699
1.4164427505305075	4.440869580497376
1.4225301771707337	4.353510115428252
1.42861760381096	4.2703929075100255
1.4347050304511861	4.191928298863996
1.4407924570914123	4.1185006962387165
1.4468798837316386	4.050468909078334
1.4529673103718648	3.988166653347017
1.4590547370120912	3.9319031427816116
1.4651421636523176	3.8819636872447827
1.4712295902925439	3.8386102190616676
1.47731701693277	3.8020816729000773
1.4834044435729963	3.772594152873242
1.4894918702132225	3.750340832015489
1.4955792968534487	3.7354915438096414
1.501666723493675	3.7281920424573407
1.5077541501339011	3.7285629275766157
1.5138415767741273	3.736698248964924
1.5199290034143536	3.7526638273495365
1.5260164300545798	3.7764953464287636
1.532103856694806	3.808196289214747
1.5381912833350322	3.847735806702217
1.5442787099752584	3.8950466183899346
1.5503661366154846	3.950023051564755
1.556453563255711	4.012519328994145
1.5625409898959375	4.082348212522414
1.5686284165361637	4.159280103155261
1.57471584317639	4.2430426866136495
1.5808032698166161	4.333321197748218
1.5868906964568423	4.429759358209297
1.5929781230970685	4.531961020286163
1.605152976377521	4.751885774263949
1.6117563577335474	4.878721855196443
1.618359739089574	5.010019781986968
1.6315665018016272	5.283177273824991
1.6579800272257337	5.8512768557577814
1.6645834085817603	5.993618615882661
1.6711867899377868	6.134717179416538
1.6843935526498401	6.4107302034861116
1.7108070780739464	6.923728945076827
1.7174104594299728	7.041574380575428
1.7240138407859995	7.154743731779158
1.7372206034980526	7.366582215685012
1.743823984854079	7.465189850343442
1.7504273662101058	7.558996076987475
1.7636341289221589	7.732816478294158
1.7702375102781853	7.813290662892681
1.776840891634212	7.889876439019039
1.7900476543462651	8.032899391136333
1.8164611797703716	8.291330257842489
1.8230645611263983	8.353271823860915
1.8296679424824247	8.41529685833698
1.842874705194478	8.541988493664228
1.8494780865505045	8.607853035446244
1.8560814679065312	8.676185387277876
1.8692882306185843	8.822536250488174
1.8758916119746107	8.901642396301671
1.8824949933306374	8.985381270941259
1.889098374686664	9.074220105392953
1.8957017560426905	9.168587100573479
1.902305137398717	9.268867253087059
1.9089085187547437	9.375398540326783
1.9221152814667968	9.608311180402895
1.9287186628228232	9.73510463184052
1.93532204417885	9.86896871301823
1.948528806890903	10.158087988323825
1.9551321882469297	10.313279671591935
1.9617355696029564	10.475414120388063
1.9749423323150095	10.819707061543955
1.9815457136710362	11.001313088305345
1.9881490950270626	11.188760072170753
2.001355857739116	11.579449487495241
2.027769383163222	12.409162783546847
2.033932086581988	12.608750746438904
2.0400947900007536	12.809446244165505
2.052420196838285	13.211779917568286
2.0770710105133476	14.003024680380893
2.0832337139321133	14.194435361758549
2.089396417350879	14.38207427045688
2.1017218241884104	14.743734129415802
2.107884527607176	14.916661732179165
2.1140472310259417	15.083639665674866
2.1263726378634735	15.397908214909698
2.1325353412822396	15.544379161902935
2.1386980447010053	15.683268095742608
2.144860748119771	15.814279748613858
2.1510234515385367	15.937169572611522
2.1571861549573024	16.051745706208667
2.163348858376068	16.157870391362604
2.1695115617948337	16.255460806127104
2.1756742652135994	16.34448928804072
2.181836968632365	16.424982935320593
2.1879996720511308	16.497022585798593
2.1941623754698965	16.56074118684672
2.200325078888662	16.616321583137882
2.206487782307428	16.663993762188984
2.2126504857261935	16.70403160996207
2.218813189144959	16.736749239822945
2.224975892563725	16.76249696755234
2.2311385959824905	16.781657012512607
2.237301299401256	16.794639010338344
2.243464002820022	16.801875425460338
2.2496267062387876	16.803816952349138
2.2557894096575533	16.800927992694568
2.261952113076319	16.793682291760085
2.2681148164950846	16.78255881136965
2.2742775199138503	16.768037909247205
2.280440223332616	16.75059788531766
2.2866029267513817	16.730711945320486
2.2927656301701473	16.70884562083991
2.298928333588913	16.68545467315009
2.3050910370076787	16.660983496211962
2.3112537404264444	16.635864022188464
2.323579147263976	16.585342473967085
2.3297418506827423	16.560738891633154
2.335904554101508	16.537085034480064
2.3420672575202737	16.51475048828522
2.3482299609390394	16.494095136555075
2.354392664357805	16.475470766624728
2.3605553677765707	16.45922284056663
2.3667180711953364	16.445692358213424
2.372880774614102	16.435217737240738
2.3790434780328678	16.428136634468142
2.3852061814516334	16.424787633364726
2.391368884870399	16.425511725261934
2.397531588289165	16.43065351591367
2.4036942917079305	16.44056209493706
2.409856995126696	16.455591513037398
2.416019698545462	16.476100820928448
2.4221824019642275	16.502453634123416
2.4288610600987934	16.538036879106084
2.4355397182333594	16.581384622698657
2.4422183763679257	16.63296712977266
2.4488970345024916	16.693250960430397
2.4555756926370575	16.76269447294608
2.462254350771624	16.84174265419347
2.46893300890619	16.930821374569604
2.4756116670407557	17.03033118374277
2.482290325175322	17.140640779506395
2.488968983309888	17.262080293912483
2.495647641444454	17.394934548299943
2.5023262995790203	17.539436431532682
2.5090049577135862	17.69576055377754
2.515683615848152	17.86401732139871
2.5290409321172844	18.236417859649457
2.5357195902518503	18.44041658256316
2.5423982483864167	18.65605088574211
2.5557555646555485	19.121036812770363
2.582470197193813	20.17283400010836
2.589148855328379	20.457489290881288
2.595827513462945	20.74925912552702
2.609184829732077	21.35045917141256
2.6358994622703413	22.59467864997056
2.6425781204049072	22.907956925192092
2.649256778539473	23.21978977793183
2.6626140948086054	23.834363833816607
2.6692927529431714	24.134740274413023
2.6759714110777377	24.42895997560929
2.6893287273468696	24.994454003059282
2.696007385481436	25.263595382256444
2.702686043616002	25.522332230973028
2.7093647017505678	25.76974304110025
2.716043359885134	26.00497961057175
2.7227220180197	26.227274836973628
2.729400676154266	26.435949858231464
2.7427579924233982	26.810202167180364
2.749436650557964	26.974915198432956
2.7561153086925305	27.124286962873573
2.7627939668270964	27.25815418658254
2.7694726249616624	27.37646327010338
2.7761512830962287	27.479269265081548
2.7828299412307946	27.566733392443115
2.7895085993653606	27.639119126333092
2.796187257499927	27.69678690906137
2.802865915634493	27.740187602755366
2.8095445737690588	27.76985482214707
2.816223231903625	27.786396327232328
2.822901890038191	27.790484683632123
2.829580548172757	27.782847420131596
2.8362592063073233	27.764256926751656
2.8429378644418892	27.73552034153633
2.849616522576455	27.697469670347814
2.8561733803247806	27.651871466200493
2.862730238073106	27.59892090819235
2.8692870958214316	27.53942531861386
2.8758439535697575	27.474184744401573
2.8824008113180835	27.403986644613198
2.888957669066409	27.32960162767361
2.90207138456306	27.17125091167067
2.9086282423113854	27.088718626224495
2.915185100059711	27.004864847775103
2.9282988155563623	26.83580440205204
2.9545262465496647	26.509420272662158
2.96108310429799	26.43364334930024
2.9676399620463156	26.36129423055305
2.974196819794641	26.29290107793577
2.980753677542967	26.228979159690713
2.987310535291293	26.170029274810823
2.9938673930396185	26.116535147593638
3.000424250787944	26.068959748762357
3.0069811085362694	26.02774053745575
3.013537966284595	25.99328365761184
3.0200948240329204	25.96595716093885
3.026651681781246	25.94608336599285
3.033208539529572	25.933930498032286
3.0397653972778977	25.929703786027375
3.0463222550262232	25.933536221439926
3.0528791127745487	25.945479207172497
3.059435970522874	25.96549334423272
3.0659928282711997	25.993439617742492
3.072549686019525	26.029071252840275
3.0791065437678506	26.07202651420171
3.0856634015161766	26.12182272039408
3.0922202592645025	26.177851735397354
3.098777117012828	26.239377184337492
3.111890832509479	26.37532782254921
3.1184476902578044	26.4476424296239
3.12500454800613	26.521241946725585
3.1315614057544554	26.594781265854618
3.1381182635027813	26.666816659982718
3.1446751212511073	26.735819210358923
3.1512319789994327	26.800190543450288
3.1577888367477582	26.858280689022425
3.1643456944960837	26.908407804960337
3.170902552244409	26.948879451793218
3.1774594099927347	26.97801504349294
3.18401626774106	26.994169053538215
3.190573125489386	26.9957545185476
3.197129983237712	26.98126635833869
3.2036868409860375	26.94930402200599
3.210243698734363	26.898592975547903
3.2168005564826885	26.8280045676364
3.223357414231014	26.73657384550337
3.2299142719793394	26.623514941420453
3.236471129727665	26.488233709804234
3.2430279874759904	26.33033736313745
3.249584845224316	26.149640929225875
3.2561417029726414	25.946170429517437
3.262698560720967	25.720162756128538
3.269255418469293	25.47206230053414
3.2753715982803575	25.22128680077926
3.2814877780914222	24.952522513861172
3.2937201377135517	24.364397868376866
3.2998363175246164	24.047027335869863
3.305952497335681	23.715623499162973
3.3181848569578105	23.015763782684836
3.3243010367688752	22.650002880530526
3.33041721657994	22.275568754596627
3.3426495762020694	21.506499773487405
3.3671142954463282	19.92830990057853
3.373230475257393	19.533629265220707
3.3793466550684577	19.14152834337866
3.391579014690587	18.369805709675553
3.416043733934846	16.9048000667348
3.4221599137459107	16.559767339715187
3.4282760935569754	16.224511451652113
3.440508453179105	15.585138335942345
3.4649731724233637	14.438482631224565
3.4710893522344284	14.179920332001883
3.477205532045493	13.932494769606803
3.4894378916676225	13.470329025018902
3.4955540714786872	13.255092671791205
3.501670251289752	13.050013519832376
3.5139026109118814	12.668884198464076
3.520018790722946	12.49204247367936
3.526134970534011	12.323786865401214
3.5383673301561402	12.011268649341536
3.544483509967205	11.866109141491338
3.5505996897782697	11.727751302277472
3.562832049400399	11.469680295055477
3.568948229211464	11.349113171623467
3.5750644090225285	11.233645418154238
3.587296768644658	11.01647054292682
3.611761487888917	10.627489249276008
3.6178776676999815	10.537917418007652
3.6239938475110463	10.450885719366251
3.6362262071331757	10.283534268540532
3.6606909263774345	9.970216198507512
3.6673230609043	9.889098780972294
3.673955195431165	9.809258509328219
3.687219464484895	9.652751183170961
3.7137480025923555	9.348197391575088
3.7203801371192204	9.272985898963793
3.7270122716460854	9.197865237102503
3.7402765406998157	9.047333954382843
3.766805078807276	8.741075004053142
3.773437213334141	8.662561128981572
3.780069347861006	8.582962360467935
3.7933336169147363	8.419891240967301
3.8198621550221965	8.074005234142861
3.8264942895490615	7.982585776471767
3.8331264240759264	7.888932387285752
3.8463906931296568	7.694513195071583
3.872919231237117	7.275362369981089
3.879551365763982	7.164128297455637
3.886183500290847	7.05037183559422
3.8994477693445773	6.815625788037478
3.9259763074520375	6.321118649796741
3.979033383666958	5.283402423768916
3.985665518193823	5.154755787242196
3.9922976527206884	5.027375570076638
4.005561921774419	4.777586207368907
4.0320904598818785	4.305270549584566
4.0387225944087435	4.1941924925763425
4.045354728935608	4.086282733422027
4.058618997989338	3.880520995668986
4.085147536096799	3.5118177263920662
4.091338992686403	3.4342466746330036
4.097530449276007	3.359902084616036
4.109913362455217	3.220815170373954
4.116104819044821	3.156005870539441
4.122296275634425	3.0942911909393622
4.134679188813633	2.979909304627065
4.140870645403238	2.9271056977376997
4.147062101992842	2.877125723489878
4.1532535585824455	2.8298869330132117
4.15944501517205	2.785302555059653
4.165636471761655	2.743282133584054
4.1718279283512585	2.7037320790871924
4.184210841530467	2.6316557487924355
4.1904022981200715	2.5989303855275345
4.196593754709675	2.568277729919541
4.202785211299279	2.5395938404463676
4.208976667888884	2.5127732271653267
4.215168124478488	2.487708872379881
4.221359581068092	2.4642922009633574
4.2337424942473	2.4219593655565284
4.239933950836905	2.402817484391977
4.246125407426509	2.3848716005713273
4.258508320605717	2.35209411269277
4.264699777195322	2.337020025045125
4.270891233784925	2.3226568458180052
4.283274146964134	2.2955527349855354
4.289465603553738	2.2825511070698283
4.295657060143342	2.269739397104998
4.3080399733225505	2.2441457124847464
4.314231429912155	2.231091627093453
4.320422886501759	2.217684445759237
4.332805799680967	2.1892715723757847
4.338997256270572	2.174001686887461
4.345188712860176	2.157852333726294
4.351380169449779	2.1407015044734514
4.357571626039384	2.122433287357233
4.363763082628989	2.1029390811912316
4.369954539218592	2.0821188237768187
4.382337452397801	2.0361498830672176
4.388528908987405	2.0108545480937066
4.394720365577009	1.9839420241174173
4.407103278756217	1.9251196680490192
4.413294735345822	1.8931746872194442
4.419486191935426	1.8595433208382115
4.431869105114634	1.7873269053157372
4.438060561704239	1.7488351239180737
4.4442520182938425	1.7088429818245352
4.456634931473051	1.6247145479603713
4.481400757831468	1.4431244290435608
4.487470414034831	1.3966905989061145
4.493540070238195	1.349792084960562
4.505679382644923	1.2552196854272202
4.529958007458378	1.067333225626247
4.536027663661741	1.0215034309520563
4.542097319865105	0.9764109196461819
4.554236632271833	0.8889345283263381
4.578515257085288	0.727697391993277
4.584584913288651	0.6907058564979138
4.590654569492015	0.6551479624504584
4.602793881898743	0.5884413897326395
4.608863538102106	0.5573148967563659
4.61493319430547	0.5276673050794347
4.627072506712198	0.4727237994830036
4.633142162915561	0.44735982124867757
4.639211819118925	0.42334054035817914
4.651351131525653	0.3791093276172832
4.657420787729016	0.3587692817813348
4.66349044393238	0.33952019642329745
4.675629756339107	0.3040010073693482
4.68169941254247	0.28758193082446315
4.687769068745833	0.2719583977299749
4.699908381152561	0.24281798734744164
4.705978037355925	0.2291711062304742
4.712047693559288	0.2160618255931297
4.724187005966016	0.19126121783246752
4.73025666216938	0.17949137040487884
4.736326318372743	0.16810326924284613
4.748465630779471	0.14640972312070666
4.754535286982835	0.13609586454828992
4.760604943186198	0.12614694800176363
4.772744255592926	0.10742624728313288
4.77881391179629	0.09871638002074157
4.784883567999653	0.09049403650551735
4.790953224203017	0.08280785104092825
4.797022880406381	0.07571187005867053
4.803092536609745	0.0692644134944933
4.809162192813108	0.06352681265799998
4.815231849016472	0.05856203963102935
4.821301505219836	0.054433246048708916
4.8273711614231996	0.05120223195611118
4.833440817626563	0.0489278682130001
4.839510473829927	0.047664498574462755
4.845580130033291	0.047460349990877226
4.8516497862366545	0.04835598175844069
4.857719442440018	0.050382805787406504
4.863789098643382	0.0535617113287854
4.869858754846746	0.05790182789445453
4.876444365765909	0.06391971528761076
4.883029976685074	0.07127705018042363
4.889615587604238	0.07993096144672762
4.896201198523402	0.08981819064540542
4.902786809442566	0.10085505765366154
4.909372420361731	0.112937920317556
4.922543642200059	0.13973358322897678
4.929129253119223	0.15415056210929823
4.9357148640383866	0.16902632539109597
4.948886085876715	0.19943141169688516
4.955471696795879	0.21458546912554333
4.962057307715043	0.2294550503816346
4.975228529553371	0.2576092578351905
4.981814140472535	0.27055187133540093
4.988399751391699	0.2825332599272028
4.994985362310864	0.29342206739093823
5.001570973230027	0.30310824382105084
5.008156584149191	0.3115053616341372
5.014742195068355	0.31855237040923656
5.02132780598752	0.3242147397930544
5.027913416906683	0.32848495926278254
5.034499027825847	0.3313823842528896
5.041084638745011	0.3329524391262595
5.047670249664176	0.33326520783183744
5.054255860583339	0.3324134620017598
5.060841471502504	0.33051019292532535
5.067427082421668	0.3276857276736904
5.074012693340832	0.3240845201317484
5.080598304259996	0.31986171452251266
5.0871839151791605	0.3151795820523411
5.093769526098324	0.31020393059991225
5.100355137017488	0.3051005831698368
5.106940747936653	0.3000320134707213
5.113526358855816	0.29515421697916233
5.120111969774981	0.2906138837850061
5.126697580694145	0.2865459260017582
5.133283191613309	0.2830713982474933
5.139868802532472	0.28029583524919754
5.146454413451637	0.27830801660816284
5.153040024370801	0.2771791556841583
5.159625635289965	0.27696249782521853
5.166211246209128	0.27769330311589835
5.172796857128293	0.2793891806425255
5.179382468047457	0.28205073508620604
5.185968078966621	0.2856624822653915
5.192553689885784	0.2901939879768114
5.199139300804949	0.29560118397543755
5.205724911724113	0.3018278159980583
5.212310522643277	0.3088069811049756
5.218896133562441	0.3164627150430146
5.2254817444816055	0.3247115945314678
5.2386529663199335	0.3426272819159144
5.245238577239098	0.35210400453162016
5.2518241881582615	0.36179659427248057
5.26499540999659	0.3814384347165678
5.271581020915754	0.39119611331409265
5.278166631834918	0.4007886646474379
5.291337853673246	0.4191345019497459
5.2974827866551495	0.4271682872901157
5.303627719637053	0.43478705952975094
5.309772652618956	0.4419389724949947
5.315917585600859	0.44857778164473805
5.322062518582762	0.45466313787489376
5.328207451564666	0.4601608289425436
5.334352384546569	0.4650429682038788
5.340497317528472	0.4692881294963751
5.346642250510375	0.4728814261446379
5.3527871834922784	0.4758145313069795
5.358932116474182	0.47808563624656664
5.365077049456085	0.4796993426806595
5.371221982437988	0.4806664851589928
5.377366915419891	0.4810038795284308
5.3835118484017945	0.4807339939659343
5.389656781383698	0.47988453983556
5.395801714365601	0.4784879807860003
5.401946647347504	0.4765809600238513
5.408091580329407	0.4742036475746918
5.414236513311311	0.47139901155071984
5.420381446293214	0.46821201990350536
5.426526379275117	0.46468878181372686
5.4388162452389235	0.45681823312775416
5.444961178220827	0.45256053221413506
5.45110611120273	0.4481438932286794
5.463395977166536	0.43898061094275675
5.487975709094148	0.4200715054253892
5.4941206420760516	0.4153026341820163
5.500265575057954	0.41051620418982004
5.51255544102176	0.40083071666908454
5.5187003740036635	0.39588464941783563
5.524845306985567	0.39082815974125085
5.537135172949373	0.38022951052221554
5.543280105931276	0.37460140338246317
5.54942503891318	0.3686934325425324
5.555569971895083	0.3624595687717649
5.561714904876986	0.35585505218624247
5.567859837858889	0.3488378137740358
5.5740047708407925	0.3413698644062786
5.586294636804599	0.3249580654089068
5.592439569786502	0.31596989964235034
5.598584502768405	0.30644433522192305
5.610874368732212	0.2857885011822059
5.617019301714115	0.2746864279079726
5.623164234696018	0.26310356284051273
5.635454100659825	0.2386590938327302
5.641599033641728	0.2259015624972398
5.647743966623631	0.2128698160932696
5.6600338325874375	0.18627088829720506
5.68461356451505	0.1331705536025385
5.691274452212754	0.11934528428782176
5.697935339910457	0.10595797178809852
5.70459622760816	0.09310537142400555
5.711257115305864	0.08087737246231352
5.717918003003568	0.06935564478039402
5.724578890701272	0.05861252134770578
5.731239778398976	0.048710128828099775
5.737900666096679	0.03969977039820516
5.744561553794382	0.031621557343205486
5.751222441492086	0.02450427934978383
5.75788332918979	0.01836549780160812
5.764544216887494	0.01321184187784219
5.7712051045851975	0.00903948388075504
5.7778659922829005	0.00583476794260962
5.7845268799806036	0.003574965019176979
5.7911877676783075	0.002229126765084022
5.797848655376011	0.0017590113868162227
5.804509543073714	0.002120055748413563
5.811170430771417	0.00326236972899574
5.817831318469121	0.005131730965540537
5.824492206166825	0.007670560535022908
5.831153093864528	0.010818862721243772
5.837813981562231	0.014515114675592855
5.844474869259935	0.018697094431133543
5.851135756957639	0.023302638295286116
5.857796644655342	0.028270321077596083
5.871118420050749	0.0390536040615439
5.897761970841564	0.062467907291280156
5.904422858539267	0.06841743348130258
5.9110837462369705	0.07431876132741966
5.924405521632378	0.0858295746405302
5.931066409330082	0.09137330395308041
5.937727297027785	0.09673706379740299
5.951049072423192	0.10682459323609939
5.957709960120896	0.11150444959858152
5.964370847818599	0.11591604622535367
5.971031735516302	0.12004249821493085
5.977692623214006	0.12386851826433931
5.98435351091171	0.12738018754519587
5.991014398609413	0.13056474252437567
5.997675286307116	0.13341038376028247
6.00433617400482	0.13590611226152105
6.010997061702524	0.13804159846524255
6.017657949400227	0.13980708826064903
6.02431883709793	0.14119334975499354
6.030979724795634	0.14219166364310465
6.0376406124933375	0.14279385909515918
6.044301500191041	0.14299239603871583
6.050962387888745	0.14278049356855305
6.057623275586448	0.14215230300263415
6.064284163284151	0.14110312282568938
6.070945050981855	0.1396296514426958
6.077605938679559	0.13773027234294066
6.084266826377263	0.1354053649676591
6.090927714074967	0.13265763333116454
6.09758860177267	0.12949244329273235
6.104249489470373	0.12591815836241582
6.110910377168077	0.12194646308685197
6.11744946447954	0.11767559763070656
6.123988551791003	0.11305458181726019
6.137066726413929	0.1028537464754064
6.143605813725392	0.09732970331073454
6.150144901036855	0.09156715243197985
6.163223075659781	0.07948197821719497
6.169762162971244	0.07324636356839319
6.176301250282707	0.06694567397384751
6.189379424905633	0.05435659388549905
6.195918512217096	0.048177058559219596
6.202457599528559	0.04214887989029785
6.215535774151486	0.03077216042336567
6.22207486146295	0.025534256451566546
6.228613948774413	0.020667322715380153
6.235153036085876	0.016220788471468073
6.241692123397339	0.012240251567923884
6.248231210708802	0.008766715368975294
6.254770298020265	0.005835890889856227
6.261309385331728	0.003477582798084397
6.267848472643191	0.0017151759591325076
6.274387559954654	0.0005652365847552876
6.280926647266117	0.00003723887164908476
6.28746573457758	0.00013342441864326138
6.294004821889043	0.0008487978258950379
6.300543909200506	0.0021712578705359088
6.307082996511969	0.00408185968669494
6.313622083823432	0.006555199617898114
6.320161171134895	0.009559911009117449
6.326700258446358	0.013059256295070378
6.333239345757821	0.01701179842632549
6.339778433069284	0.021372133026433864
6.346317520380747	0.026091661730594157
6.35285660769221	0.031119386921121168
6.359395695003673	0.0364027085174578
6.3724738696265995	0.047522378761034545
6.3790129569380625	0.05325236079696715
6.3855520442495255	0.059026546335076036
6.3986302188724515	0.07051078821910928
6.405169306183915	0.07612871438501523
6.411708393495378	0.08160732661501119
6.4247865681183045	0.09199690459345133
6.431325655429768	0.09684183329417362
6.437864742741231	0.10141548995048
6.4444038300526945	0.10569381839123493
6.4509429173641575	0.10965623639664746
6.4574820046756205	0.11328549795560638
6.4640210919870835	0.11656751919022401
6.4705601792985465	0.11949117683917365
6.47709926661001	0.12204808794423028
6.483638353921473	0.12423237892855143
6.490177441232936	0.12604045164150612
6.496716528544399	0.1274707531966306
6.503255615855862	0.1285235555902864
6.509794703167325	0.12920075019032917
6.516333790478788	0.12950566125009377
6.522872877790251	0.12944288166981788
6.529411965101714	0.12901813330902612
6.5355103744759155	0.12830172991422417
6.541608783850118	0.12728254584127563
6.547707193224321	0.1259674332626346
6.553805602598523	0.12436387598661902
6.5599040119727245	0.12247997889614815
6.566002421346927	0.12032447222546416
6.57210083072113	0.11790672923124723
6.578199240095332	0.11523679559258082
6.5842976494695336	0.1123254286881894
6.590396058843736	0.10918414475433713
6.602592877592141	0.10226200620081394
6.608691286966343	0.09850847042462707
6.614789696340544	0.0945797701593083
6.626986515088949	0.0862625323040287
6.633084924463152	0.08190957739229976
6.639183333837353	0.07745269558644541
6.651380152585757	0.06831109316205586
6.675773790082566	0.04976939483900433
6.681872199456768	0.04522896983634084
6.6879706088309705	0.04078148913726776
6.700167427579375	0.032281354877018
6.706265836953577	0.028287942527872145
6.7123642463277795	0.024505587977501797
6.718462655701982	0.020964288391704278
6.724561065076184	0.017693786352216412
6.730659474450386	0.014723315453754493
6.7367578838245885	0.012081329886633352
6.742856293198791	0.009795220606533483
6.748954702572993	0.007891021170947532
6.755053111947195	0.006393106798377124
6.7611515213213975	0.005323890669777898
6.7672499306956	0.004703521927790444
6.773348340069802	0.004549590224933064
6.779446749444004	0.004876842011489524
6.7855451588182065	0.005696914018318733
6.791643568192409	0.0070180895647939945
6.797741977566611	0.0088450833875795
6.803840386940813	0.011178860627443443
6.809938796315015	0.014016495412413121
6.8160372056892164	0.01735107412574921
6.822135615063419	0.021171647935956717
6.828234024437622	0.025463238491271523
6.834332433811824	0.030206899841889623
6.8404308431860255	0.03537983865813754
6.846529252560227	0.04095559367679091
6.852627661934429	0.04690427404771769
6.858726071308632	0.05319285490395309
6.870922890057036	0.06664409635885638
6.877021299431238	0.07372842662873069
6.883119708805441	0.08099691919417273
6.895316527553845	0.09591574697648375
6.919710165050654	0.12609197596206445
6.926324529140657	0.13408937300517765
6.932938893230659	0.14191977344805107
6.946167621410664	0.1569229609524465
6.952781985500667	0.16402884454320554
6.959396349590669	0.17083443522560793
6.972625077770674	0.18346527358476228
6.979239441860677	0.18926303934268907
6.985853805950679	0.19470509700474825
6.992468170040682	0.19978875739398283
6.999082534130684	0.20451500091340402
7.005696898220687	0.20888794208742167
7.012311262310689	0.21291424326632669
7.0189256264006925	0.21660249676793797
7.025539990490695	0.21996259508351523
7.0321543545806975	0.22300510844424892
7.038768718670701	0.22574068806654213
7.045383082760703	0.22817951184514085
7.051997446850706	0.2303307872166307
7.058611810940708	0.2322023234908387
7.065226175030711	0.23380018324824292
7.071840539120713	0.23512841954612895
7.078454903210716	0.23618890278176607
7.085069267300718	0.23698123824048778
7.091683631390721	0.23750277268831377
7.098297995480723	0.23774868595971044
7.104912359570726	0.23771216138096685
7.111526723660728	0.2373846271152058
7.118141087750731	0.23675605914515563
7.124755451840733	0.2358153356159285
7.131369815930736	0.2345506316601006
7.137984180020738	0.23294984356687187
7.144598544110741	0.2310010312316918
7.151212908200743	0.22869286817271206
7.157827272290746	0.22601508897607425
7.164441636380748	0.22295892479829182
7.171056000470751	0.21951751844355594
7.177670364560753	0.21568631150413242
7.184284728650756	0.21146339706726736
7.190899092740758	0.20684983249911948
7.197513456830761	0.2018499077921596
7.210742185010766	0.19072557223505515
7.217356549100768	0.18462763159284246
7.223970913190771	0.17819645080698165
7.237199641370776	0.1644289998580657
7.243814005460779	0.15714935177820366
7.250428369550782	0.14964945078547487
7.263657097730787	0.13413971347043752
7.290114554090797	0.10228780739754906
7.2967289181808	0.09442658521621317
7.303343282270802	0.08670530940389842
7.316572010450807	0.07188272381132921
7.32318637454081	0.06487947668726968
7.329800738630812	0.0582111304296119
7.343029466810817	0.04605377256562859
7.349203152963559	0.04098965637857277
7.355376839116301	0.03635295897164714
7.361550525269042	0.032167984431553776
7.367724211421784	0.028455276030222687
7.373897897574526	0.0252313152221324
7.3800715837272675	0.022508260827490356
7.386245269880009	0.020293733915879075
7.392418956032751	0.018590653490690667
7.398592642185493	0.01739712752111411
7.404766328338234	0.01670640317755956
7.410940014490976	0.01650687930173922
7.417113700643718	0.01678218319872904
7.423287386796459	0.01751131278603013
7.4294610729492	0.018668843994190665
7.4356347591019425	0.02022520211337475
7.441808445254684	0.022146994540044762
7.447982131407425	0.024397401136333374
7.454155817560167	0.02693661719811824
7.4603295037129085	0.02972234287451636
7.46650318986565	0.0327103118218226
7.472676876018392	0.035854850943497496
7.478850562171133	0.03910946229380441
7.491197934476617	0.04576235572599119
7.497371620629359	0.04906887235224777
7.5035453067821	0.05230309297834235
7.509718992934841	0.05542321845053699
7.5158926790875835	0.058390034505327315
7.522066365240326	0.06116737668721495
7.528240051393067	0.06372254319238468
7.534413737545808	0.06602664927536117
7.54058742369855	0.06805491811828202
7.546761109851293	0.06978690442860347
7.552934796004034	0.0712066484732995
7.559108482156775	0.0723027597264293
7.565282168309517	0.07306843077106062
7.571455854462259	0.07350138350577173
7.577629540615001	0.07360375103888661
7.583803226767742	0.07338189985700128
7.589976912920484	0.072846197919896
7.596150599073226	0.07201073522102708
7.602324285225968	0.07089300405263599
7.608497971378709	0.069513546716376
7.614671657531451	0.06789557871401775
7.620845343684192	0.06606459554359911
7.627019029836934	0.06404797112255278
7.639366402142417	0.059574279632221505
7.645540088295158	0.05717777241652733
7.6517137744479005	0.054715998422485645
7.664061146753383	0.049720182475594954
7.670234832906125	0.047246846424383704
7.6764085190588665	0.04482913428168056
7.68875589136435	0.04027209725620884
7.694929577517092	0.03818536489154056
7.701103263669833	0.03625920775874303
7.707276949822575	0.03451629107169474
7.713450635975317	0.032977734067621944
7.719624322128059	0.0316631041287504
7.7257980082808	0.030590436156012313
7.7319716944335415	0.02977627367775937
7.738145380586284	0.029235727976962944
7.744835021454826	0.02897480554185572
7.751524662323368	0.029067081609937095
7.7582143031919095	0.029526744585171016
7.7649039440604515	0.030366499223996368
7.771593584928993	0.031597704178199626
7.778283225797535	0.03323050240658576
7.784972866666077	0.03527393958752001
7.791662507534619	0.0377360663270081
7.798352148403161	0.04062402066793325
7.805041789271703	0.043944088148022864
7.811731430140245	0.047701737411537604
7.818421071008787	0.0519016301318026
7.825110711877329	0.056547604746063684
7.831800352745871	0.061642634216276804
7.845179634482956	0.07318699474836587
7.851869275351499	0.07963722288942376
7.858558916220041	0.08653805667865633
7.871938197957125	0.10167876769309814
7.8786278388256665	0.10990815939683407
7.8853174796942085	0.11856684721261801
7.898696761431292	0.1371294378852933
7.905386402299834	0.14700622437691668
7.912076043168376	0.15725777275883823
7.92545532490546	0.1788024215939673
7.952213888379628	0.22531955197360776
7.95890352924817	0.23747531381931808
7.965593170116712	0.24976592610027604
7.978972451853796	0.274578961867994
8.005731015327964	0.323799790619125
8.012420656196506	0.33572302162257284
8.019110297065048	0.34738698893889497
8.032489578802132	0.36972142020456455
8.039179219670674	0.38028506940282036
8.045868860539215	0.39037671433506815
8.0592481422763	0.408944572568682
8.065937783144841	0.4173265602527696
8.072627424013383	0.42504893717226455
8.079317064881925	0.43207193735130545
8.086006705750467	0.4383594092215961
8.09269634661901	0.44387913998856987
8.099385987487551	0.4486031401833782
8.106075628356093	0.45250788432232425
8.112765269224635	0.4555745043277566
8.119454910093177	0.45778893317069014
8.126144550961719	0.459141997054592
8.132834191830261	0.4596294553411082
8.139523832698803	0.459251988321595
8.146213473567345	0.45801513382854375
8.152903114435887	0.45592917452977655
8.15959275530443	0.4530089785621213
8.166282396172972	0.44927379688856806
8.172850236655275	0.4448363616329357
8.179418077137576	0.43966164828120213
8.185985917619877	0.43377873217222773
8.192553758102179	0.4272196992633397
8.19912159858448	0.42001932814665077
8.205689439066782	0.41221475997722745
8.218825120031386	0.39495138378885253
8.225392960513688	0.3855756275797796
8.231960800995989	0.375761108770988
8.245096481960593	0.3549918149575084
8.271367843889799	0.31013029429740313
8.2779356843721	0.29847629134007525
8.2845035248544	0.2867307069492705
8.297639205819005	0.2631233583704661
8.32391056774821	0.21647153203545588
8.330478408230512	0.20512080411485079
8.337046248712813	0.19395477883208367
8.350181929677417	0.17228169954461547
8.376453291606623	0.13219902963345753
8.383021132088924	0.12296656681227891
8.389588972571225	0.1140787659172392
8.402724653535829	0.09738030127026853
8.409292494018132	0.08958631752338775
8.415860334500433	0.0821703545199054
8.428996015465035	0.06848434057440123
8.435563855947336	0.06221537686232559
8.442131696429637	0.056326655330754205
8.448699536911938	0.050814006594822936
8.455267377394241	0.04567145967414066
8.461835217876544	0.040891311789066354
8.468403058358845	0.03646421596196936
8.481538739323447	0.02862423510071388
8.488106579805748	0.025185504586726193
8.49467442028805	0.022048457558753176
8.50124226077035	0.019197563347526425
8.507810101252653	0.016616616816803376
8.514377941734956	0.014288976616536497
8.520945782217257	0.012197822835055439
8.527513622699558	0.010326431759328458
8.53408146318186	0.00865846484735644
8.54064930366416	0.007178268439208435
8.547217144146462	0.005871180205219817
8.553784984628763	0.004723837866465352
8.560352825111066	0.0037244853428897162
8.566920665593369	0.0028632712007699013
8.57348850607567	0.0021325341006281917
8.58005634655797	0.0015270698937921434
8.586624187040272	0.0010443750951174557
8.592751349585313	0.0007050748657544403
8.598878512130353	0.0004757118580436259
8.605005674675393	0.00036149539799490427
8.611132837220435	0.00037015909326787444
8.617259999765476	0.0005120073132731662
8.623387162310516	0.0007999312786177715
8.629514324855556	0.0012493938351005873
8.635641487400598	0.0018783825124562004
8.64176864994564	0.002707331014697223
8.64789581249068	0.0037590098432727093
8.65402297503572	0.005058387305979961
8.66015013758076	0.006632462699293962
8.6662773001258	0.008510073957329833
8.67240446267084	0.010721682525445475
8.678531625215882	0.013299138629067286
8.684658787760922	0.016275430459005813
8.690785950305962	0.0196844210744882
8.696913112851004	0.023560577028528984
8.703040275396043	0.027938692841586787
8.709167437941083	0.03285361548709731
8.715294600486125	0.03833997300284753
8.721421763031165	0.04443191121370438
8.727548925576205	0.051162842337261205
8.733676088121246	0.058565208961908866
8.739803250666288	0.06667026653097463
8.745930413211328	0.07550788706214062
8.752057575756368	0.08510638636852574
8.75818473830141	0.09549237655767229
8.764311900846451	0.10669064506165538
8.77043906339149	0.11872406092401944
8.782693388481572	0.14537784845756652
8.788820551026614	0.16003390458571576
8.794947713571654	0.17559647620612773
8.807202038661735	0.2094904732744287
8.813329201206777	0.22784179557503847
8.819456363751817	0.24713959334835556
8.831710688841898	0.2885954302193323
8.83783785138694	0.31076012743306336
8.84396501393198	0.33388486212401314
8.856219339022061	0.3830139339875116
8.880727989202224	0.4927342236284793
8.886855151747266	0.5225317111083307
8.892982314292306	0.553266702085097
8.905236639382387	0.6175263061450242
8.92974528956255	0.7570179273185209
8.935872452107592	0.7941320470979658
8.941999614652632	0.8321248809741082
8.954253939742713	0.9107048589959608
8.978762589922875	1.0778890813005393
8.985405707183716	1.125407500438287
8.992048824444556	1.1738204917309738
9.005335058966239	1.2732149070518735
9.031907528009604	1.4812923146712507
9.085052466096332	1.923617772423944
9.091695583357174	1.9801168022093427
9.098338700618015	2.0366260048216835
9.111624935139696	2.1493231131749386
9.13819740418306	2.3708207431992374
9.144840521443902	2.4248158599059106
9.151483638704743	2.4780595710187887
9.164769873226424	2.5818903589894564
9.191342342269788	2.776152536162119
9.19798545953063	2.821368554703168
9.204628576791471	2.865063788875853
9.217914811313152	2.9475583082787855
9.224557928573994	2.986201677512399
9.231201045834833	3.023013249527602
9.244487280356516	3.090885558579234
9.251130397617358	3.1218331087330458
9.257773514878199	3.150723032853373
9.264416632139039	3.177514426216477
9.27105974939988	3.2021730025822386
9.277702866660722	3.2246712152508334
9.284345983921561	3.2449883319719866
9.290989101182403	3.2631104633031938
9.297632218443244	3.27903054446162
9.304275335704085	3.2927482711935676
9.310918452964927	3.304269990650252
9.317561570225767	3.3136085486766538
9.324204687486608	3.3207830953944235
9.33084780474745	3.3258188513075244
9.33749092200829	3.3287468365894304
9.34413403926913	3.3296035665131187
9.350777156529972	3.3284307162976297
9.357420273790813	3.325274758923526
9.364063391051655	3.320186579656761
9.370706508312495	3.313221071218567
9.377349625573336	3.3044367136324464
9.383992742834177	3.293895142865081
9.390635860095017	3.2816607124011146
9.397278977355858	3.2678000518509682
9.4039220946167	3.2523816266204366
9.41012453394028	3.23664146754944
9.41632697326386	3.2196618967848845
9.42873185191102	3.1822170273386683
9.434934291234601	3.161868113042307
9.441136730558181	3.140512025301924
9.453541609205342	3.0950061107715463
9.459744048528922	3.0709678693036384
9.465946487852502	3.0461452267788958
9.478351366499663	2.9943556806005613
9.503161123793982	2.8835682268392757
9.50936356311756	2.8546331147320996
9.51556600244114	2.82528514727483
9.5279708810883	2.7654992519574364
9.552780638382622	2.642495241138331
9.602400152971263	2.3886402977912033
9.608602592294844	2.3565701879637904
9.614805031618424	2.324478218567225
9.627209910265584	2.260281536172698
9.652019667559905	2.1321715029175605
9.701639182148547	1.8793951806369975
9.800878211325829	1.401840413080884
9.806958850263168	1.3741478741999342
9.81303948920051	1.3466472163541954
9.825200767075188	1.2922192178629945
9.849523322824545	1.185623428290444
9.898168434323264	0.9811268644403308
9.904249073260603	0.9563590310639656
9.910329712197942	0.931768129118809
9.922490990072623	0.883124012844351
9.946813545821982	0.7880714609523812
9.995458657320698	0.6081574827166099
10.001539296258038	0.5867780801498843
10.007619935195379	0.5656776218223561
10.019781213070058	0.5243562869523012
10.044103768819415	0.4455376577040604
10.050184407756754	0.4266932121666687
10.056265046694094	0.408214073286193
10.068426324568774	0.3723919489016302
10.092748880318133	0.3055501929885802
10.098829519255473	0.28988791763979416
10.104910158192812	0.2746588196118672
10.117071436067492	0.24552250919191376
10.123152075004832	0.23162462613808435
10.129232713942173	0.2181785327125399
10.141393991816852	0.19265179269675312
10.147474630754191	0.18057416634461884
10.15355526969153	0.1689543574674634
10.165716547566209	0.14708525652275364
10.171797186503548	0.13683246719207856
10.177877825440888	0.12703051698267534
10.190039103315568	0.10876341971188408
10.196635696968709	0.09958933932605418
10.203232290621848	0.09092227214919141
10.209828884274987	0.08275356143854673
10.216425477928128	0.07507361521467817
10.22302207158127	0.06787194969958643
10.229618665234408	0.06113723626954565
10.242811852540688	0.04901943179391818
10.24940844619383	0.0436099273934904
10.256005039846968	0.03861466394364796
10.262601633500108	0.034018903045303
10.269198227153248	0.02980740659315856
10.27579482080639	0.025964502985971444
10.282391414459529	0.022474155182578365
10.288988008112668	0.019320030311901146
10.295584601765809	0.016485570516509285
10.30218119541895	0.013954064679864514
10.308777789072089	0.01170872065834512
10.315374382725228	0.00973273761188645
10.321970976378369	0.008009378001750292
10.32856757003151	0.006522038802270036
10.335164163684649	0.005254321456672831
10.341760757337788	0.0041901000946553135
10.348357350990929	0.0033135875242408797
10.35495394464407	0.0026093985106539347
10.361550538297209	0.002062609863169945
10.368147131950348	0.0016588168658372843
10.374743725603489	0.001384185610494415
10.38134031925663	0.001225500820045508
10.387936912909769	0.0011702087866730104
10.394533506562908	0.0012064550924920786
10.401130100216049	0.0013231168290686601
10.40772669386919	0.0015098290859346455
10.414323287522329	0.0017570055361532597
10.420919881175468	0.0020558530081815074
10.427516474828609	0.002398379996018045
10.43411306848175	0.002777399124110423
10.44070966213489	0.0031865236469429334
10.45390284944117	0.004073483486761481
10.46049944309431	0.004542436716063698
10.46709603674745	0.005023685510408556
10.48028922405373	0.006013209603388435
10.50667559866629	0.008066428706053473
10.51327219231943	0.008594527433767526
10.51986878597257	0.00913017871110898
10.53306197327885	0.010230333019956055
10.53965856693199	0.01079861648987631
10.54625516058513	0.011381911193216493
10.55944834789141	0.012603007512431416
10.56604494154455	0.013245731897288598
10.57264153519769	0.01391322123786471
10.58583472250397	0.015332192282153916
10.61222109711653	0.01856741299009864
10.618377012832408	0.0194081782029132
10.624532928548287	0.020283851652771863
10.636844759980047	0.022142759045395654
10.661468422843562	0.02629767800462887
10.667624338559442	0.027426055334026884
10.673780254275322	0.028588805268166314
10.68609208570708	0.031012442768927576
10.710715748570596	0.03620380874403868
10.716871664286476	0.037560542332165936
10.723027580002356	0.03893558288589387
10.735339411434113	0.04172852761138072
10.75996307429763	0.04739229475174922
10.76611899001351	0.04880336118940983
10.772274905729388	0.05020480645098574
10.784586737161145	0.05296288632145686
10.809210400024662	0.05818632582652653
10.81536631574054	0.05940756157370626
10.82152223145642	0.06058697602468886
10.83383406288818	0.06280496184302257
10.83998997860406	0.0638361020506486
10.846145894319937	0.06481059415605431
10.858457725751695	0.0665762873272205
10.864613641467574	0.06736124412350267
10.870769557183454	0.06807709521356277
10.876925472899334	0.06872121574873696
10.883081388615212	0.06929120466353614
10.88923730433109	0.06978489695945954
10.89539322004697	0.07020037488396688
10.90154913576285	0.07053597792817404
10.907705051478729	0.07079031157072843
10.913860967194609	0.0709622547028405
10.920016882910488	0.0710509656771636
10.926172798626368	0.07105588693086876
10.932328714342246	0.07097674814278855
10.938484630058124	0.07081356789396234
10.944640545774003	0.07056665381161688
10.950796461489883	0.07023660118729415
10.956952377205763	0.06982429007064157
10.963108292921643	0.0693308808522453
10.96926420863752	0.06875780836013712
10.975420124353398	0.06810677450594696
10.981576040069278	0.06737973952810032
10.987731955785158	0.06657891188972526
10.993887871501038	0.0657067369005256
11.006199702932795	0.063759233771045
11.012871573364475	0.06259748572102886
11.019543443796154	0.06136621897078846
11.032887184659513	0.058712841592066495
11.059574666386231	0.052776302806951024
11.06624653681791	0.05119022102575068
11.07291840724959	0.04957368036866339
11.086262148112949	0.04626999715119204
11.112949629839667	0.03952303653272103
11.119621500271347	0.03783590959345364
11.126293370703026	0.036157942265773575
11.139637111566385	0.03284675003035963
11.166324593293103	0.026512472602244538
11.172996463724783	0.02500896651472688
11.179668334156462	0.023543366006212475
11.193012075019821	0.020735564583565323
11.219699556746539	0.015666524810241306
11.226371427178218	0.014521109379886876
11.233043297609898	0.013426145884017898
11.246387038473257	0.011389059189951003
11.253058908904936	0.010447107621776823
11.259730779336616	0.00955597077975492
11.273074520199975	0.00792419352312453
11.279746390631654	0.007182116642027154
11.286418261063334	0.006488006348609409
11.293090131495013	0.005840738332914305
11.299762001926693	0.005239049480126373
11.306433872358372	0.004681551369552493
11.313105742790052	0.004166743895545246
11.319777613221731	0.003693028932731155
11.32644948365341	0.0032587239708022067
11.33312135408509	0.0028620756480425267
11.33979322451677	0.002501273115985528
11.34646509494845	0.002174461171163486
11.353136965380129	0.001879753093064344
11.359808835811808	0.0016152431308464606
11.366480706243488	0.0013790185844707924
11.373152576675167	0.001169171429098001
11.379824447106847	0.0009838094347303648
11.386496317538526	0.0008210667361941359
11.393168187970206	0.0006791138118368433
11.399840058401885	0.0005561668323682499
11.406511928833565	0.0004504963447974487
11.413183799265244	0.0003604352596915017
11.419855669696924	0.00028438611374964336
11.426527540128603	0.0002208275833008777
11.433199410560283	0.00016832022841696006
11.439749480605723	0.0001262136572626057
11.446299550651162	0.00009225995103945392
11.4528496206966	0.0000653521497109876
11.459399690742039	0.00004447324765813896
11.465949760787478	0.00002869781731794016
11.472499830832916	0.000017192917999170462
11.479049900878355	9.218300488315293e-6
11.485599970923793	4.125922500486162e-6
11.492150040969232	1.358794469736766e-6
11.49870011101467	4.491795817686403e-7
11.50525018106011	1.0161762514577155e-6
11.51180025110555	2.7627154328141315e-6
11.51835032115099	5.472009118815367e-6
11.524900391196429	9.00349012840525e-6
11.531450461241867	0.000013288286726266074
11.538000531287306	0.000018324278726919918
11.544550601332745	0.000024170784457669186
11.551100671378183	0.00003094293026816009
11.557650741423622	0.00003880575611928561
11.564200811469062	0.00004796811215009836
11.570750881514503	0.00005867640199791306
11.577300951559941	0.00007120822898938725
11.58385102160538	0.00008586600114394858
11.590401091650818	0.00010297055024846775
11.596951161696257	0.00012285481903771112
11.603501231741696	0.00014585766882497337
11.610051301787134	0.00017231785774264195
11.616601371832575	0.0002025682371202912
11.623151441878015	0.0002369302105133864
11.629701511923454	0.00027570849647643987
11.636251581968892	0.0003191862324564092
11.642801652014331	0.00036762045318009266
11.64935172205977	0.00042123797268170474
11.655901792105208	0.0004802316947176563
11.662451862150647	0.0005447573717940442
11.669001932196087	0.0006149308284629786
11.675552002241528	0.0006908256599229712
11.682102072286966	0.0007724714124352736
11.695202212377843	0.0009529060878190085
11.701752282423282	0.001051524237580139
11.70830235246872	0.0011555514681805463
11.7214024925596	0.00137898323923007
11.747602772741356	0.0018789728394186208
11.754152842786795	0.0020128253189493138
11.760702912832233	0.0021493192287226313
11.773803052923112	0.002428194632099805
11.800003333104868	0.0029940634991866993
11.806553403150307	0.0031338424590796428
11.813103473195746	0.0032717594889442978
11.826203613286625	0.0035396423696525585
11.832753683332065	0.003668445607359357
11.839303753377504	0.003793069230901536
11.85240389346838	0.004027620731946489
11.85851328557656	0.004129388986046801
11.864622677684737	0.004225773700374454
11.870732069792915	0.00431641371787559
11.876841461901094	0.0044009723183783996
11.882950854009273	0.004479138873569389
11.88906024611745	0.0045506303291641785
11.895169638225628	0.004615192508322622
11.901279030333807	0.004672601231457019
11.907388422441986	0.004722663248842523
11.913497814550164	0.004765216983710798
11.919607206658341	0.004800133084555715
11.92571659876652	0.00482731478668629
11.931825990874698	0.004846698084114051
11.937935382982875	0.004858251713948756
11.944044775091054	0.004861976956618381
11.950154167199232	0.004857907256212788
11.95626355930741	0.004846107666273611
11.962372951415588	0.00482667412717074
11.968482343523766	0.004799732582321896
11.974591735631943	0.004765437941113291
11.980701127740122	0.004723972897293635
11.9868105198483	0.004675546612344245
11.992919911956477	0.004620393273815465
11.999029304064656	0.004558770539513021
12.005138696172835	0.004490957878533017
12.011248088281013	0.004417254821010744
12.02346687249737	0.004253464897202072
12.029576264605549	0.004164060607109593
12.035685656713726	0.004070127128843374
12.047904440930083	0.0038701658960865544
12.054013833038262	0.0037649035700272598
12.06012322514644	0.003656638837376324
12.072342009362796	0.0034326718414917708
12.096779577795507	0.0029658835159508453
12.102888969903685	0.0028474705301360583
12.108998362011864	0.0027290973801965307
12.121217146228219	0.002493833593247061
12.145654714660932	0.00203797469847958
12.151764106769111	0.0019286970230975962
12.157873498877288	0.0018217822737795356
12.170092283093645	0.0016158655995004453
12.176201675201824	0.0015172264150728162
12.182311067310001	0.0014216752930417968
12.194529851526358	0.0012403435307425286
12.200639243634537	0.0011547667341600145
12.206748635742715	0.0010726862870748543
12.218967419959071	0.0009192128418247838
12.225076812067249	0.0008478741656811496
12.231186204175426	0.0007801418524427691
12.243404988391783	0.0006554231430489415
12.250030335215762	0.0005937036679015093
12.256655682039739	0.0005360479857113499
12.263281028863718	0.00048236566839725205
12.269906375687697	0.0004325510347810206
12.276531722511674	0.00038648476395272604
12.283157069335653	0.00034403553022433305
12.289782416159632	0.00030506164507786886
12.296407762983609	0.0002694126920043684
12.303033109807588	0.00023693114067006125
12.309658456631567	0.00020745392755066054
12.316283803455544	0.00018081399094492135
12.322909150279523	0.0001568417491212854
12.329534497103502	0.00013536651134156072
12.33615984392748	0.00011621781245055941
12.342785190751458	0.00009922666284622839
12.349410537575437	0.00008422670669518656
12.356035884399416	0.00007105528245634422
12.362661231223395	0.00005955438087962988
12.369286578047372	0.000049571496874999014
12.375911924871351	0.000040960372778114794
12.38253727169533	0.000033581631725351184
12.389162618519308	0.000027303300987037322
12.395787965343287	0.000022001226207843596
12.402413312167266	0.000017559378588705086
12.409038658991244	0.000013870058048768548
12.415664005815223	0.00001083399637654094
12.4222893526392	8.360365271976528e-6
12.42891469946318	6.366695003069653e-6
12.435540046287159	4.778710145838593e-6
12.442165393111136	3.5300895337505207e-6
12.448790739935115	2.56215811204503e-6
12.455416086759094	1.8235188722040333e-6
12.462041433583073	1.269633415393534e-6
12.468666780407052	8.623599800993954e-7
12.475292127231029	5.694579500392315e-7
12.481917474055008	3.640679378093511e-7
12.488542820878987	2.2417652428481192e-7
12.495168167702964	1.320746165687564e-7
12.501793514526943	7.381817642036531e-8
12.508418861350922	3.869976619758075e-8
12.515044208174901	1.8738967486997427e-8
12.52166955499888	8.19925114668782e-9
12.528294901822857	3.138323325633821e-9
12.534920248646836	9.983466900000605e-10
12.541545595470815	2.417453879224552e-10
12.548170942294792	3.755531693874635e-11
12.554796289118771	2.484903602474825e-12
12.56142163594275	1.5179251261647044e-14
12.56804698276673	2.2907104591971893e-17
12.574672329590708	3.373923107602297e-13
12.581297676414685	1.1379522005024501e-11
12.587923023238664	1.0284394722163691e-10
12.594548370062643	5.120873282597816e-10
12.60117371688662	1.8117197760544881e-9
12.6077990637106	5.1336780693078925e-9
12.614424410534578	1.2446050486086288e-8
12.621049757358557	2.687816311650072e-8
12.627675104182536	5.30887048079493e-8
12.634300451006514	9.767099396113755e-8
12.640925797830493	1.6958888157585306e-7
12.647551144654471	2.8063624750265666e-7
12.654176491478449	4.4591258834547696e-7
12.660801838302428	6.84306816840076e-7
12.667427185126407	1.0189811042193834e-6
12.673611854013124	1.4428364810580388e-6
12.679796522899842	2.001650131118926e-6
12.68598119178656	2.7264720933147786e-6
12.692165860673278	3.652901211241373e-6
12.698350529559995	4.821344212492213e-6
12.704535198446713	6.277242792116921e-6
12.710719867333431	8.071263938908372e-6
12.716904536220149	0.000010259448999453116
12.723089205106866	0.000012903317254648818
12.729273873993584	0.000016069920135840952
12.735458542880302	0.000019831842571956935
12.74164321176702	0.000024267148391149716
12.747827880653738	0.000029459267143287086
12.754012549540455	0.000035496820210985746
12.760197218427173	0.000042473384582869875
12.766381887313889	0.000050487193212936704
12.772566556200605	0.000059640771448460415
12.778751225087323	0.00007004050959954548
12.78493589397404	0.00008179617230537175
12.791120562860758	0.0000950203459586608
12.797305231747476	0.00010982782606026455
12.803489900634194	0.00012633494695951612
12.809674569520912	0.0001446588570639468
12.81585923840763	0.00016491674313151686
12.822043907294347	0.0001872250078965375
12.828228576181065	0.00021169840574681513
12.834413245067783	0.00023844914175023466
12.8405979139545	0.0002675859397742816
12.846782582841218	0.00029921308591695107
12.852967251727936	0.0003334294538479499
12.865336589501371	0.00040999236926549706
12.87152125838809	0.00045250071865675693
12.877705927274807	0.0004979199335155593
12.890075265048242	0.0005977079834811906
12.89625993393496	0.000652156362884462
12.902444602821678	0.0007096729557042991
12.914813940595113	0.0008339241628730227
12.920998609481831	0.0009006285297906251
12.927183278368549	0.000970339345220835
12.939552616141984	0.0011185444615100138
12.964291291688854	0.001447484837296666
12.97047596057557	0.0015357521689832207
12.976660629462287	0.001626107534957151
12.989029967235723	0.0018122967966713944
13.013768642782594	0.0022002015073521934
13.019953311669312	0.002298911219318804
13.02613798055603	0.002397747764435337
13.038507318329465	0.002594581803829281
13.063245993876336	0.0029759286089592347
13.069308862376813	0.0030650063529016666
13.07537173087729	0.0031517209619099295
13.087497467878244	0.003316810353500916
13.09356033637872	0.0033945699958663604
13.099623204879197	0.0034687394382560428
13.111748941880153	0.0036051564475754138
13.11781181038063	0.003666854425442251
13.123874678881108	0.0037238661165218704
13.129937547381585	0.003775949658918917
13.136000415882062	0.0038228789874583057
13.14206328438254	0.003864445197765917
13.148126152883016	0.003900457837058534
13.154189021383493	0.003930746112699771
13.16025188988397	0.003955160010133867
13.166314758384447	0.0039735713121063585
13.172377626884924	0.003985874511653887
13.178440495385402	0.003991987611866961
13.184503363885879	0.0039918528060235445
13.190566232386356	0.003985437032276841
13.196629100886835	0.003972732397855702
13.202691969387311	0.003953756468344593
13.208754837887788	0.003928552418426576
13.214817706388265	0.0038971890412079968
13.220880574888742	0.003859760614109643
13.226943443389219	0.0038163866200473656
13.233006311889696	0.0037672113235880217
13.239069180390173	0.003712403202574084
13.24513204889065	0.0036521542365376336
13.257257785891605	0.003516213943704873
13.263320654392082	0.003441015728050995
13.26938352289256	0.0033613605133749913
13.281509259893514	0.003189871557414505
13.305760733895422	0.002807353807710723
13.311823602395899	0.002705533942499434
13.317886470896376	0.002601972768844303
13.330012207897331	0.0023911303709373203
13.35426368189924	0.001965051946323146
13.360326550399718	0.0018597491574829919
13.366389418900194	0.001755631212513278
13.378515155901148	0.0015522484597976164
13.384578024401625	0.0014535940656082427
13.390640892902102	0.0013573419292632611
13.402766629903057	0.0011730585975783022
13.408829498403534	0.0010854802544492217
13.414892366904013	0.0010012075336965167
13.427018103904967	0.0008432226441477576
13.433080972405444	0.0007697687855576017
13.43914384090592	0.0007001362662434104
13.451269577906874	0.0005725648286786913
13.457848401123151	0.000509930516157551
13.46442722433943	0.000451910176717082
13.471006047555708	0.0003984509631639982
13.477584870771985	0.00034946729858599675
13.484163693988261	0.00030484265325452013
13.49074251720454	0.00026443166198912555
13.497321340420818	0.00022806257120452377
13.503900163637095	0.000195540001681902
13.510478986853371	0.0001666480100029033
13.51705781006965	0.0001411534285284597
13.523636633285928	0.00011880946090540005
13.530215456502205	0.00009935950730029672
13.536794279718482	0.0000825411909905848
13.54337310293476	0.00006809055557592688
13.549951926151039	0.00005574639993157892
13.556530749367315	0.000045254716189892816
13.563109572583592	0.00003637319445058782
13.56968839579987	0.000028875756672559825
13.576267219016149	0.00002255708126431492
13.582846042232426	0.000017237079289980205
13.589424865448702	0.000012765282959656442
13.59600368866498	9.025107159283308e-6
13.602582511881259	5.9379452149171e-6
13.609161335097536	3.4670608605568277e-6
13.615740158313812	1.6212394803642402e-6
13.622318981530091	4.5816311835384076e-7
13.62889780474637	8.747545817181738e-8
13.635476627962646	6.735049730582942e-7
13.642055451178923	2.437616687688156e-6
13.6486342743952	5.660165465469881e-6
13.655213097611476	0.000010682026407583833
13.661791920827755	0.000017905680789672058
13.668370744044033	0.000027795838946847052
13.67494956726031	0.00004087958460601666
13.681528390476586	0.000057746028353110996
13.688107213692863	0.0000790454611241685
13.69468603690914	0.0001054880019056185
13.701264860125418	0.00013784173704339798
13.707843683341697	0.00017693035183373126
13.714422506557973	0.00022363025822670093
13.72100132977425	0.00027886722565225103
13.727580152990528	0.00034361252500180535
13.734158976206807	0.000418878598799766
13.740737799423083	0.0005057142734837818
13.74731662263936	0.000605199532471781
13.753895445855639	0.0007184398714247962
13.760474269071917	0.000846560259627107
13.767053092288194	0.0009906987339300863
13.77363191550447	0.0011519996540517684
13.780210738720749	0.001331606650315489
13.786789561937027	0.0015306552970145802
13.793368385153304	0.0017502655467868426
13.79994720836958	0.001991533963284575
13.80652603158586	0.002255525791314158
13.819683678018414	0.0028557356804357033
13.826262501234691	0.0031938548258408964
13.83284132445097	0.003558483234088787
13.839420147667248	0.003950407885877174
13.845998970883524	0.004370335863550917
13.852577794099801	0.004818886521492214
13.85915661731608	0.005296583864176212
13.872314263748635	0.006340994007649545
13.878452409027652	0.006869276685520475
13.88459055430667	0.007423803248217076
13.896866844864702	0.008611347671739194
13.903004990143717	0.009243989704748212
13.909143135422735	0.009902117563506993
13.921419425980769	0.011292889833216036
13.927557571259786	0.012024282218788339
13.933695716538802	0.012778653653831185
13.945972007096834	0.014352567242913733
13.970524588212902	0.017728304744960406
13.976662733491917	0.018611588710862263
13.982800878770934	0.019507395272686096
13.995077169328969	0.021329341277412966
14.019629750445034	0.02503899801654283
14.025767895724051	0.02596764458754657
14.031906041003069	0.026892255639613165
14.044182331561101	0.028719938411181836
14.068734912677169	0.0322217228126372
14.074873057956186	0.03305104403375288
14.081011203235201	0.033857117139257785
14.093287493793234	0.035390183358976146
14.099425639072251	0.036112637783593186
14.105563784351268	0.03680278763171991
14.117840074909301	0.03807788819457343
14.123978220188317	0.0386589268930386
14.130116365467334	0.03919985573458905
14.136254510746351	0.039698990839912726
14.142392656025368	0.04015477246892775
14.148530801304386	0.04056577267570579
14.154668946583401	0.040930702352461566
14.160807091862416	0.04124841761743451
14.166945237141434	0.04151792550562056
14.173083382420451	0.04173838892635376
14.179221527699468	0.04190913085627211
14.185359672978485	0.04202963774155819
14.191497818257501	0.042099562088468254
14.197635963536516	0.042118724227108974
14.203774108815534	0.04208711323799064
14.20991225409455	0.04200488703766187
14.216050399373568	0.041872371623709326
14.222188544652585	0.04169005948611404
14.2283266899316	0.04145860719638282
14.234464835210616	0.0411788321909412
14.240602980489633	0.04085170877040642
14.24674112576865	0.040478363340772094
14.252879271047668	0.04006006892625706
14.259017416326685	0.03959823898839435
14.2651555616057	0.03909442058860299
14.271809661600518	0.03850276769738284
14.278463761595333	0.03786602710021769
14.291771961584967	0.03646717234707371
14.298426061579784	0.03571033039760985
14.305080161574601	0.03491891600867849
14.318388361564235	0.03324403436419685
14.325042461559052	0.03236657426948156
14.33169656155387	0.031466523693639316
14.345004761543503	0.029611083981242934
14.371621161522771	0.02576559687395717
14.378275261517588	0.024793858322571655
14.384929361512405	0.023823786421756435
14.39823756150204	0.021899541261836533
14.424853961481308	0.018184083028226813
14.431508061476125	0.0172957350914687
14.438162161470942	0.016427342847767847
14.451470361460576	0.014756521702247158
14.478086761439844	0.011710964145962888
14.48474086143466	0.011015762809090487
14.491394961429478	0.010347828288836444
14.504703161419112	0.009093895590737897
14.511357261413929	0.008507542490772086
14.518011361408746	0.007947764828558988
14.53131956139838	0.0069055828131098845
14.537973661393197	0.0064216938205199706
14.544627761388014	0.0059614420409911505
14.557935961377648	0.005107876633086777
14.564590061372465	0.004712443192969317
14.571244161367282	0.004336449116784144
14.584552361356916	0.003638416961131992
14.591206461351733	0.0033142876527810514
14.59786056134655	0.0030054640432974587
14.611168761336184	0.0024304786036415844
14.617822861331002	0.0021630280024165487
14.624476961325819	0.0019083559518211536
14.637785161315453	0.001436801443031122
14.64443926131027	0.0012202306799769611
14.651093361305087	0.0010171072690812744
14.657747461299904	0.0008282718963749519
14.66440156129472	0.0006548755916936811
14.671055661289538	0.0004983974751463713
14.677709761284355	0.00036066062923620704
14.684363861279172	0.000243845916071855
14.691017961273989	0.00015050357313150207
14.697231383331545	0.00008711539180242776
14.7034448053891	0.00004943153998437401
14.709658227446656	0.00004043581902411948
14.715871649504214	0.00006340917903670598
14.722085071561771	0.0001219290655971525
14.728298493619327	0.00021986689749644434
14.734511915676883	0.0003613836575027153
14.740725337734439	0.0005509235916545396
14.746938759791995	0.0007932060261855861
14.75315218184955	0.0010932153246250055
14.759365603907106	0.001456189020683299
14.765579025964662	0.0018876041750474706
14.771792448022218	0.002393162016465531
14.778005870079774	0.0029787709385046025
14.78421929213733	0.003650527934082902
14.790432714194887	0.0044146985591459985
14.796646136252445	0.005277695525747136
14.80285955831	0.006246056032044561
14.809072980367556	0.007326417943230211
14.815286402425112	0.008525494942748017
14.821499824482668	0.009850050777699227
14.827713246540224	0.011306872725010613
14.83392666859778	0.012902744407641671
14.840140090655336	0.014644418091375632
14.846353512712891	0.016538586592778487
14.852566934770447	0.018591854928730587
14.858780356828003	0.020810711837509856
14.86499377888556	0.02320150129830372
14.871207200943118	0.025770394175706736
14.877420623000674	0.028523360112252365
14.889847467115786	0.03460421767440738
14.896060889173341	0.03794279537051761
14.902274311230897	0.04148676567814144
14.914701155346009	0.049208761561131714
14.920914577403565	0.05339480745015408
14.92712799946112	0.05780224141531851
14.939554843576234	0.06729279901338947
14.945768265633792	0.07238055867204872
14.951981687691347	0.07769894398259244
14.964408531806459	0.08903155172370664
14.989262220036682	0.11447892524127141
14.995475642094238	0.12141393771418402
15.001689064151794	0.1285738463614416
15.014115908266907	0.14355527264335546
15.038969596497132	0.17604326159181516
15.045183018554688	0.18466006973462643
15.051396440612244	0.19346213335883583
15.063823284727356	0.21159308729639104
15.08867697295758	0.24973782303626924
15.094768594628896	0.25942076238499423
15.100860216300212	0.2692174243933523
15.113043459642842	0.28911555158401553
15.137409946328106	0.3298708746398244
15.186142919698632	0.4131582957098434
15.283608866439682	0.573739497860828
15.289700488110999	0.5832085439224668
15.295792109782314	0.592604807011609
15.307975353124945	0.6111846147475434
15.332341839810207	0.6475546522594032
15.381074813180732	0.7178727485240449
15.478540759921783	0.8558401645459259
15.4851483363089	0.8653038448110799
15.491755912696014	0.8747906801228487
15.504971065470247	0.893830238935138
15.53140137101871	0.932112363770679
15.584261982115638	1.008437662328123
15.590869558502755	1.0178130867717774
15.597477134889871	1.0271190236487853
15.610692287664103	1.0454745654949107
15.637122593212567	1.0807869038040405
15.643730169599683	1.0892381524925279
15.6503377459868	1.0975069190402167
15.663552898761031	1.1134290599783958
15.670160475148148	1.121047234077536
15.676768051535262	1.128412611937829
15.689983204309495	1.1423101600970622
15.696590780696612	1.1488041865773042
15.703198357083728	1.1549692503000246
15.709805933470843	1.1607858248544298
15.71641350985796	1.1662343255799377
15.723021086245076	1.1712951842607364
15.72962866263219	1.1759489273893189
15.736236239019307	1.1801762576762975
15.742843815406424	1.1839581384637639
15.74945139179354	1.1872758806324697
15.756058968180657	1.1901112315473301
15.762666544567772	1.1924464655499984
15.769274120954888	1.1942644754519225
15.775881697342005	1.195548864450218
15.78248927372912	1.1962840378539896
15.789096850116236	1.1964552939782023
15.795704426503352	1.1960489135358618
15.802312002890469	1.1950522468546352
15.808919579277585	1.1934537982169775
15.8155271556647	1.1912433066358894
15.822134732051817	1.1884118223748896
15.828742308438933	1.1849517785375567
15.835349884826048	1.1808570570730499
15.841957461213164	1.1761230485734488
15.848565037600281	1.170746705275426
15.855172613987396	1.164726586726663
15.861780190374512	1.1580628976277565
15.868387766761629	1.1507575174187594
15.874995343148743	1.142814021251749
15.88160291953586	1.1342376920547736
15.888210495922976	1.1250355234717027
15.901425648697208	1.104790149089782
15.907592547147061	1.0945226298068065
15.913759445596916	1.0837481498661508
15.926093242496627	1.0607286192177323
15.950760836296048	1.009222527969959
15.956927734745904	0.9953056605048746
15.963094633195759	0.98101020984661
15.97542843009547	0.9513651255388641
16.00009602389489	0.8884648066013352
16.006262922344746	0.8721198124032598
16.0124298207946	0.8555736183553596
16.024763617694312	0.8219727947259577
16.049431211493733	0.7534047204826564
16.098766399092572	0.61597104163905
16.104933297542424	0.5991845258721241
16.11110019599228	0.5825505293902111
16.12343399289199	0.5498099579503568
16.14810158669141	0.4868827588022041
16.154268485141266	0.4717658166101471
16.16043538359112	0.4569197376461529
16.172769180490832	0.42808290545274497
16.197436774290253	0.37407919813226914
16.20360367274011	0.36138409832055046
16.209770571189964	0.34902186645436395
16.222104368089674	0.3253099379424144
16.22827126653953	0.31396500703657887
16.234438164989385	0.3029624947948445
16.246771961889095	0.28198480273365023
16.25293886033895	0.2720075788919627
16.259105758788806	0.2623687176405838
16.271439555688517	0.2440931985495087
16.296107149487938	0.21141912583804623
16.302790002653595	0.20341732856520875
16.309472855819248	0.19576004504534394
16.322838562150558	0.18143517025628503
16.329521415316215	0.1747439458583152
16.336204268481872	0.16835010018404495
16.349569974813182	0.1564012219686161
16.356252827978835	0.15081852902530354
16.362935681144492	0.14547805409171213
16.376301387475806	0.13546580140118153
16.403032800138426	0.11770968050098082
16.409715653304083	0.11366026877875535
16.416398506469736	0.10973947506794934
16.429764212801047	0.10223305939548052
16.45649562546367	0.08824281100337047
16.509958450788915	0.06251147989617191
16.51664130395457	0.059415357823755066
16.523324157120225	0.05634207997740302
16.536689863451535	0.05027080851728992
16.56342127611416	0.03852275977180672
16.570104129279812	0.03569574376967183
16.57678698244547	0.03292464021652225
16.590152688776783	0.027577562487162283
16.59683554194244	0.025016042082253415
16.603518395108093	0.022539179829990985
16.616884101439403	0.017869926119773158
16.62356695460506	0.015692738804998385
16.630249807770713	0.013630464992408012
16.636932660936367	0.0116903233929396
16.643615514102024	0.00987925209144934
16.65029836726768	0.00820384357002761
16.656981220433334	0.006670283963132642
16.663664073598987	0.005284296838438729
16.670346926764644	0.00405109173461457
16.6770297799303	0.002975317625912813
16.683712633095954	0.002061021427434223
16.690395486261608	0.0013116116015415152
16.697078339427264	0.0007298268786182366
16.70376119259292	0.00031771006318710715
16.710444045758578	0.00007658685989615777
16.717126898924235	7.049623717475528e-6
16.72380975208989	0.00010894591403767806
16.730370804869303	0.00037488950300985924
16.73693185764872	0.0008036429937903766
16.743492910428134	0.0013929454907009586
16.75005396320755	0.0021398431892932987
16.756615015986963	0.0030406986051557533
16.763176068766377	0.004091203269893179
16.76973712154579	0.005286393757113497
16.776298174325206	0.006620670907437558
16.78285922710462	0.008087822128289623
16.789420279884034	0.009681046650976737
16.802542385442866	0.013215743007038178
16.80910343822228	0.015140938951709842
16.815664491001698	0.017159725920759872
16.828786596560526	0.021440625147660167
16.83534764933994	0.02368310528218366
16.841908702119355	0.025980000290805723
16.855030807678187	0.030694748290844898
16.881275018795847	0.04030393540555001
16.88783607157526	0.04267971266134178
16.894397124354676	0.045023141774510965
16.907519229913508	0.04957073368596571
16.91408028269292	0.051754428233508065
16.92064133547234	0.05386494725471259
16.933763441031168	0.057829515773123195
16.940324493810582	0.059666263789168984
16.946885546589996	0.06139532928402633
16.953446599369414	0.06300944277412769
16.96000765214883	0.06450196370102756
16.966568704928243	0.06586691754748833
16.97312975770766	0.06709902900639164
16.979690810487075	0.06819375087625107
16.98625186326649	0.06914728838790662
16.992812916045903	0.06995661870431595
16.999373968825317	0.0706195053759405
17.005935021604735	0.07113450758110787
17.01249607438415	0.07150098402793705
17.019057127163563	0.07171909144876173
17.02561817994298	0.07178977766919098
17.032179232722395	0.07171476929167134
17.03874028550181	0.0714965540869188
17.045301338281224	0.07113835824181323
17.051862391060638	0.07064411866636583
17.058423443840056	0.0700184506114149
17.06498449661947	0.06926661089821787
17.071545549398884	0.06839445710306968
17.078106602178302	0.0674084030793034
17.084667654957716	0.0663153712335561
17.09122870773713	0.06512274199872141
17.097789760516545	0.06383830096976986
17.10435081329596	0.06247018418227954
17.117472918854787	0.0595168822586833
17.143717129972448	0.05298980476338373
17.1498375048146	0.0513965552716485
17.155957879656754	0.04979168033693676
17.168198629341063	0.04657540799004042
17.192680128709682	0.040305472597412725
17.198800503551837	0.0388085220471335
17.20492087839399	0.0373512546855906
17.217161628078298	0.0345761606134153
17.22328200292045	0.033267652169375
17.229402377762604	0.032017434909010475
17.241643127446913	0.029706366347585555
17.247763502289068	0.02865177105135855
17.253883877131223	0.027667966962225995
17.260004251973378	0.02675706819087085
17.26612462681553	0.02592077891173554
17.27224500165768	0.02516039355659376
17.278365376499835	0.024476798562721717
17.28448575134199	0.023870475584538066
17.290606126184144	0.023341506080920532
17.2967265010263	0.02288957719714748
17.302846875868454	0.022513988866515698
17.30896725071061	0.02221366206550287
17.315087625552763	0.0219871481651134
17.32120800039492	0.021832639330838913
17.327328375237073	0.02174797993331317
17.333448750079228	0.02173067894171072
17.33956912492138	0.021777923281104554
17.34568949976353	0.02188659214443449
17.351809874605685	0.02205327225659833
17.35793024944784	0.022274274095913718
17.364050624289995	0.02254564908248293
17.37017099913215	0.022863207746912785
17.376291373974304	0.023222538894715393
17.38241174881646	0.02361902978068329
17.388532123658614	0.02404788730550505
17.39465249850077	0.024504160241883614
17.400772873342923	0.024982762490685005
17.41301362302723	0.025986082831998977
17.437495122395845	0.028027799321035572
17.443615497238	0.02851430808751035
17.449735872080154	0.028980713470003625
17.45585624692231	0.029421916823334858
17.46197662176446	0.029832964823488094
17.46809699660661	0.03020908013325295
17.474217371448766	0.030545691914414697
17.48033774629092	0.030838465966685318
17.486458121133076	0.031083334258782125
17.49257849597523	0.031276523603553194
17.498698870817385	0.03141458321954341
17.50481924565954	0.031494410913863916
17.510939620501695	0.03151327761787796
17.51705999534385	0.03146885000792603
17.523180370186004	0.03135921094672191
17.52930074502816	0.031182877490202203
17.53542111987031	0.030938816216744394
17.542057449428263	0.030596995108686915
17.54869377898622	0.030174779965691886
17.555330108544172	0.029672728830021346
17.561966438102125	0.02909206305175329
17.56860276766008	0.028434664680408568
17.575239097218034	0.027703067908518467
17.581875426775987	0.02690044450363475
17.588511756333943	0.026030583240951588
17.5951480858919	0.025097863427418852
17.601784415449853	0.024107222687487297
17.61505707456576	0.021974489123319712
17.64160239279758	0.017283358476368374
17.648238722355536	0.016063295468149025
17.65487505191349	0.014839416636309853
17.6681477110294	0.01241120166629446
17.674784040587355	0.011222318384782461
17.681420370145307	0.010060396115569664
17.694693029261217	0.007846778189078356
17.701329358819173	0.006809091070529256
17.707965688377126	0.005826270871654184
17.71460201793508	0.004904415009911595
17.721238347493035	0.004049171939067887
17.72787467705099	0.0032657004548520517
17.734511006608944	0.0025586341301206475
17.741147336166897	0.0019320511296245027
17.747783665724853	0.0013894495798050868
17.75441999528281	0.0009337285941375048
17.761056324840762	0.0005671749808105683
17.767692654398715	0.00029145558809013164
17.77432898395667	0.00010761517463096781
17.780965313514628	0.00001607962828908266
17.78760164307258	0.000016664298751717377
17.794237972630533	0.00010858715693574245
17.80087430218849	0.00029048644850704006
17.807510631746446	0.0005604424703266539
17.8141469613044	0.0009160030675375921
17.82078329086235	0.001354212425415613
17.827419620420308	0.0018716427141532814
17.834055949978264	0.002464428136218149
17.840692279536217	0.003128300924610302
17.84732860909417	0.0038586288458157154
17.853964938652126	0.004650453773347527
17.860601268210083	0.005498530915425893
17.867237597768035	0.006397368303419842
17.880510256883944	0.0083243559203281
17.907055575115763	0.012527461416033638
17.91369190467372	0.013615183999720587
17.920328234231672	0.014705398930901128
17.93360089334758	0.016869203354253345
17.960146211579396	0.02096854745260195
17.966341863200093	0.021852527943474954
17.972537514820786	0.022700351526697332
17.97873316644148	0.023508237687019984
17.984928818062173	0.02427260459070074
17.991124469682866	0.02499007962206115
17.99732012130356	0.025657509292393077
18.003515772924253	0.02627196858627524
18.009711424544946	0.026830769803019607
18.01590707616564	0.027331470940884294
18.022102727786333	0.02777188365973576
18.028298379407026	0.028150080844621447
18.03449403102772	0.028464403777812307
18.040689682648413	0.028713468911383884
18.046885334269106	0.028896174216433198
18.0530809858898	0.029011705068261527
18.059276637510493	0.02905953961169682
18.065472289131186	0.029039453534679308
18.07166794075188	0.028951524164717666
18.077863592372573	0.028796133789987223
18.084059243993266	0.028573972096375102
18.09025489561396	0.028286037603615817
18.096450547234653	0.02793363797776409
18.102646198855346	0.027518389094734107
18.108841850476043	0.02704221273019841
18.11503750209674	0.026507332754096016
18.121233153717434	0.025916269716354214
18.127428805338127	0.025271833719150535
18.13362445695882	0.024577115486016484
18.139820108579514	0.023835475554441935
18.146015760200207	0.023050531538030935
18.158407063441594	0.021366396918805087
18.164602715062287	0.020475584802466973
18.17079836668298	0.019558186435775414
18.183189669924367	0.017662345418866788
18.20797227640714	0.01376386003395193
18.214167928027834	0.012796355058083658
18.220363579648527	0.011841810049417485
18.232754882889914	0.009991426582708726
18.238950534510607	0.009105236862137652
18.2451461861313	0.008251243396947616
18.25753748937269	0.006657325854127472
18.263733140993388	0.00592558339490688
18.26992879261408	0.005242347839578786
18.276124444234775	0.004611036010846465
18.282320095855468	0.00403475421970638
18.28851574747616	0.0035162788805131254
18.294711399096855	0.003058039524921608
18.300907050717548	0.00266210435138348
18.30710270233824	0.0023301684179837107
18.313298353958935	0.0020635445563772954
18.319494005579628	0.0018631570544076319
18.32568965720032	0.0017295381248747452
18.331885308821015	0.0016628271485617518
18.338080960441708	0.0016627726511431948
18.3442766120624	0.0017287369469493503
18.350472263683095	0.0018597033575429647
18.356667915303788	0.002054285890434295
18.362741766538242	0.0023051160916314484
18.368815617772697	0.002613448622747084
18.37488946900715	0.002977018416270523
18.3809633202416	0.0033932743536004284
18.387037171476052	0.0038593969862999247
18.393111022710507	0.004372317548775855
18.405258725179415	0.00552515255300343
18.41133257641387	0.006157868625347184
18.41740642764832	0.006823030200336231
18.429554130117225	0.008234584145242255
18.45384953505504	0.0112645882871233
18.45992338628949	0.012039989165584297
18.465997237523943	0.012813862135360218
18.478144939992852	0.014339907678075157
18.484218791227306	0.01508369717633511
18.490292642461757	0.015809232186687425
18.502440344930662	0.01718996210869532
18.508514196165116	0.01783773031690852
18.51458804739957	0.018452423365866444
18.520661898634025	0.019030761535977585
18.526735749868475	0.01956966471745296
18.532809601102926	0.020066265432368793
18.53888345233738	0.020517920868908582
18.544957303571834	0.020922223918575063
18.55103115480629	0.02127701320827365
18.557105006040743	0.02158038211957793
18.563178857275197	0.021830686786823657
18.56925270850965	0.022026553065377683
18.575326559744102	0.02216688245923875
18.581400410978553	0.02225085699584306
18.587474262213007	0.022277943033655347
18.59354811344746	0.022247893986258867
18.599621964681916	0.022160751943970804
18.60569581591637	0.022016848172740595
18.61176966715082	0.0218168024677654
18.61784351838527	0.021561521338349123
18.623917369619726	0.02125219499982077
18.62999122085418	0.02089029314823667
18.636065072088634	0.020477559494262266
18.64213892332309	0.020016005034764084
18.64821277455754	0.019507900042737357
18.65428662579199	0.018955764760681018
18.660360477026444	0.018362358786613263
18.672508179495352	0.017063897071442888
18.678582030729807	0.016365443444014898
18.684655881964257	0.015638893012638006
18.696803584433162	0.014116656484081266
18.702877435667617	0.01332889972389777
18.70895128690207	0.012528864945099298
18.721098989370976	0.010908926413727663
18.74539439430879	0.007710641003270909
18.751984200259045	0.006880844786499503
18.758574006209297	0.006077353801409195
18.76516381215955	0.005305341132744154
18.771753618109805	0.0045697923175836265
18.778343424060058	0.0038754691687590916
18.78493323001031	0.0032268747800496627
18.791523035960566	0.0026282200522551756
18.798112841910818	0.002083392074074731
18.80470264786107	0.0015959246812898378
18.811292453811326	0.0011689715023298999
18.81788225976158	0.0008052817775799574
18.82447206571183	0.0005071792144566103
18.831061871662087	0.000276544110235963
18.83765167761234	0.0001147989406610118
18.84424148356259	0.000022897574804431803
18.850831289512847	1.318236261740901e-6
18.8574210954631	0.00005006028819927425
18.86401090141335	0.00016864487581107142
18.870600707363607	0.00035611941518400454
18.87719051331386	0.0006110658732432305
18.883780319264112	0.0009316127401251004
18.890370125214368	0.0013154505538823446
18.89695993116462	0.0017598507984062694
18.903549737114872	0.0022616879598291568
18.910139543065128	0.002817464494677752
18.91672934901538	0.003423338435423474
18.92990896091589	0.004768470243585244
18.93649876686614	0.005498601363724168
18.943088572816393	0.0062606450909163235
18.9562681847169	0.00786001187365979
18.962857990667153	0.008686790214241041
18.96944779661741	0.009524465955971208
18.982627408517914	0.011210831783858349
18.98921721446817	0.01204873438346949
18.99580702041842	0.012876029347735709
19.00898663231893	0.014478189496905188
19.015576438269182	0.015243134246344577
19.022166244219434	0.015977688843745824
19.02875605016969	0.016677404152786818
19.035345856119942	0.017338081395824344
19.041935662070195	0.017955794535224584
19.04852546802045	0.018526910563963824
19.055115273970703	0.019048107678725428
19.061705079920955	0.019516391326122276
19.06829488587121	0.01992910812709841
19.074884691821463	0.0202839576975357
19.081474497771715	0.02057900239301365
19.08806430372197	0.02081267501393713
19.094654109672224	0.02098378451291264
19.101243915622476	0.02109151975019209
19.10783372157273	0.02113545134526771
19.114423527522984	0.021115531672866134
19.121013333473236	0.02103209305135361
19.127603139423492	0.02088584416899879
19.134192945373744	0.020677864791881724
19.140782751323997	0.020409598793311345
19.147372557274252	0.020082845541830534
19.153962363224505	0.01969974968169177
19.160552169174757	0.019262789336551945
19.167141975125013	0.018774762765296913
19.173291103138006	0.018276046276032035
19.179440231151	0.0177383136450694
19.191738487176984	0.016557814748274165
19.197887615189977	0.015921523833606545
19.20403674320297	0.01525913766446308
19.216334999228955	0.013870757346913103
19.222484127241948	0.013152408757410805
19.22863325525494	0.01242321947513159
19.240931511280927	0.010948556311996902
19.265528023332894	0.00804960138393565
19.271677151345884	0.007359358641046063
19.277826279358877	0.006690964523149337
19.28397540737187	0.006048295954897597
19.290124535384862	0.005435109704073782
19.296273663397855	0.004855020524471804
19.302422791410848	0.00431147971149691
19.30857191942384	0.0038077542204373593
19.314721047436834	0.0033469065010949643
19.320870175449826	0.0029317752054756237
19.32701930346282	0.0025649569260362687
19.333168431475812	0.0022487891211048425
19.339317559488805	0.00198533438136847
19.345466687501798	0.0017763661863792989
19.35161581551479	0.0016233562929322994
19.357764943527783	0.0015274638882854068
19.363914071540776	0.0014895266296004947
19.37006319955377	0.001510053677979399
19.376212327566762	0.0015892208199107423
19.382361455579755	0.0017268677520339906
19.388510583592748	0.0019224975862597062
19.39465971160574	0.002175278612120699
19.400808839618733	0.0024840483320127723
19.406957967631726	0.002847319762626971
19.41310709564472	0.0032632899734020542
19.41925622365771	0.003729850809660172
19.425405351670705	0.004244601725598759
19.43770360769669	0.005407700626410604
19.443852735709683	0.006049928508923996
19.450001863722676	0.00672814485775366
19.462300119748658	0.008177948572777469
19.468449247761647	0.008941817717497516
19.47459837577464	0.009726287317470765
19.486896631800626	0.01134026956880105
19.511493143852597	0.01462814045628919
19.51764227186559	0.015437454264948018
19.523791399878583	0.0162332411794653
19.53608965590457	0.01776798519570479
19.54223878391756	0.018499128525497496
19.548387911930554	0.019201156787226087
19.56068616795654	0.020504017525907317
19.56755044020467	0.021164869718744872
19.574414712452796	0.02177303453289881
19.581278984700923	0.02232485219448064
19.588143256949053	0.02281703559826783
19.595007529197183	0.0232466839478786
19.60187180144531	0.023611293537237524
19.608736073693436	0.02390876579776932
19.615600345941566	0.0241374127592587
19.622464618189696	0.024295960087853993
19.629328890437822	0.024383547876121493
19.63619316268595	0.024399729365010538
19.64305743493408	0.02434446777671567
19.649921707182205	0.024218131431755077
19.65678597943033	0.02402148731344788
19.66365025167846	0.02375569322839531
19.670514523926588	0.023422288693948325
19.677378796174715	0.023023184664212753
19.684243068422845	0.022560652183299924
19.69110734067097	0.02203731003309095
19.697971612919098	0.021456111419364765
19.704835885167228	0.020820329718699574
19.711700157415354	0.020133543287620667
19.72542870191161	0.01862269670509685
19.73229297415974	0.017807167887697546
19.739157246407867	0.016957659601140006
19.752885790904124	0.015176259528792715
19.780342879896637	0.011430264174698519
19.787207152144767	0.010487535385965498
19.794071424392893	0.009553565874759338
19.80779996888915	0.007734539445491899
19.81466424113728	0.006860698458786993
19.821528513385406	0.006017981605449654
19.835257057881662	0.004447173109478574
19.842121330129793	0.0037292613659032532
19.84898560237792	0.003062762360695255
19.855849874626045	0.002452159590327626
19.862714146874175	0.001901630874732229
19.869578419122302	0.001415014527540566
19.87644269137043	0.0009957768207909772
19.88330696361856	0.0006469811181525099
19.890171235866685	0.0003712590571549497
19.89703550811481	0.0001707841617903036
19.90389978036294	0.000047248261541774084
19.910764052611068	1.8410809734005495e-6
19.917628324859194	0.000035233345738017174
19.924492597107324	0.00014756372584514774
19.93135686935545	0.0003384299056640311
19.938221141603577	0.0006068840324850999
19.945085413851707	0.0009514327519991768
19.951949686099837	0.0013700419902610075
19.958813958347964	0.0018601465882552744
19.96567823059609	0.0024186648376980733
19.97254250284422	0.0030420179063451284
19.97940677509235	0.0037261540783893408
19.986271047340477	0.004466577672031943
19.993135319588603	0.0052583824326648335
19.999999591836733	0.0060962891376812565