4.0816326530612243e-7	1.9228982023971996e-24
0.006134358411192534	9.061825698187871e-8
0.012268308659119763	1.4492901167230034e-6
0.01840225890704699	7.333255660224177e-6
0.02453620915497422	0.000023160937724308402
0.03067015940290145	0.00005649664605282298
0.03680410965082868	0.00011702921346714645
0.042938059898755904	0.00021654461407135992
0.04907201014668314	0.00036889262770307285
0.055205960394610364	0.000589947628619405
0.06133991064253759	0.0008975635904868909
0.06747386089046481	0.0013115234130047463
0.07360781113839204	0.0018534826891827925
0.07974176138631928	0.0025469080449201566
0.08587571163424651	0.003417010195899497
0.09200966188217374	0.00449067187888244
0.09814361213010096	0.005796370826444699
0.10427756237802818	0.007364097966729126
0.11041151262595542	0.009225271039808426
0.11654546287388265	0.011412643835056744
0.12267941312180988	0.013960211261896612
0.1288133633697371	0.016903110478831012
0.13494731361766432	0.020277518313110126
0.14108126386559156	0.024120545213678273
0.1472152141135188	0.028470125987882965
0.15334916436144602	0.033364907579693015
0.15948311460937326	0.038844134156116525
0.1656170648573005	0.04494752977382767
0.17175101510522772	0.05171517890343025
0.17788496535315496	0.05918740509700719
0.1840189156010822	0.06740464808596541
0.19015286584900942	0.07640733960331855
0.19628681609693663	0.08623577822583824
0.20242076634486383	0.09693000353511376
0.20855471659279107	0.10852966990094413
0.2146886668407183	0.12107392018574038
0.22082261708864553	0.1346012596791366
0.22695656733657277	0.1491494305607584
0.2330905175845	0.16475528719928303
0.24535841808035447	0.19928229620716487
0.2514923683282817	0.21827161364585185
0.2576263185762089	0.23845470821596204
0.26989421907206335	0.2825230069603027
0.2760281693199906	0.30646448526241926
0.2821621195679178	0.3317120709854489
0.2944300200637723	0.38621769053013516
0.3005639703116995	0.41551663092153984
0.30669792055962675	0.4462033033602972
0.3189658210554812	0.5117969823933779
0.32509977130340845	0.5467265213843836
0.3312337215513357	0.5830887058246486
0.34350162204719015	0.6601279380733491
0.3496355722951174	0.7008067298608913
0.3557695225430446	0.7429215471910227
0.3680374230388991	0.831432081481503
0.39257322403060796	1.0252248479213368
0.39922312899433554	1.0814796626564842
0.40587303395806307	1.1392665816103822
0.41917284388551823	1.2592804365574164
0.44577246374042856	1.5157490190608498
0.4989717034502492	2.0806788170898556
0.5056216084139769	2.154711237376829
0.5122715133777044	2.229216551013999
0.5255713233051595	2.3792698260721035
0.5521709431600699	2.680793810774532
0.6053701828698904	3.266206155384662
0.6120200878336179	3.335638881725586
0.6186699927973456	3.4038807928171426
0.6319698027248006	3.536368807171124
0.6386197076885283	3.6004062476348757
0.6452696126522558	3.662836006413031
0.658569422579711	3.78247336865185
0.6652193275434386	3.8394866977575948
0.6718692325071661	3.8945042327276376
0.6851690424346213	3.998191269505328
0.6918189473983489	4.046687843437295
0.6984688523620765	4.092843163191431
0.7117686622895316	4.177820934505718
0.7184185672532593	4.216498115655196
0.7250684722169868	4.252543840738428
0.7317183771807143	4.285895505086098
0.738368282144442	4.316494791637418
0.7450181871081696	4.3442878097869135
0.7516680920718971	4.369225224589699
0.7583179970356246	4.391262375986024
0.7649679019993523	4.410359387717904
0.7716178069630799	4.426481265642679
0.7782677119268074	4.439597985178549
0.784917616890535	4.44968456762615
0.7915675218542626	4.456721145158655
0.7982174268179902	4.460693014288193
0.8048673317817178	4.461590677650225
0.8115172367454453	4.459409873966299
0.8181671417091729	4.454151596098449
0.8243763687356396	4.446468895997019
0.8305855957621063	4.436117714372315
0.8367948227885731	4.4231112593366815
0.8430040498150397	4.407466700117958
0.8492132768415064	4.389205138646086
0.8554225038679731	4.368351573225928
0.8616317308944399	4.344934854395285
0.8678409579209065	4.318987633013917
0.8740501849473732	4.290546300701777
0.88025941197384	4.259650922735517
0.8864686390003067	4.226345163531698
0.8926778660267733	4.190676204871507
0.89888709305324	4.1526946570264425
0.9050963200797068	4.112454462965444
0.9175147741326402	4.025429949968125
0.9237240011591068	3.9787692255155687
0.9299332281855736	3.930096807153234
0.942351682238507	3.826995281525929
0.9671885903443738	3.5998533487134075
0.9733978173708404	3.5391665110354316
0.9796070443973072	3.477084955404126
0.9920254984502406	3.349082382698521
1.0168624065561074	3.0802011801313363
1.0230716335825742	3.0108261695304543
1.029280860609041	2.9407726726350276
1.0416993146619742	2.7989990783424554
1.066536222767841	2.5113583004334608
1.1162100389795746	1.9396844015676142
1.1224192660060415	1.8702118588844039
1.1286284930325081	1.8014422304045326
1.1410469470854414	1.666298956085973
1.1658838551913082	1.4074608177659695
1.172093082217775	1.3454920514738915
1.1783023092442417	1.2847296078982435
1.190720763297175	1.1670184996579958
1.2155576714030418	0.9480295480937001
1.2216450980432683	0.8978999661099697
1.2277325246834945	0.8492197628264856
1.239907377963947	0.756288318430428
1.2459948046041731	0.7120693679082247
1.2520822312443993	0.6693643933005929
1.2642570845248517	0.5885254725538489
1.270344511165078	0.5503981407656744
1.2764319378053042	0.5137980901041659
1.2886067910857566	0.4451590517267355
1.2946942177259828	0.4131022235410827
1.300781644366209	0.3825371303384559
1.3129564976466614	0.32581522059535195
1.3190439242868877	0.29961826017967225
1.3251313509271139	0.27483293583836743
1.33121877756734	0.25143293181392445
1.3373062042075663	0.22938962647765712
1.3433936308477925	0.20867220792688382
1.3494810574880187	0.18924779510673417
1.3616559107684714	0.15413688002071158
1.3677433374086978	0.1383754321331204
1.373830764048924	0.12375737539923042
1.3799181906891502	0.11024147466259336
1.3860056173293764	0.09778525325060285
1.3920930439696027	0.08634514497673149
1.3981804706098289	0.07587664931243526
1.404267897250055	0.06633448939051605
1.4103553238902813	0.0576727724935801
1.4164427505305075	0.04984515267544238
1.4225301771707337	0.042804995155367745
1.42861760381096	0.03650554212165902
1.4347050304511861	0.03090007957407931
1.4407924570914123	0.02594210483233155
1.4468798837316386	0.02158549433325359
1.4529673103718648	0.017784671337859055
1.4590547370120912	0.014494773166811763
1.4651421636523176	0.01167181758239037
1.4712295902925439	0.009272867935129213
1.47731701693277	0.007256196692364785
1.4834044435729963	0.005581446970015297
1.4894918702132225	0.004209791688191081
1.4955792968534487	0.0031040899765294966
1.501666723493675	0.0022290404573050435
1.5077541501339011	0.0015513310398856028
1.5138415767741273	0.0010397848650746419
1.5199290034143536	0.0006655020438736956
1.5260164300545798	0.00040199684228520887
1.532103856694806	0.00022532997106623824
1.5381912833350322	0.00011423564796426573
1.5442787099752584	0.00005024310884753127
1.5503661366154846	0.00001779225382789806
1.556453563255711	4.343125122164585e-6
1.5625409898959375	4.789242524823601e-7
1.5686284165361637	2.2881081276540624e-9
1.57471584317639	2.4555691713194524e-8
1.5808032698166161	1.0477703708797405e-6
1.5868906964568423	7.0391760169941225e-6
1.5929781230970685	0.00002549797953379555
1.5990655497372948	0.0000675141669202988
1.605152976377521	0.00014781917517687088
1.6117563577335474	0.00029972725074384134
1.618359739089574	0.0005468770701424499
1.6249631204456008	0.0009229068454361652
1.6315665018016272	0.0014666622672626537
1.6381698831576539	0.0022222049864558282
1.6447732645136806	0.0032388064174178454
1.651376645869707	0.004570926731201708
1.6579800272257337	0.006278178940939706
1.6645834085817603	0.008425278017471343
1.6711867899377868	0.011081975008619278
1.6777901712938135	0.014322976171731814
1.6843935526498401	0.01822784716391917
1.6909969340058666	0.02288090237231413
1.6976003153618933	0.028371079500626777
1.70420369671792	0.034791799566453244
1.7108070780739464	0.04224081249776713
1.7174104594299728	0.05082002855365181
1.7240138407859995	0.060635335829400394
1.7306172221420262	0.07179640414145493
1.7372206034980526	0.08441647562022889
1.743823984854079	0.09861214237552234
1.7504273662101058	0.11450311162952179
1.7570307475661324	0.1322119587473904
1.7636341289221589	0.15186386862447318
1.7702375102781853	0.17358636592170654
1.776840891634212	0.19750903467185107
1.7834442729902387	0.22376322780181654
1.7900476543462651	0.2524817671537635
1.7966510357022918	0.2837986346036405
1.8032544170583185	0.3178486549110558
1.8164611797703716	0.3946897119862947
1.8230645611263983	0.4377516557406045
1.8296679424824247	0.4840878848770034
1.8362713238384514	0.5338324387317877
1.842874705194478	0.5871181609826361
1.8494780865505045	0.6440763440445099
1.8560814679065312	0.7048363709659297
1.8692882306185843	0.8382677819925466
1.8758916119746107	0.9111851433652923
1.8824949933306374	0.9883955822330551
1.8957017560426905	1.15614935955584
1.902305137398717	1.2469090147639896
1.9089085187547437	1.3423936789978757
1.9221152814667968	1.5479168643140242
1.9287186628228232	1.658130842899226
1.93532204417885	1.7734200887120726
1.948528806890903	2.019506878736354
1.9551321882469297	2.1504285441915387
1.9617355696029564	2.286673133168774
1.9749423323150095	2.575297755831089
1.9815457136710362	2.7277412251111772
1.9881490950270626	2.8856339972349745
2.001355857739116	3.217801595268835
2.027769383163222	3.9474013568900186
2.033932086581988	4.130000780988938
2.0400947900007536	4.317201858049366
2.052420196838285	4.705196108629574
2.0770710105133476	5.533641078609167
2.1263726378634735	7.378708827718891
2.1325353412822396	7.62455287633646
2.1386980447010053	7.873276708668108
2.1510234515385367	8.378680121655744
2.1756742652135994	9.41616293326046
2.224975892563725	11.551758234636377
2.2311385959824905	11.820007945889385
2.237301299401256	12.08774745435605
2.2496267062387876	12.6206967139222
2.2742775199138503	13.669351371616305
2.280440223332616	13.926418025826973
2.2866029267513817	14.18092559296355
2.298928333588913	14.681219677322563
2.323579147263976	15.639643209631032
2.3297418506827423	15.868961174699411
2.335904554101508	16.093655605866427
2.3482299609390394	16.528177355128236
2.354392664357805	16.737514389242314
2.3605553677765707	16.941248049275195
2.372880774614102	17.330967581019664
2.3790434780328678	17.51649618464019
2.3852061814516334	17.69550757562189
2.397531588289165	18.033122543422532
2.4036942917079305	18.191313006570798
2.409856995126696	18.342160678557203
2.4221824019642275	18.621074231217136
2.4288610600987934	18.759110086453752
2.4355397182333594	18.887664589322863
2.4422183763679257	19.006535532863428
2.4488970345024916	19.115532150391306
2.4555756926370575	19.214475494212472
2.462254350771624	19.30319879597439
2.46893300890619	19.381547807957578
2.4756116670407557	19.449381124558528
2.482290325175322	19.506570483338553
2.488968983309888	19.55300104496615
2.495647641444454	19.58857165149091
2.5023262995790203	19.61319506237625
2.5090049577135862	19.626798167789897
2.515683615848152	19.629322178695915
2.5223622739827185	19.620722793305042
2.5290409321172844	19.600970339522593
2.5357195902518503	19.570049893054005
2.5423982483864167	19.527961370878565
2.5490769065209826	19.474719599872486
2.5557555646555485	19.410354360358944
2.562434222790115	19.334910404477046
2.569112880924681	19.248447449233872
2.5757915390592467	19.151040144248366
2.582470197193813	19.042778014118
2.589148855328379	18.923765375532007
2.595827513462945	18.794121229180522
2.6025061715975113	18.653979126614168
2.609184829732077	18.503487012278875
2.615863487866643	18.342807040926747
2.6225421460012095	18.172115370731824
2.6358994622703413	17.801470174782253
2.6425781204049072	17.60193678709598
2.649256778539473	17.39323139875338
2.6626140948086054	16.949285881695932
2.6893287273468696	15.962791019718729
2.696007385481436	15.697325176772296
2.702686043616002	15.424947130975799
2.716043359885134	14.86077972740947
2.7427579924233982	13.66454198195285
2.749436650557964	13.353451596374459
2.7561153086925305	13.038299633610267
2.7694726249616624	12.397354485325462
2.796187257499927	11.083918321669225
2.849616522576455	8.420608797526768
2.8561733803247806	8.09806011723662
2.862730238073106	7.777709841954291
2.8758439535697575	7.145050296226283
2.90207138456306	5.92171949551259
2.9086282423113854	5.626608942861015
2.915185100059711	5.336436080186218
2.9282988155563623	4.7721374714856815
2.9545262465496647	3.715865023858546
2.96108310429799	3.4684468874855003
2.9676399620463156	3.2281899952392235
2.980753677542967	2.770074686318318
2.987310535291293	2.552644888632104
2.9938673930396185	2.343233047639581
3.0069811085362694	1.9491885100138613
3.013537966284595	1.7648873505104967
3.0200948240329204	1.5892668583503915
3.026651681781246	1.4224609204938017
3.033208539529572	1.26459041734581
3.0397653972778977	1.1157631146423157
3.0463222550262232	0.976073576656434
3.059435970522874	0.7244196733869421
3.0659928282711997	0.6125779472422141
3.072549686019525	0.5101192398893729
3.0791065437678506	0.41707155340400925
3.0856634015161766	0.33344961506875886
3.0922202592645025	0.25925493888681567
3.098777117012828	0.19447590770067255
3.1053339747611535	0.13908787566142236
3.111890832509479	0.09305329075897417
3.1184476902578044	0.05632183708974928
3.12500454800613	0.028830596504544122
3.1315614057544554	0.010504229246974391
3.1381182635027813	0.0012551731612862054
3.1446751212511073	0.0009838610175593124
3.1512319789994327	0.009578955472882737
3.1577888367477582	0.026917601158367468
3.1643456944960837	0.05286569335453917
3.170902552244409	0.08727816269146428
3.1774594099927347	0.12999927528476987
3.18401626774106	0.18086294769512867
3.190573125489386	0.2396930760763139
3.197129983237712	0.3063038788554989
3.2036868409860375	0.38050025227040296
3.210243698734363	0.46207813806834425
3.2168005564826885	0.5508249026569345
3.223357414231014	0.646519726978714
3.2299142719793394	0.7489340063700588
3.2430279874759904	0.9729700466779622
3.249584845224316	1.0940993935963266
3.2561417029726414	1.22096422499425
3.269255418469293	1.4908501668175824
3.2753715982803575	1.6236082646031433
3.2814877780914222	1.7604381637791968
3.2937201377135517	2.0454047987320347
3.3181848569578105	2.6540764781436046
3.3671142954463282	3.973395160026263
3.373230475257393	4.143239988313351
3.3793466550684577	4.313397612256071
3.391579014690587	4.653732455423549
3.416043733934846	5.328195594913528
3.4649731724233637	6.604908609148259
3.4710893522344284	6.753909596391711
3.477205532045493	6.8999619180468725
3.4894378916676225	7.182571356611922
3.4955540714786872	7.318818586616113
3.501670251289752	7.451497648741705
3.5139026109118814	7.705599069653763
3.520018790722946	7.82676126097832
3.526134970534011	7.943835139282772
3.5383673301561402	8.165269658297282
3.544483509967205	8.269422886306492
3.5505996897782697	8.369073083005647
3.562832049400399	8.554524239727819
3.568948229211464	8.640172257058373
3.5750644090225285	8.721011383315114
3.5811805888335932	8.796982316027556
3.587296768644658	8.868032608626063
3.5934129484557227	8.934116648846238
3.5995291282667874	8.995195627611142
3.605645308077852	9.05123749857027
3.611761487888917	9.102216928453615
3.6178776676999815	9.148115238444746
3.6239938475110463	9.188920336761754
3.630110027322111	9.224626642670772
3.6362262071331757	9.25523500214865
3.6423423869442404	9.280752595432848
3.648458566755305	9.301192836697492
3.65457474656637	9.31657526612868
3.6606909263774345	9.326925434637493
3.6673230609043	9.33249846163751
3.673955195431165	9.332239180990891
3.68058732995803	9.326203082549853
3.687219464484895	9.31445320093481
3.6938515990117597	9.297059892199574
3.700483733538625	9.274100601509598
3.7071158680654905	9.245659622399256
3.7137480025923555	9.211827848172483
3.7203801371192204	9.172702516009018
3.7270122716460854	9.128386944353652
3.7336444061729503	9.078990264176516
3.7402765406998157	9.024627144677437
3.746908675226681	8.965417514027363
3.753540809753546	8.901486275733333
3.766805078807276	8.759981739148552
3.773437213334141	8.682680522269079
3.780069347861006	8.601201272025087
3.7933336169147363	8.426293539491807
3.8198621550221965	8.032938548077487
3.8264942895490615	7.926443811097874
3.8331264240759264	7.8170077078661855
3.8463906931296568	7.58996360700154
3.872919231237117	7.1077861372996
3.879551365763982	6.982348901132206
3.886183500290847	6.855281792168244
3.8994477693445773	6.596905320470747
3.9259763074520375	6.067632303581972
3.979033383666958	4.9927794631809475
3.985665518193823	4.859631037022633
3.9922976527206884	4.72718030458315
4.005561921774419	4.464841876367251
4.0320904598818785	3.9534771147537864
4.085147536096799	3.004842541551352
4.091338992686403	2.9019528485318187
4.097530449276007	2.800869651939041
4.109913362455217	2.604277500680987
4.134679188813633	2.2342866862565653
4.140870645403238	2.1467696310262427
4.147062101992842	2.061283072791262
4.15944501517205	1.896453303356472
4.184210841530467	1.5915661446400335
4.1904022981200715	1.5205140123888654
4.196593754709675	1.4515220603733208
4.208976667888884	1.3196832345271354
4.215168124478488	1.2568127237676872
4.221359581068092	1.1959552923977297
4.2337424942473	1.0802082955752303
4.239933950836905	1.025278024725864
4.246125407426509	0.9722796063301617
4.258508320605717	0.8719768262500273
4.283274146964134	0.6933485515838358
4.289465603553738	0.6530871941142381
4.295657060143342	0.6145164557763007
4.3080399733225505	0.542303079358027
4.314231429912155	0.5085863439633522
4.320422886501759	0.4764122141229422
4.332805799680967	0.4165357558407454
4.338997256270572	0.38875408856563565
4.345188712860176	0.3623565191869005
4.357571626039384	0.3135509559231334
4.363763082628989	0.29106109692474424
4.369954539218592	0.26979176064152194
4.382337452397801	0.23075034994245355
4.388528908987405	0.21289636096671785
4.394720365577009	0.19609920254599594
4.400911822166613	0.18031845982986203
4.407103278756217	0.16551404948517381
4.413294735345822	0.15164627931307473
4.419486191935426	0.1386759052094874
4.431869105114634	0.11527293210949961
4.438060561704239	0.1047645600439168
4.4442520182938425	0.09500213265303882
4.450443474883446	0.08594940516461794
4.456634931473051	0.07757086497630182
4.4628263880626555	0.06983176920086476
4.469017844652259	0.06269817939676524
4.481400757831468	0.05011597489342316
4.487470414034831	0.04470750540711077
4.493540070238195	0.03975935586459415
4.499609726441559	0.03524371347247612
4.505679382644923	0.031133646412104865
4.511749038848286	0.027403118020614237
4.51781869505165	0.02402699865604147
4.523888351255014	0.020981075288174906
4.529958007458378	0.018242058860128745
4.536027663661741	0.015787589470473467
4.542097319865105	0.013596239426967104
4.548166976068469	0.011647514227981976
4.554236632271833	0.009921851529678236
4.560306288475196	0.008400618159803456
4.56637594467856	0.007066105241986921
4.572445600881924	0.005901521496316131
4.578515257085288	0.004890984784673307
4.584584913288651	0.004019511970749637
4.590654569492015	0.003273007167006026
4.596724225695379	0.002638248442332256
4.602793881898743	0.002102873065081442
4.608863538102106	0.0016553613584296297
4.61493319430547	0.0012850192449937023
4.621002850508834	0.000981959559238591
4.627072506712198	0.000737082206541857
4.633142162915561	0.0005420532483829282
4.639211819118925	0.0003892829934544482
4.645281475322289	0.0002719031744966036
4.651351131525653	0.00018374329086539456
4.657420787729016	0.00011930619631825951
4.66349044393238	0.00007374301139811554
4.669560100135744	0.00004282743904258048
4.675629756339107	0.00002292956147314259
4.68169941254247	0.00001098919547962426
4.687769068745833	4.488882237325037e-6
4.693838724949197	1.4265866162622714e-6
4.699908381152561	2.8817966064226926e-7
4.705978037355925	1.97764691742189e-8
4.712047693559288	1.5652910166956668e-13
4.718117349762652	1.22408878123347e-8
4.724187005966016	2.1697717967866091e-7
4.73025666216938	1.1242247535180408e-6
4.736326318372743	3.5661762123689323e-6
4.742395974576107	8.670092704963157e-6
4.748465630779471	0.000017831506538951547
4.754535286982835	0.000032687791423170706
4.760604943186198	0.00005509215465930048
4.766674599389562	0.00008708810316895823
4.772744255592926	0.00013088443276748605
4.77881391179629	0.00018883078750000273
4.784883567999653	0.00026339383332963306
4.790953224203017	0.0003571340877550748
4.797022880406381	0.0004726834443081872
4.803092536609745	0.0006127234281399354
4.809162192813108	0.0007799642162179839
4.815231849016472	0.0009771244528829696
4.821301505219836	0.0012069118887406832
4.8273711614231996	0.00147200486821189
4.833440817626563	0.001775034688176101
4.839510473829927	0.0021185688474915938
4.845580130033291	0.002505095204465271
4.8516497862366545	0.002937007056558438
4.857719442440018	0.0034165891540509524
4.863789098643382	0.003946004656679973
4.869858754846746	0.00452728303961663
4.876444365765909	0.005218824930429458
4.883029976685074	0.005975838050198496
4.889615587604238	0.006800294124875858
4.896201198523402	0.0076939239961358935
4.902786809442566	0.008658206886916786
4.909372420361731	0.009694361190379879
4.922543642200059	0.011985808698903982
4.929129253119223	0.013242172556881688
4.9357148640383866	0.014572541011938582
4.948886085876715	0.017454317580402157
4.955471696795879	0.019004525693564575
4.962057307715043	0.020626341072452783
4.975228529553371	0.024079299361035637
4.981814140472535	0.0259070125290116
4.988399751391699	0.027799485508661802
5.001570973230027	0.031768989372766225
5.027913416906683	0.04036488889686262
5.080598304259996	0.059364821455239136
5.0871839151791605	0.06182636693166456
5.093769526098324	0.06429164631973695
5.106940747936653	0.06921403128345559
5.133283191613309	0.07888962515299391
5.139868802532472	0.0812449866704613
5.146454413451637	0.08356538861752003
5.159625635289965	0.08808276327900998
5.185968078966621	0.09649951131530023
5.192553689885784	0.09845047473139029
5.199139300804949	0.10033232673623496
5.212310522643277	0.1038743558100544
5.218896133562441	0.10552781110738632
5.2254817444816055	0.10709872758498067
5.2386529663199335	0.10998164075974168
5.245238577239098	0.11128850525363089
5.2518241881582615	0.1125025769918337
5.258409799077426	0.11362183161855377
5.26499540999659	0.11464446835604115
5.271581020915754	0.11556891269586217
5.278166631834918	0.11639381836730331
5.284752242754083	0.11711806858928038
5.291337853673246	0.11774077661487455
5.2974827866551495	0.11822965594413296
5.303627719637053	0.11862920005838636
5.309772652618956	0.11893922779295439
5.315917585600859	0.11915972908242876
5.322062518582762	0.11929086305788457
5.328207451564666	0.11933295573566426
5.334352384546569	0.11928649731076046
5.340497317528472	0.11915213906941602
5.346642250510375	0.11893068993537025
5.3527871834922784	0.1186231126653493
5.358932116474182	0.11823051971030805
5.365077049456085	0.11775416875950076
5.371221982437988	0.1171954579844674
5.377366915419891	0.11655592100173037
5.3835118484017945	0.11583722157199025
5.389656781383698	0.11504114805536522
5.395801714365601	0.11416960764156929
5.401946647347504	0.11322462037464234
5.414236513311311	0.11112291259994407
5.420381446293214	0.10997074019731827
5.426526379275117	0.10875420408217835
5.4388162452389235	0.10613807008723726
5.444961178220827	0.10474366455279457
5.45110611120273	0.10329526624120747
5.463395977166536	0.10024750875789948
5.487975709094148	0.09362747239458054
5.4941206420760516	0.09188002762337992
5.500265575057954	0.09010144122371551
5.51255544102176	0.08646252149438782
5.537135172949373	0.07893868189094279
5.586294636804599	0.06352809752967675
5.592439569786502	0.061618277921939926
5.598584502768405	0.05972002845533424
5.610874368732212	0.055966822708084646
5.635454100659825	0.04868893963763687
5.641599033641728	0.04692758229238303
5.647743966623631	0.04519270645327037
5.6600338325874375	0.041808122394228375
5.68461356451505	0.035414363584140976
5.691274452212754	0.03377473454737879
5.697935339910457	0.03217683959415818
5.711257115305864	0.029109626329483565
5.717918003003568	0.027641683029689442
5.724578890701272	0.026218228541072416
5.737900666096679	0.023506216561944057
5.744561553794382	0.02221808976747294
5.751222441492086	0.02097532008913085
5.764544216887494	0.018625538493154483
5.7712051045851975	0.017518122821594605
5.7778659922829005	0.016455265289523045
5.7911877676783075	0.014461424325933126
5.797848655376011	0.013529338410821266
5.804509543073714	0.012639615196462487
5.817831318469121	0.010984265388554643
5.824492206166825	0.010216989266563163
5.831153093864528	0.009488786699398647
5.844474869259935	0.008145733522894542
5.851135756957639	0.007528844195361625
5.857796644655342	0.00694696070511884
5.864457532353045	0.006398981079697681
5.871118420050749	0.005883778792302126
5.877779307748453	0.005400207330157471
5.884440195446157	0.004947104647710919
5.897761970841564	0.004127605589642563
5.904422858539267	0.0037588456811314744
5.9110837462369705	0.0034158353982429303
5.917744633934674	0.0030973969697352765
5.924405521632378	0.002802360750626919
5.931066409330082	0.0025295685666917606
5.937727297027785	0.002277876868031741
5.951049072423192	0.0018333113916656027
5.957709960120896	0.0016382492444992189
5.964370847818599	0.0014599157417716142
5.971031735516302	0.0012972807539724312
5.977692623214006	0.0011493434533442661
5.98435351091171	0.001015134033060192
5.991014398609413	0.0008937152184322545
5.997675286307116	0.000784183572012665
6.00433617400482	0.0006856705952611084
6.010997061702524	0.0005973436302279589
6.017657949400227	0.0005184065654916545
6.02431883709793	0.00044810035127384806
6.030979724795634	0.00038570332937966557
6.0376406124933375	0.00033053138422980976
6.044301500191041	0.00028193792187846756
6.050962387888745	0.00023931368447131635
6.057623275586448	0.00020208640812413505
6.064284163284151	0.00016972033267198002
6.070945050981855	0.0001417155721896871
6.077605938679559	0.0001176073555471566
6.084266826377263	0.00009696514661597181
6.090927714074967	0.00007939165402900919
6.09758860177267	0.00006452174062428113
6.104249489470373	0.00005202124290957428
6.110910377168077	0.000041585711011128353
6.11744946447954	0.00003308265065637535
6.123988551791003	0.00002606771277099129
6.130527639102466	0.000020328791057696347
6.137066726413929	0.000015676205423183743
6.143605813725392	0.000011941335854810383
6.150144901036855	8.97524104363262e-6
6.156683988348318	6.647270645754255e-6
6.163223075659781	4.843679871259191e-6
6.169762162971244	3.466254858568771e-6
6.176301250282707	2.4309570193189174e-6
6.18284033759417	1.6665942406627335e-6
6.189379424905633	1.1135264969041066e-6
6.195918512217096	7.224130627204218e-7
6.202457599528559	4.5300812993949755e-7
6.208996686840022	2.73011216719399e-7
6.215535774151486	1.569783192138686e-7
6.22207486146295	8.529929736489542e-8
6.228613948774413	4.3246507597350255e-8
6.235153036085876	2.0099199865724503e-8
6.241692123397339	8.347686017572503e-9
6.248231210708802	2.980763425365557e-9
6.254770298020265	8.593445177324777e-10
6.261309385331728	1.7870150314585217e-10
6.267848472643191	2.1188586997091312e-11
6.274387559954654	7.536715699894004e-13
6.280926647266117	2.1539323247362187e-16
6.28746573457758	9.957071606290894e-15
6.294004821889043	2.5908687999108846e-12
6.300543909200506	4.407427706465528e-11
6.307082996511969	2.9925280903634113e-10
6.313622083823432	1.2735288870203257e-9
6.320161171134895	4.080834042893379e-9
6.326700258446358	1.0804384437647945e-8
6.333239345757821	2.4936859672428006e-8
6.339778433069284	5.189613219444825e-8
6.346317520380747	9.961223520114229e-8
6.35285660769221	1.7918083970589923e-7
6.359395695003673	3.055781180238251e-7
6.365934782315136	4.984315029430629e-7
6.3724738696265995	7.828405107183327e-7
6.3790129569380625	1.1902414832057717e-6
6.3855520442495255	1.7593098211276614e-6
6.3920911315609885	2.5368930276694885e-6
6.3986302188724515	3.5789676608221225e-6
6.405169306183915	4.951613103718626e-6
6.411708393495378	6.7319949082567635e-6
6.418247480806841	9.009350344220461e-6
6.4247865681183045	0.000011885968701132064
6.431325655429768	0.00001547815883670868
6.437864742741231	0.000019917196448658734
6.4444038300526945	0.000025350243565932942
6.4509429173641575	0.000031941232806622136
6.4574820046756205	0.00003987170903946331
6.4640210919870835	0.00004934162120649136
6.4705601792985465	0.000060570057223037064
6.47709926661001	0.00007379591505962065
6.483638353921473	0.00008927850333397297
6.490177441232936	0.00010729806499561779
6.496716528544399	0.00012815621797266136
6.503255615855862	0.0001521763069641863
6.509794703167325	0.00017970366090869834
6.516333790478788	0.00021110575102887836
6.522872877790251	0.00024677224475035966
6.529411965101714	0.00028711495121838313
6.5355103744759155	0.0003293348497707451
6.541608783850118	0.0003763678833252524
6.547707193224321	0.0004285990587107238
6.553805602598523	0.0004864291555987504
6.5599040119727245	0.0005502742865778647
6.566002421346927	0.0006205653757524126
6.57210083072113	0.0006977475552952808
6.578199240095332	0.000782279479729905
6.5842976494695336	0.0008746325579995348
6.590396058843736	0.0009752901037346473
6.596494468217939	0.0010847464044413263
6.602592877592141	0.0012035057106609328
6.608691286966343	0.0013320811464752403
6.614789696340544	0.0014709935430657062
6.626986515088949	0.0017819435579878222
6.633084924463152	0.0019550498415861657
6.639183333837353	0.0021406275817746267
6.645281743211555	0.002339216114712578
6.651380152585757	0.002551354004417147
6.657478561959959	0.0027775774118077635
6.6635769713341615	0.003018418411596402
6.675773790082566	0.003546050627665341
6.681872199456768	0.0038338697734590773
6.6879706088309705	0.004138358712934308
6.700167427579375	0.004799270523096553
6.706265836953577	0.005156616212118774
6.7123642463277795	0.005532473496189654
6.724561065076184	0.006341353382558545
6.730659474450386	0.006775132563986463
6.7367578838245885	0.007228932674836021
6.748954702572993	0.008197809527450039
6.755053111947195	0.008713415681058738
6.7611515213213975	0.009250097978052759
6.773348340069802	0.010387370295713428
6.779446749444004	0.010988205064334119
6.7855451588182065	0.011610602283154732
6.797741977566611	0.012920122351447938
6.822135615063419	0.015795830635965125
6.828234024437622	0.016567218441931982
6.834332433811824	0.017359048965894686
6.846529252560227	0.01900255246274402
6.870922890057036	0.022515637586451257
6.919710165050654	0.03029609844929262
6.926324529140657	0.031409824387627586
6.932938893230659	0.032533480851420736
6.946167621410664	0.034804587762952775
6.972625077770674	0.039396910163124285
6.979239441860677	0.04054546242622585
6.985853805950679	0.04169061196192058
6.999082534130684	0.04396323236492668
7.025539990490695	0.04838401245577704
7.0321543545806975	0.049451873258836945
7.038768718670701	0.05050085297816493
7.051997446850706	0.05253427912937845
7.058611810940708	0.05351480497649027
7.065226175030711	0.05446861897468615
7.078454903210716	0.05628849052200129
7.085069267300718	0.057150814470612564
7.091683631390721	0.05797896988866261
7.104912359570726	0.05952575934414562
7.111526723660728	0.06024101440893595
7.118141087750731	0.06091535310125314
7.131369815930736	0.06213519870029905
7.137984180020738	0.06267784224177506
7.144598544110741	0.06317385182961502
7.151212908200743	0.06362199405327686
7.157827272290746	0.06402112245475855
7.164441636380748	0.06437018147493563
7.171056000470751	0.06466821018569562
7.177670364560753	0.06491434579317511
7.184284728650756	0.06510782689844963
7.190899092740758	0.06524799650247502
7.197513456830761	0.06533430474257758
7.204127820920763	0.06536631134881238
7.210742185010766	0.06534368780905847
7.217356549100768	0.06526621923254962
7.223970913190771	0.06513380590251139
7.230585277280774	0.06494646450930987
7.237199641370776	0.0647043290564531
7.243814005460779	0.06440765143301606
7.250428369550782	0.06405680164680375
7.257042733640785	0.06365226771348681
7.263657097730787	0.0631946551983534
7.27027146182079	0.06268468640834944
7.276885825910792	0.06212319923282724
7.290114554090797	0.06084958978056512
7.2967289181808	0.06013970584909869
7.303343282270802	0.059382775458916084
7.316572010450807	0.05773342131365314
7.32318637454081	0.05684407031050521
7.329800738630812	0.055913810915377914
7.343029466810817	0.05393772750164114
7.349203152963559	0.052966176238305795
7.355376839116301	0.05196545917030157
7.367724211421784	0.0498833204205796
7.392418956032751	0.045446313776789427
7.441808445254684	0.03590828999453413
7.447982131407425	0.034692126474712634
7.454155817560167	0.03347720791142138
7.46650318986565	0.03105878829408848
7.491197934476617	0.026319634991616655
7.497371620629359	0.025165566822348166
7.5035453067821	0.024027148124463372
7.5158926790875835	0.021803524323033015
7.54058742369855	0.017609241796546188
7.546761109851293	0.016620872052347607
7.552934796004034	0.015658836773773686
7.565282168309517	0.013817597819535603
7.571455854462259	0.012940085059083327
7.577629540615001	0.012092284764537695
7.589976912920484	0.010488183291352005
7.596150599073226	0.00973282478783487
7.602324285225968	0.009009062703973326
7.614671657531451	0.007657153699716283
7.620845343684192	0.007029179159426393
7.627019029836934	0.006433147066337385
7.639366402142417	0.005336214022946737
7.645540088295158	0.004834735592904425
7.6517137744479005	0.004364048706884397
7.657887460600642	0.003923644986759686
7.664061146753383	0.003512933079339986
7.670234832906125	0.00313124191064334
7.6764085190588665	0.0027778242854600917
7.682582205211608	0.002451860828013504
7.68875589136435	0.00215246425867149
7.694929577517092	0.0018786840006661555
7.701103263669833	0.0016295111097547278
7.707276949822575	0.00140388351881342
7.713450635975317	0.0012006915883591696
7.719624322128059	0.0010187839529697516
7.7257980082808	0.0008569736527579519
7.7319716944335415	0.0007140445379516982
7.738145380586284	0.0005887579338168529
7.744835021454826	0.0004714609238912914
7.751524662323368	0.0003717990909072924
7.7582143031919095	0.00028816517726348775
7.7649039440604515	0.00021896259290236672
7.771593584928993	0.00016261703560056784
7.778283225797535	0.00011758837136640514
7.784972866666077	0.00008238274195388884
7.791662507534619	0.00005556486515133207
7.798352148403161	0.000035770492314268824
7.805041789271703	0.000021718986413258808
7.811731430140245	0.000012225982840035866
7.818421071008787	6.216094230449256e-6
7.825110711877329	2.7356196860929586e-6
7.831800352745871	9.652180244873856e-7
7.838489993614413	2.3250399565399603e-7
7.845179634482956	2.4525868349245453e-8
7.851869275351499	8.232362990656673e-11
7.858558916220041	1.8362695656963086e-9
7.865248557088583	6.818296744395454e-8
7.871938197957125	4.4482976216828774e-7
7.8786278388256665	1.5960447286417146e-6
7.8853174796942085	4.215531687362937e-6
7.89200712056275	9.236889308700507e-6
7.898696761431292	0.0000178436124083117
7.905386402299834	0.00003147859405928478
7.912076043168376	0.00005185308776342615
7.918765684036918	0.00008095508971240176
7.92545532490546	0.00012105710203161511
7.932144965774002	0.00017472323891175355
7.938834606642544	0.00024481563867411284
7.945524247511086	0.0003345001460534766
7.952213888379628	0.0004472512303624062
7.95890352924817	0.0005868561066484103
7.965593170116712	0.0007574180286327607
7.972282810985254	0.0009633587238570009
7.978972451853796	0.001209419943222533
7.985662092722338	0.0015006640992937259
7.99235173359088	0.0018424739693698457
7.999041374459422	0.0022405514417469722
8.005731015327964	0.002700915285716706
8.012420656196506	0.003229897928041642
8.019110297065048	0.0038341412212060397
8.02579993793359	0.004520591190972763
8.032489578802132	0.005296491753565823
8.039179219670674	0.0061693773950667495
8.045868860539215	0.007147064808579928
8.052558501407757	0.008237643487173318
8.0592481422763	0.009449465273492176
8.065937783144841	0.0107911328696488
8.072627424013383	0.012271487313772911
8.079317064881925	0.01389959443269065
8.086006705750467	0.015684730282607008
8.09269634661901	0.017636365592943307
8.099385987487551	0.019764149231440507
8.112765269224635	0.024587541759703683
8.119454910093177	0.027303176989022883
8.126144550961719	0.03023497367428254
8.132834191830261	0.03339319069472823
8.139523832698803	0.036788146658886495
8.146213473567345	0.04043019725551609
8.152903114435887	0.044329711869891535
8.166282396172972	0.05294253407269196
8.172850236655275	0.05758759950802278
8.179418077137576	0.06252030116439225
8.192553758102179	0.07328659679060966
8.19912159858448	0.07913883608828011
8.205689439066782	0.08531595236865747
8.218825120031386	0.09868004017572707
8.225392960513688	0.10588402456559069
8.231960800995989	0.11344686024918088
8.245096481960593	0.12967991865387432
8.251664322442895	0.13836470140908952
8.258232162925196	0.14743740441186645
8.271367843889799	0.1667713726408865
8.2779356843721	0.17704392965992402
8.2845035248544	0.18772694162873504
8.297639205819005	0.21034151168451395
8.304207046301308	0.2222803136529931
8.310774886783609	0.23464401365018192
8.32391056774821	0.260654194923684
8.330478408230512	0.27430315964610186
8.337046248712813	0.28838195073847883
8.350181929677417	0.31782670826407333
8.376453291606623	0.3818093292775913
8.383021132088924	0.3988459461484847
8.389588972571225	0.4162890469295635
8.402724653535829	0.4523687244164224
8.428996015465035	0.5290760388884487
8.481538739323447	0.6982085545188365
8.586624187040272	1.069445561676583
8.592751349585313	1.0910396753918432
8.598878512130353	1.1124996037469743
8.611132837220435	1.1549308312550668
8.635641487400598	1.2372290624510867
8.64176864994564	1.257141502462235
8.64789581249068	1.2767451572866688
8.66015013758076	1.3149385601541794
8.684658787760922	1.3866634106373248
8.690785950305962	1.403499098890942
8.696913112851004	1.4198548957657686
8.709167437941083	1.4510458284181331
8.715294600486125	1.4658413578642122
8.721421763031165	1.480077846918961
8.733676088121246	1.506799079035053
8.739803250666288	1.5192477109595468
8.745930413211328	1.5310651411359122
8.752057575756368	1.5422346514892271
8.75818473830141	1.5527401119983806
8.764311900846451	1.5625660092563691
8.77043906339149	1.5716974743716254
8.77656622593653	1.5801203101524894
8.782693388481572	1.587821017531719
8.788820551026614	1.5947868211747833
8.794947713571654	1.6010056942294937
8.801074876116694	1.6064663821643994
8.807202038661735	1.611158425655845
8.813329201206777	1.6150721824736545
8.819456363751817	1.6181988483250662
8.825583526296857	1.6205304766158117
8.831710688841898	1.6220599970860081
8.83783785138694	1.6227812332840852
8.84396501393198	1.6226889188426563
8.85009217647702	1.6217787125185437
8.856219339022061	1.6200472119683582
8.862346501567103	1.6174919662246423
8.868473664112143	1.6141114868454336
8.874600826657183	1.6099052577120316
8.880727989202224	1.6048737434459344
8.886855151747266	1.5990183964269482
8.892982314292306	1.5923416623898412
8.899109476837346	1.5848469845825806
8.905236639382387	1.576538806467919
8.911363801927429	1.5674225729595999
8.917490964472469	1.5575047301809533
8.92974528956255	1.5352949954676114
8.935872452107592	1.523020978781192
8.941999614652632	1.5099810923847616
8.954253939742713	1.48165026415573
8.960381102287753	1.4663850094979047
8.966508264832793	1.450405236630424
8.978762589922875	1.4163638528526192
8.985405707183716	1.3967873884135997
8.992048824444556	1.3764506942557058
9.005335058966239	1.3335939734719433
9.031907528009604	1.2398916745799031
9.038550645270446	1.2149692057801413
9.045193762531287	1.189509339266664
9.058479997052968	1.1371073353000443
9.085052466096332	1.0273277417739324
9.091695583357174	0.9990530167856344
9.098338700618015	0.9705196454583429
9.111624935139696	0.9128274404164316
9.13819740418306	0.7960141046887588
9.191342342269788	0.5653873216554554
9.19798545953063	0.5375961306803472
9.204628576791471	0.5101618953081235
9.217914811313152	0.4565109114540692
9.244487280356516	0.3550706457192811
9.251130397617358	0.3311299947275032
9.257773514878199	0.30782180631508926
9.27105974939988	0.26322484471505103
9.277702866660722	0.24199456235962136
9.284345983921561	0.22151363143613628
9.297632218443244	0.1829047225638008
9.304275335704085	0.16482623270261948
9.310918452964927	0.14759599286559336
9.317561570225767	0.1312356149456281
9.324204687486608	0.11576539558068177
9.33084780474745	0.10120428494358413
9.33749092200829	0.08756985783254444
9.350777156529972	0.0631443195641839
9.357420273790813	0.05238125414923005
9.364063391051655	0.04260092278437055
9.370706508312495	0.03381367360062513
9.377349625573336	0.026028356748707945
9.383992742834177	0.019252312761598504
9.390635860095017	0.013491363493534754
9.397278977355858	0.00874980564781946
9.4039220946167	0.005030406901078586
9.41012453394028	0.002481552060932177
9.41632697326386	0.0008246391183151553
9.42252941258744	0.00005831269694115816
9.42873185191102	0.000180062620630822
9.434934291234601	0.0011862300309236065
9.441136730558181	0.0030720151887677766
9.447339169881761	0.005831486944308455
9.453541609205342	0.00945759385604032
9.459744048528922	0.01394217693789181
9.465946487852502	0.019275984010095965
9.472148927176082	0.02544868562718293
9.478351366499663	0.03244889255371583
9.484553805823243	0.04026417475601503
9.490756245146823	0.048881081875621915
9.496958684470403	0.058285165147859475
9.503161123793982	0.06846100072653498
9.50936356311756	0.07939221437361106
9.51556600244114	0.09106150747064501
9.5279708810883	0.11654068059285602
9.534173320411881	0.1303115931624406
9.540375759735461	0.14474271079137221
9.552780638382622	0.17549886847750365
9.558983077706202	0.19177873796236042
9.565185517029782	0.208628540043832
9.577590395676943	0.24394032584960731
9.602400152971263	0.32029767179833135
9.608602592294844	0.340426804827116
9.614805031618424	0.3609170981260687
9.627209910265584	0.4028688765661022
9.652019667559905	0.4898572181985076
9.701639182148547	0.6696735542801143
9.707841621472127	0.6921330778133934
9.714044060795707	0.7144937463970018
9.726448939442868	0.7588077068963399
9.751258696737189	0.8450516424682265
9.757461136060769	0.8659639172979567
9.76366357538435	0.8865665761719957
9.77606845403151	0.9267472721983954
9.800878211325829	1.002375023986888
9.806958850263168	1.0198264772771002
9.81303948920051	1.0368130831081088
9.825200767075188	1.0693224287483911
9.831281406012527	1.0848123463917168
9.837362044949867	1.0997718031386208
9.849523322824545	1.1280421040810233
9.855603961761885	1.141326310313855
9.861684600699224	1.1540268007460357
9.873845878573904	1.1776322699188746
9.879926517511244	1.1885171310066518
9.886007156448585	1.1987780519505593
9.898168434323264	1.2173970262091813
9.904249073260603	1.2257416576920335
9.910329712197942	1.23343550635313
9.916410351135283	1.2404739631167627
9.922490990072623	1.24685325626371
9.928571629009962	1.2525704476883721
9.934652267947303	1.2576234279842955
9.940732906884643	1.2620109103717927
9.946813545821982	1.2657324234931178
9.952894184759321	1.268788303093172
9.95897482369666	1.2711796826125972
9.965055462634	1.2729084827173438
9.97113610157134	1.2739773997929011
9.977216740508679	1.2743898934304556
9.983297379446018	1.274150172934921
9.98937801838336	1.2732631828879368
9.995458657320698	1.2717345877960404
10.001539296258038	1.2695707558586864
10.007619935195379	1.266778741891661
10.013700574132718	1.2633662694396564
10.019781213070058	1.2593417121194443
10.025861852007397	1.2547140742237042
10.031942490944736	1.2494929706331015
10.038023129882076	1.243688606070425
10.044103768819415	1.2373117537367835
10.050184407756754	1.2303737333742357
10.056265046694094	1.2228863887931796
10.068426324568774	1.206313584315106
10.074506963506114	1.1972542234816435
10.080587602443455	1.187697688543607
10.092748880318133	1.1671499219198633
10.098829519255473	1.156188028913627
10.104910158192812	1.1447875889109178
10.117071436067492	1.1207332746750158
10.141393991816852	1.0680605641073382
10.147474630754191	1.0540376375456109
10.15355526969153	1.0397064080757052
10.165716547566209	1.01018712499364
10.190039103315568	0.9482007641214565
10.196635696968709	0.9308233705160408
10.203232290621848	0.9132458287383783
10.216425477928128	0.8775766009366597
10.242811852540688	0.8047750433579834
10.295584601765809	0.6578288650874335
10.30218119541895	0.639700290609829
10.308777789072089	0.6216823138868321
10.321970976378369	0.5860408851962171
10.348357350990929	0.5167441772548913
10.401130100216049	0.38886619351672375
10.40772669386919	0.3740827159417788
10.414323287522329	0.3595925954287148
10.427516474828609	0.3315167154908778
10.45390284944117	0.279118676972301
10.46049944309431	0.2668227056337864
10.46709603674745	0.25485323152648764
10.48028922405373	0.23189951981900964
10.50667559866629	0.18994399563728065
10.51327219231943	0.18027490694549037
10.51986878597257	0.17093064749845566
10.53306197327885	0.15320693634745366
10.53965856693199	0.14482162569260465
10.54625516058513	0.13674946158572585
10.55944834789141	0.12152875549034964
10.56604494154455	0.11437146599358204
10.57264153519769	0.10750986531309022
10.58583472250397	0.09465294912596911
10.59243131615711	0.08864659232851246
10.59902790981025	0.08291387970583725
10.61222109711653	0.07224485090508703
10.618377012832408	0.06761860918428743
10.624532928548287	0.06320892237056125
10.636844759980047	0.05501724306249091
10.643000675695927	0.05122404891762364
10.649156591411804	0.047625031496335075
10.661468422843562	0.040986440046676544
10.667624338559442	0.037935228691457615
10.673780254275322	0.03505494263789752
10.679936169991201	0.032339721063820236
10.68609208570708	0.02978370618193803
10.692248001422957	0.027381053809009067
10.698403917138837	0.02512594360256352
10.710715748570596	0.021035246518684155
10.716871664286476	0.019188225394563715
10.723027580002356	0.017465895902469906
10.729183495718235	0.01586269799653409
10.735339411434113	0.014373149274468125
10.741495327149991	0.012991852588504757
10.74765124286587	0.011713503249984087
10.75996307429763	0.009444930501943356
10.76611899001351	0.008444619073809
10.772274905729388	0.007527090456951534
10.778430821445266	0.006687595821631765
10.784586737161145	0.005921513288448391
10.790742652877025	0.005224352206605662
10.796898568592905	0.004591757013648434
10.803054484308785	0.004019510679131277
10.809210400024662	0.003503537735630432
10.81536631574054	0.0030399069012916288
10.82152223145642	0.0026248332989093777
10.8276781471723	0.0022546802773556417
10.83383406288818	0.0019259608418173229
10.83998997860406	0.0016353387001385392
10.846145894319937	0.0013796289330928557
10.852301810035815	0.001155798297287797
10.858457725751695	0.0009609651697561212
10.864613641467574	0.0007923991441457531
10.870769557183454	0.0006475202887655967
10.876925472899334	0.0005238980774273545
10.883081388615212	0.00041925000437769165
10.88923730433109	0.0003314398952159254
10.89539322004697	0.00025847592594943
10.90154913576285	0.00019850836289059162
10.907705051478729	0.00014982703630424295
10.913860967194609	0.00011085856113075974
10.920016882910488	0.00008016331830969583
10.926172798626368	0.00005643221053823566
10.932328714342246	0.000038483206442236926
10.938484630058124	0.000025257687344283238
10.944640545774003	0.00001581661092813534
10.950796461489883	9.336506203167674e-6
10.956952377205763	5.1053142291467085e-6
10.963108292921643	2.518089092210462e-6
10.96926420863752	1.0725736136389352e-6
10.975420124353398	3.646642340840364e-7
10.981576040069278	8.377944329297721e-8
10.987731955785158	8.146016861791622e-9
10.993887871501038	1.7189284035605923e-11
11.000043787216917	8.367225283080546e-10
11.006199702932795	2.6362634523116347e-8
11.012871573364475	1.8238081903147625e-7
11.019543443796154	6.622729163262174e-7
11.026215314227834	1.741382571086598e-6
11.032887184659513	3.7693607656233067e-6
11.039559055091193	7.162878141057797e-6
11.046230925522872	0.000012398401416064482
11.052902795954552	0.00002000505417051283
11.059574666386231	0.00003055758149882789
11.06624653681791	0.00004466943724096553
11.07291840724959	0.00006298601166227459
11.07959027768127	0.00008617801658238012
11.086262148112949	0.00011493504406642858
11.092934018544629	0.00014995931385371964
11.099605888976308	0.00019195962376347472
11.106277759407988	0.00024164551634867613
11.112949629839667	0.00029972167408289755
11.119621500271347	0.00036688255436092843
11.126293370703026	0.0004438072746036885
11.132965241134706	0.0005311547567150887
11.139637111566385	0.0006295591391458811
11.146308981998065	0.0007396254637793238
11.152980852429744	0.0008619256438213826
11.159652722861424	0.0009969947179017708
11.166324593293103	0.0011453273945285147
11.172996463724783	0.0013073748900782327
11.179668334156462	0.0014835420625087126
11.186340204588141	0.00167418484198884
11.193012075019821	0.0018796079586989567
11.1996839454515	0.002100062967131203
11.20635581588318	0.0023357465652990906
11.219699556746539	0.0028533039991963166
11.226371427178218	0.0031352858942372357
11.233043297609898	0.0034327111487136653
11.246387038473257	0.004073462005326284
11.253058908904936	0.004416425644883716
11.259730779336616	0.0047741095071498554
11.273074520199975	0.005532278023293449
11.279746390631654	0.005931942981873673
11.286418261063334	0.006344691438876837
11.299762001926693	0.007207215650997561
11.32644948365341	0.009062115313055704
11.33312135408509	0.00954857484711226
11.33979322451677	0.010042489742136253
11.353136965380129	0.011049136335605189
11.379824447106847	0.01311134604215688
11.433199410560283	0.017206584222869022
11.439749480605723	0.017686858982493853
11.446299550651162	0.018159016705927435
11.459399690742039	0.019075299619437883
11.465949760787478	0.01951763368812836
11.472499830832916	0.019948273420671615
11.485599970923793	0.020771158128510502
11.492150040969232	0.0211618201361922
11.49870011101467	0.02153762597555401
11.51180025110555	0.022241866977234775
11.51835032115099	0.02256899277480437
11.524900391196429	0.02287864677807237
11.538000531287306	0.02344335625906259
11.544550601332745	0.02369742550904776
11.551100671378183	0.02393205251556433
11.557650741423622	0.02414685377545854
11.564200811469062	0.024341490940553864
11.570750881514503	0.02451567132520426
11.577300951559941	0.02466914827248913
11.58385102160538	0.024801721380200908
11.590401091650818	0.024913236587958534
11.596951161696257	0.025003586127244407
11.603501231741696	0.02507270833681363
11.610051301787134	0.025120587345908288
11.616601371832575	0.02514725262851015
11.623151441878015	0.025152778431882055
11.629701511923454	0.025137283083300883
11.636251581968892	0.025100928178888923
11.642801652014331	0.025043917659033826
11.64935172205977	0.024966496775058293
11.655901792105208	0.024868950952044118
11.662451862150647	0.02475160455301621
11.669001932196087	0.024614819549860233
11.675552002241528	0.024458994106686966
11.682102072286966	0.024284561081333193
11.688652142332405	0.024091986450991507
11.695202212377843	0.023881767668113524
11.701752282423282	0.023654431952745195
11.70830235246872	0.0234105345276402
11.7214024925596	0.022875404513689006
11.72795256260504	0.022585405826321573
11.734502632650479	0.022281309404334447
11.747602772741356	0.02163350876021958
11.754152842786795	0.021291186681562477
11.760702912832233	0.020937527178022056
11.773803052923112	0.0201990907549304
11.800003333104868	0.018618384888604712
11.85240389346838	0.015207210743423556
11.85851328557656	0.014800753470322442
11.864622677684737	0.014394425866479892
11.876841461901094	0.013584236241372404
11.901279030333807	0.011987455012871724
11.907388422441986	0.01159585554893039
11.913497814550164	0.011208146146322793
11.92571659876652	0.010445958416559938
11.950154167199232	0.008984381115230792
11.95626355930741	0.008633901570272924
11.962372951415588	0.008289937386138233
11.974591735631943	0.0076224952784484
11.999029304064656	0.006375029954088162
12.005138696172835	0.006082288380610018
12.011248088281013	0.005797432948395187
12.02346687249737	0.005251704412159063
12.047904440930083	0.00425745553531049
12.054013833038262	0.004029215195150887
12.06012322514644	0.003809064062290794
12.072342009362796	0.0033928321169657293
12.078451401470973	0.003196618434570418
12.08456079357915	0.0030082294942638216
12.096779577795507	0.002654523474425142
12.102888969903685	0.0024889775679181403
12.108998362011864	0.002330800123520851
12.121217146228219	0.002035986240410034
12.127326538336398	0.001899046909830963
12.133435930444575	0.0017688716580056912
12.145654714660932	0.001528131615243945
12.151764106769111	0.0014172121885319803
12.157873498877288	0.0013123489279375468
12.163982890985466	0.0012133538072429276
12.170092283093645	0.0011200357014513192
12.176201675201824	0.0010322010236066808
12.182311067310001	0.0009496543456172232
12.194529851526358	0.0007996376722503042
12.200639243634537	0.000731772949187999
12.206748635742715	0.0006684078776210475
12.212858027850892	0.0006093464766647027
12.218967419959071	0.0005543942360329933
12.225076812067249	0.0005033585882898242
12.231186204175426	0.00045604935584782195
12.243404988391783	0.00037186387552440043
12.250030335215762	0.00033161748261777
12.256655682039739	0.000294879156797324
12.263281028863718	0.0002614296801233158
12.269906375687697	0.00023105613401177096
12.276531722511674	0.00020355227552090692
12.283157069335653	0.0001787188684089229
12.289782416159632	0.0001563639692700406
12.296407762983609	0.00013630316923141276
12.303033109807588	0.00011835979188044722
12.309658456631567	0.0001023650482595417
12.316283803455544	0.00008815814993882831
12.322909150279523	0.00007558638132824279
12.329534497103502	0.00006450513254918775
12.33615984392748	0.00005477789432348471
12.342785190751458	0.00004627621647502585
12.349410537575437	0.00003887963176224357
12.356035884399416	0.000032475546873906874
12.362661231223395	0.00002695910252949212
12.369286578047372	0.000022233004714299818
12.375911924871351	0.000018207329169666158
12.38253727169533	0.000014799301326838198
12.389162618519308	0.000011933053939487567
12.395787965343287	9.539364717647108e-6
12.402413312167266	7.555376308736646e-6
12.409038658991244	5.924300998468899e-6
12.415664005815223	4.5951125228337605e-6
12.4222893526392	3.522227388580514e-6
12.42891469946318	2.6651780953161383e-6
12.435540046287159	1.988280636640659e-6
12.442165393111136	1.4602986316513044e-6
12.448790739935115	1.0541064012072182e-6
12.455416086759094	7.463532567295052e-7
12.462041433583073	5.171312117241211e-7
12.468666780407052	3.496482601543844e-7
12.475292127231029	2.2990928959689034e-7
12.481917474055008	1.4640661233748177e-7
12.488542820878987	8.982200461594989e-8
12.495168167702964	5.274204285854891e-8
12.501793514526943	2.9388417315049774e-8
12.508418861350922	1.536478792893823e-8
12.515044208174901	7.421625410313384e-9
12.52166955499888	3.2403527311175225e-9
12.528294901822857	1.2379693775888206e-9
12.534920248646836	3.932031121983613e-10
12.541545595470815	9.509248583990528e-11
12.548170942294792	1.4758453586461566e-11
12.554796289118771	9.758639415806632e-13
12.56142163594275	5.958941938485738e-15
12.56804698276673	8.992034763160274e-18
12.574672329590708	1.3247037963578388e-13
12.581297676414685	4.470264284352632e-12
12.587923023238664	4.043359521338339e-11
12.594548370062643	2.0155381366914436e-10
12.60117371688662	7.140858333110585e-10
12.6077990637106	2.026887181332595e-9
12.614424410534578	4.92383351822759e-9
12.621049757358557	1.0657902032014398e-8
12.627675104182536	2.110592008194717e-8
12.634300451006514	3.894284744260631e-8
12.640925797830493	6.783433698374111e-8
12.647551144654471	1.1264620125163124e-7
12.654176491478449	1.796693015755501e-7
12.660801838302428	2.7685827262326176e-7
12.667427185126407	4.1408239910998107e-7
12.673611854013124	5.889026244309935e-7
12.679796522899842	8.207966809491852e-7
12.68598119178656	1.123531418634676e-6
12.692165860673278	1.5131254579459406e-6
12.698350529559995	2.008050048989931e-6
12.704535198446713	2.629430541694129e-6
12.710719867333431	3.4012471651263913e-6
12.716904536220149	4.350533799164125e-6
12.723089205106866	5.507573412136765e-6
12.729273873993584	6.906088833699047e-6
12.735458542880302	8.583427533840869e-6
12.74164321176702	0.000010580739085286513
12.747827880653738	0.000012943143999862425
12.754012549540455	0.000015719892646101265
12.760197218427173	0.0000189645129796753
12.766381887313889	0.00002273494584647785
12.772566556200605	0.000027093666652603593
12.778751225087323	0.000032107792234386454
12.78493589397404	0.000037849171806298886
12.791120562860758	0.000044394460913887103
12.797305231747476	0.000051825177372769805
12.803489900634194	0.00006022773823422363
12.809674569520912	0.00006969347688102103
12.81585923840763	0.00008031863942283083
12.822043907294347	0.00009220435963688409
12.828228576181065	0.00010545661176843994
12.834413245067783	0.00012018614059117145
12.8405979139545	0.0001365083682044173
12.846782582841218	0.00015454327713357047
12.852967251727936	0.00017441526938613783
12.859151920614654	0.0001962530012049925
12.865336589501371	0.00022018919335921243
12.87152125838809	0.0002463604168969351
12.877705927274807	0.00027490685439372526
12.883890596161525	0.0003059720368136617
12.890075265048242	0.0003397025562113138
12.89625993393496	0.00037624775459223767
12.902444602821678	0.000415759389350377
12.914813940595113	0.0005042989074478513
12.920998609481831	0.0005536390546209029
12.927183278368549	0.0006065693424295277
12.933367947255267	0.0006632478087959259
12.939552616141984	0.0007238324436540336
12.945737285028702	0.0007884807103671629
12.95192195391542	0.0008573490505504048
12.964291291688854	0.001008363531943718
12.97047596057557	0.0010908127844261773
12.976660629462287	0.0011780872476646184
12.989029967235723	0.0013676812088922023
12.99521463612244	0.0014702741731294352
13.001399305009159	0.001578238132655697
13.013768642782594	0.0018107641027461229
13.019953311669312	0.0019355516379493207
13.02613798055603	0.002066160063608877
13.038507318329465	0.0023452033854993322
13.063245993876336	0.002976615593930748
13.069308862376813	0.003146568386786596
13.07537173087729	0.0033225636603978308
13.087497467878244	0.0036926994533422915
13.111748941880153	0.004504991026608447
13.11781181038063	0.004722801281082888
13.123874678881108	0.004946361483483689
13.136000415882062	0.005410330832195736
13.16025188988397	0.006402060064320176
13.166314758384447	0.006662362543863743
13.172377626884924	0.006927239830039709
13.184503363885879	0.007469856848011247
13.208754837887788	0.008599715407016107
13.257257785891605	0.010972147476183202
13.263320654392082	0.011272654984204353
13.26938352289256	0.011572786953809108
13.281509259893514	0.012170314985173814
13.305760733895422	0.013342801816689592
13.311823602395899	0.013628741130296572
13.317886470896376	0.013910943015105993
13.330012207897331	0.014462391576285986
13.35426368189924	0.015501293664558519
13.360326550399718	0.01574517610796173
13.366389418900194	0.015981876215143822
13.378515155901148	0.016432086365677587
13.384578024401625	0.01664479403793721
13.390640892902102	0.0168487165853735
13.402766629903057	0.01722870686255702
13.408829498403534	0.0174040536686691
13.414892366904013	0.017569175365688246
13.42095523540449	0.017723744449647836
13.427018103904967	0.017867448208494976
13.433080972405444	0.017999989579272388
13.43914384090592	0.018121087978137978
13.445206709406397	0.01823048010061851
13.451269577906874	0.018327920689606928
13.457848401123151	0.018419870113797407
13.46442722433943	0.0184972175810307
13.471006047555708	0.018559727701731737
13.477584870771985	0.01860719398941421
13.484163693988261	0.018639439705797938
13.49074251720454	0.018656318630217727
13.497321340420818	0.018657715750058396
13.503900163637095	0.018643547868911946
13.510478986853371	0.018613764129534603
13.51705781006965	0.018568346448809503
13.523636633285928	0.01850730986231016
13.530215456502205	0.01843070277612501
13.536794279718482	0.018338607124035972
13.54337310293476	0.018231138428405562
13.549951926151039	0.018108445763231736
13.556530749367315	0.017970711618477984
13.563109572583592	0.017818151664706475
13.56968839579987	0.017651014417619338
13.576267219016149	0.017469580802389608
13.582846042232426	0.017274163617844118
13.589424865448702	0.01706510690108215
13.59600368866498	0.016842785193311664
13.609161335097536	0.016359992403503346
13.615740158313812	0.016100414959885494
13.622318981530091	0.015829357665687067
13.635476627962646	0.015254878409686074
13.661791920827755	0.013992256600627997
13.668370744044033	0.013656445524449123
13.67494956726031	0.01331384896755064
13.688107213692863	0.012610962175785214
13.714422506557973	0.0111535681313767
13.767053092288194	0.008187936257763328
13.77363191550447	0.007825749139581614
13.780210738720749	0.007467607252745094
13.793368385153304	0.006765845092513338
13.819683678018414	0.005435859694076449
13.826262501234691	0.00512160822861234
13.83284132445097	0.004815545227666454
13.845998970883524	0.00422951979346995
13.872314263748635	0.0031707476950052858
13.878452409027652	0.002946826659524388
13.88459055430667	0.0027319227933925434
13.896866844864702	0.0023295099835663503
13.903004990143717	0.0021421025090946136
13.909143135422735	0.001963915275398048
13.921419425980769	0.0016350979917310769
13.927557571259786	0.0014843480247873641
13.933695716538802	0.0013425794202307213
13.939833861817817	0.0012096664059036797
13.945972007096834	0.001085458112716089
13.952110152375852	0.0009697794213317368
13.958248297654869	0.0008624319140696702
13.970524588212902	0.00067182673197773
13.976662733491917	0.0005880657554270492
13.982800878770934	0.0005116319856588106
13.988939024049952	0.0004422284136070349
13.995077169328969	0.00037954259686717837
14.001215314607986	0.00032324831397855924
14.007353459887002	0.0002730073106016304
14.013491605166017	0.00022847113463274237
14.019629750445034	0.00018928305694726334
14.025767895724051	0.00015508007420722444
14.031906041003069	0.00012549498988408686
14.038044186282086	0.00010015856935538238
14.044182331561101	0.00007870176467868233
14.050320476840117	0.000060758004375497614
14.056458622119134	0.000045965543290859625
14.062596767398151	0.00003396986736598607
14.068734912677169	0.00002442614790220633
14.074873057956186	0.0000170017396668545
14.081011203235201	0.000011378716983024335
14.087149348514217	7.256441723780625e-6
14.093287493793234	4.354156936242114e-6
14.099425639072251	2.4135996368047796e-6
14.105563784351268	1.2016261504332303e-6
14.111701929630286	5.128431970837041e-7
14.117840074909301	1.722377941008871e-7
14.123978220188317	3.779890741361084e-8
14.130116365467334	3.123669884459843e-9
14.136254510746351	8.862918829720354e-13
14.142392656025368	9.64460431690764e-10
14.148530801304386	2.1809312472503897e-8
14.154668946583401	1.2406230468629111e-7
14.160807091862416	4.1740066047309287e-7
14.166945237141434	1.0620103461515465e-6
14.173083382420451	2.270876886791858e-6
14.179221527699468	4.312001108967073e-6
14.185359672978485	7.510532338783406e-6
14.191497818257501	0.000012250811645123401
14.197635963536516	0.00001897831778873743
14.203774108815534	0.000028201508634144643
14.20991225409455	0.00004049355089463921
14.216050399373568	0.000056493931207165166
14.222188544652585	0.00007690994169377148
14.2283266899316	0.00010251803331751179
14.234464835210616	0.00013416503054826387
14.240602980489633	0.00017276920103655576
14.24674112576865	0.00021932117423599892
14.252879271047668	0.0002748847031362688
14.259017416326685	0.00034059726354055043
14.2651555616057	0.000417670485592031
14.271809661600518	0.0005155507331115253
14.278463761595333	0.000630031668813969
14.28511786159015	0.0007629532610463024
14.291771961584967	0.0009162577242720793
14.298426061579784	0.001091988745941384
14.305080161574601	0.0012922903990684046
14.311734261569418	0.0015194057355049266
14.318388361564235	0.0017756750556907456
14.325042461559052	0.002063533851430641
14.33169656155387	0.002385510419045767
14.338350661548686	0.0027442231410555176
14.345004761543503	0.0031423774354013656
14.35165886153832	0.003582762372077547
14.358312961533137	0.004068246957869786
14.364967061527954	0.004601776090849496
14.371621161522771	0.005186366187051014
14.378275261517588	0.005825100482848785
14.384929361512405	0.0065211240171403504
14.391583461507222	0.007277638298789522
14.39823756150204	0.008097895665221852
14.404891661496857	0.008985193339311725
14.411545761491674	0.009942867192490686
14.424853961481308	0.012082840758005454
14.431508061476125	0.013271945393216543
14.438162161470942	0.01454502167638129
14.444816261465759	0.015905495552128574
14.451470361460576	0.01735678857801327
14.458124461455393	0.018902309927043906
14.46477856145021	0.020545448191065987
14.478086761439844	0.02413797647714122
14.48474086143466	0.026093964535675463
14.491394961429478	0.028160748053568472
14.504703161419112	0.032639256023387214
14.511357261413929	0.03505706607784001
14.518011361408746	0.037597824506507206
14.53131956139838	0.043059316320179564
14.537973661393197	0.045985331038687766
14.544627761388014	0.04904483839171282
14.557935961377648	0.0555734475996971
14.584552361356916	0.07032416509856153
14.591206461351733	0.0743741446077126
14.59786056134655	0.0785715516297765
14.611168761336184	0.08741204179664301
14.637785161315453	0.1068871149783139
14.64443926131027	0.11212930317767854
14.651093361305087	0.1175197603804284
14.66440156129472	0.12874123450102642
14.691017961273989	0.1529017093612545
14.697231383331545	0.15886010988079005
14.7034448053891	0.16493440522129604
14.715871649504214	0.17742013295830403
14.740725337734439	0.20365415447202118
14.790432714194887	0.26030416490372277
14.796646136252445	0.2676865959323316
14.80285955831	0.275118089497862
14.815286402425112	0.2901045840760722
14.840140090655336	0.32039635447544357
14.889847467115786	0.38072928781875626
14.896060889173341	0.3881056651992716
14.902274311230897	0.39541999818051426
14.914701155346009	0.4098313878935647
14.939554843576234	0.4375654320247049
14.945768265633792	0.4442262609900191
14.951981687691347	0.4507623386257017
14.964408531806459	0.46342916034997234
14.989262220036682	0.48692744658406173
14.995475642094238	0.49237605112973226
15.001689064151794	0.49763974461749283
15.014115908266907	0.5075843899232109
15.020329330324465	0.5122517156389573
15.02654275238202	0.5167069013892025
15.038969596497132	0.5249555147558012
15.045183018554688	0.5287367659066983
15.051396440612244	0.5322815461861734
15.0576098626698	0.5355843091998402
15.063823284727356	0.5386397443370777
15.070036706784911	0.5414427869609072
15.076250128842467	0.5439886283180915
15.082463550900023	0.5462727251496927
15.08867697295758	0.5482908089829832
15.094768594628896	0.5500072461104076
15.100860216300212	0.551460684015774
15.106951837971527	0.5526479179952133
15.113043459642842	0.5535660280017228
15.119135081314159	0.5542123853973254
15.125226702985474	0.5545846593321302
15.131318324656789	0.5546808227377303
15.137409946328106	0.5544991579201767
15.143501567999422	0.5540382617439608
15.149593189670737	0.5532970503910891
15.155684811342052	0.5522747636880794
15.161776433013369	0.5509709689896077
15.167868054684686	0.5493855646079715
15.173959676356	0.5475187827820052
15.180051298027315	0.54537119217523
15.186142919698632	0.5429436998972139
15.192234541369949	0.5402375530410722
15.198326163041264	0.5372543397313511
15.204417784712579	0.5339959896777425
15.210509406383895	0.5304647742294618
15.21660102805521	0.5266633059281193
15.222692649726525	0.5225945375552468
15.234875893069157	0.513668603663185
15.240967514740472	0.5088190292435932
15.247059136411789	0.5037173314984159
15.259242379754419	0.49277637776340333
15.283608866439682	0.46809379219387914
15.289700488110999	0.46137444225390023
15.295792109782314	0.45444872798825275
15.307975353124945	0.44000672147723374
15.332341839810207	0.4089748976272928
15.381074813180732	0.3402342971464558
15.387166434852048	0.3311972212358302
15.393258056523363	0.3220943245870147
15.405441299865995	0.30373213799534077
15.429807786551258	0.26667441592941404
15.478540759921783	0.19359743059830056
15.4851483363089	0.1840228795231424
15.491755912696014	0.17456947984842286
15.504971065470247	0.15607766972093162
15.53140137101871	0.12110372434711668
15.538008947405826	0.11284906254785566
15.544616523792943	0.10481290911347389
15.557831676567174	0.08943964693384282
15.56443925295429	0.08212345664444971
15.571046829341405	0.07506757801426661
15.584261982115638	0.0617745342213198
15.590869558502755	0.05555525723640804
15.597477134889871	0.04963203962353663
15.604084711276986	0.04401276116977654
15.610692287664103	0.038704852625771946
15.617299864051219	0.03371528390466496
15.623907440438334	0.029050553053066166
15.63051501682545	0.02471667601399243
15.637122593212567	0.020719177200489432
15.643730169599683	0.017063080896642886
15.6503377459868	0.013752903501594171
15.656945322373915	0.010792646630189006
15.663552898761031	0.008185791082487107
15.670160475148148	0.005935291692557865
15.676768051535262	0.004043573065404813
15.683375627922379	0.002512526209096856
15.689983204309495	0.0013435060675192278
15.696590780696612	0.0005373299574180346
15.703198357083728	0.00009427691168502172
15.709805933470843	0.00001408792912126805
15.71641350985796	0.0002959671291735751
15.723021086245076	0.0009385838084296781
15.72962866263219	0.0019400753939413957
15.736236239019307	0.0032980512867493562
15.742843815406424	0.005009597587292813
15.74945139179354	0.0070712826927341295
15.756058968180657	0.009479163754577876
15.762666544567772	0.012228793983346064
15.769274120954888	0.015315230785496375
15.775881697342005	0.018733044716206824
15.78248927372912	0.022476329230137936
15.795704426503352	0.03091336225769134
15.802312002890469	0.03559301070908136
15.808919579277585	0.040569954376818394
15.822134732051817	0.05138284716973383
15.828742308438933	0.05720136336300525
15.835349884826048	0.063282338948265
15.848565037600281	0.07619276492299801
15.855172613987396	0.08300192898658752
15.861780190374512	0.09003301418848018
15.874995343148743	0.10471707956983324
15.901425648697208	0.13625164412729512
15.907592547147061	0.14396181060134397
15.913759445596916	0.1517843993185052
15.926093242496627	0.16772608150906979
15.950760836296048	0.20050602752166521
16.00009602389489	0.2673140805338257
16.006262922344746	0.2755799365422408
16.0124298207946	0.2837930559302541
16.024763617694312	0.30002179289382724
16.049431211493733	0.3314225036527019
16.05559810994359	0.3389989262681226
16.061765008393444	0.3464482315075788
16.074098805293154	0.36093195239877507
16.098766399092572	0.38801825209514007
16.104933297542424	0.3943546928977628
16.11110019599228	0.4005033236342199
16.12343399289199	0.4122118906817586
16.129600891341845	0.4177599269720228
16.1357677897917	0.42309636461313793
16.14810158669141	0.4331139833499207
16.154268485141266	0.43778571661159116
16.16043538359112	0.4422269630344543
16.166602282040976	0.44643379710973224
16.172769180490832	0.45040261765443385
16.178936078940687	0.45413014978152844
16.185102977390542	0.45761344636501006
16.197436774290253	0.46383718847692273
16.20360367274011	0.46657338472220505
16.209770571189964	0.469056846296373
16.21593746963982	0.47128626936731677
16.222104368089674	0.4732606762181511
16.22827126653953	0.4749794132769554
16.234438164989385	0.47644214868083756
16.24060506343924	0.47764886937992523
16.246771961889095	0.4785998777928323
16.25293886033895	0.4792957880207037
16.259105758788806	0.4797375216319952
16.26527265723866	0.4799263030282361
16.271439555688517	0.47986365440165213
16.277606454138372	0.47955139029849564
16.283773352588227	0.47899161179846955
16.289940251038082	0.4781867003258635
16.296107149487938	0.47713931110424396
16.302790002653595	0.47573393247154594
16.309472855819248	0.4740513034250368
16.3161557089849	0.47209583338289063
16.322838562150558	0.4698722668868248
16.329521415316215	0.4673856714117263
16.336204268481872	0.4646414247548502
16.34288712164753	0.4616452020332462
16.349569974813182	0.45840296231878774
16.356252827978835	0.4549209349412846
16.362935681144492	0.45120560548955574
16.376301387475806	0.4431021781505911
16.382984240641463	0.43872820313244687
16.389667093807116	0.4341491421591688
16.403032800138426	0.4244061239449062
16.409715653304083	0.41925775138318266
16.416398506469736	0.4139354316749127
16.429764212801047	0.40280156693874275
16.45649562546367	0.378810356442841
16.509958450788915	0.32583767610885017
16.51664130395457	0.3189137396904927
16.523324157120225	0.311950347921681
16.536689863451535	0.2979374120087326
16.56342127611416	0.2697853475814356
16.616884101439403	0.2145907708582861
16.62356695460506	0.20792240518422123
16.630249807770713	0.2013246237098832
16.643615514102024	0.18836120204857598
16.670346926764644	0.16349223830351933
16.6770297799303	0.1575194863726954
16.683712633095954	0.1516518062766031
16.697078339427264	0.14024423301706437
16.72380975208989	0.11881443968671469
16.730370804869303	0.11384927441793996
16.73693185764872	0.10900347344749814
16.75005396320755	0.09967460105881495
16.756615015986963	0.09519332143005232
16.763176068766377	0.09083499765425193
16.776298174325206	0.0824885740179894
16.78285922710462	0.07850066984935009
16.789420279884034	0.07463612317299917
16.802542385442866	0.0672754842147737
16.828786596560526	0.054007315969010594
16.83534764933994	0.05098686634318613
16.841908702119355	0.04808236979880283
16.855030807678187	0.04261481665327929
16.8615918604576	0.04004825266663666
16.86815291323702	0.0375906409407371
16.881275018795847	0.03299410059744506
16.88783607157526	0.030850857647730736
16.894397124354676	0.028807952413805956
16.907519229913508	0.025013677703784147
16.91408028269292	0.023257412249537254
16.92064133547234	0.021591706353120577
16.933763441031168	0.01852163737197441
16.940324493810582	0.017112016884029444
16.946885546589996	0.015782454182592307
16.953446599369414	0.014530260199968476
16.96000765214883	0.013352732989977065
16.966568704928243	0.012247163755577998
16.97312975770766	0.011210842712535229
16.98625186326649	0.009335135088028421
16.992812916045903	0.008490374297159119
16.999373968825317	0.0077041237171329565
17.005935021604735	0.006973750223107522
17.01249607438415	0.0062966509599664475
17.019057127163563	0.005670257830007309
17.02561817994298	0.0050920417589451926
17.03874028550181	0.004070243622534459
17.045301338281224	0.0036218337316789545
17.051862391060638	0.003211952167103983
17.058423443840056	0.002838320928457757
17.06498449661947	0.0024987217765814105
17.071545549398884	0.002190998859708858
17.078106602178302	0.0019130611004161808
17.084667654957716	0.0016628843437785485
17.09122870773713	0.0014385132679124554
17.097789760516545	0.0012380630585623242
17.10435081329596	0.0010597208499482822
17.110911866075373	0.0009017469346736107
17.117472918854787	0.0007624757459063019
17.1240339716342	0.0006403166156556623
17.130595024413616	0.0005337543133467262
17.137156077193033	0.000441349369419865
17.143717129972448	0.00036173818906818755
17.1498375048146	0.0002978717234625776
17.155957879656754	0.00024303067116815465
17.16207825449891	0.0001962857427160014
17.168198629341063	0.00015676402457181867
17.174319004183218	0.0001236484031085991
17.180439379025373	0.00009617687483791436
17.186559753867527	0.00007364174749087757
17.192680128709682	0.00005538873671494512
17.198800503551837	0.0000408159632622387
17.20492087839399	0.000029372855675604712
17.211041253236147	0.000020558963581744874
17.217161628078298	0.00001392268679252774
17.22328200292045	9.059925498604279e-6
17.229402377762604	5.612656898937972e-6
17.23552275260476	3.267443668619842e-6
17.241643127446913	1.753879699865953e-6
17.247763502289068	8.429785823112599e-7
17.253883877131223	3.4551029637857507e-7
17.260004251973378	1.1029159767312223e-7
17.26612462681553	2.243555384817358e-8
17.27224500165768	1.5656726139945638e-9
17.278365376499835	2.0726395530107084e-14
17.28448575134199	9.106851305740146e-10
17.290606126184144	1.6463866437986484e-8
17.2967265010263	8.594582293582484e-8
17.302846875868454	2.738798004525887e-7
17.30896725071061	6.681389899964246e-7
17.315087625552763	1.3780604516098768e-6
17.32120800039492	2.532564829988532e-6
17.327328375237073	4.27828656425308e-6
17.333448750079228	6.777719164434807e-6
17.33956912492138	0.000010207379985874377
17.34568949976353	0.00001475599878659523
17.351809874605685	0.000020622734197817323
17.35793024944784	0.000028015422074183308
17.364050624289995	0.00003714885952506115
17.37017099913215	0.000048243128250906855
17.376291373974304	0.0000615219606315727
17.38241174881646	0.00007721115182720493
17.388532123658614	0.00009553702096371409
17.39465249850077	0.00011672492428740067
17.400772873342923	0.00014099782296229214
17.406893248185078	0.00016857490800686173
17.41301362302723	0.00019967028465046674
17.41913399786938	0.0002344917181819521
17.425254372711535	0.0002732394431809398
17.43137474755369	0.00031610503779921814
17.437495122395845	0.00036327036455220945
17.443615497238	0.00041490657889602523
17.449735872080154	0.0004711732066434507
17.45585624692231	0.0005322172910677843
17.46197662176446	0.000598172610366431
17.46809699660661	0.0006691589659237429
17.474217371448766	0.0007452815416512764
17.486458121133076	0.0009132796557367853
17.49257849597523	0.0010052877035690384
17.498698870817385	0.00110269620513664
17.510939620501695	0.0013137974643181245
17.51705999534385	0.0014274890722248048
17.523180370186004	0.0015465785978573164
17.53542111987031	0.0018007598550641817
17.542057449428263	0.0019473251345837792
17.54869377898622	0.00209990052313867
17.561966438102125	0.002422479942167073
17.588511756333943	0.0031319069111186153
17.5951480858919	0.0033212744488853385
17.601784415449853	0.0035148956885816063
17.61505707456576	0.003913656317765691
17.64160239279758	0.0047476960698972
17.648238722355536	0.00496166964736683
17.65487505191349	0.005177049320921595
17.6681477110294	0.005610400009173918
17.694693029261217	0.006475774955598752
17.701329358819173	0.006689371039550934
17.707965688377126	0.0069010180379603225
17.721238347493035	0.0073167800587182336
17.747783665724853	0.00810665916757148
17.75441999528281	0.008293136174916668
17.761056324840762	0.00847445830306783
17.77432898395667	0.008820212524557237
17.780965313514628	0.008983964516223335
17.78760164307258	0.00914120322668373
17.80087430218849	0.009434942879229639
17.807510631746446	0.009570885697789773
17.8141469613044	0.009699200339911966
17.82078329086235	0.009819651518796112
17.827419620420308	0.009932022461474373
17.834055949978264	0.010036115369593694
17.840692279536217	0.010131751816909104
17.84732860909417	0.010218773083162783
17.853964938652126	0.010297040424140525
17.860601268210083	0.010366435278040822
17.867237597768035	0.010426859408334288
17.873873927325988	0.010478234983703634
17.880510256883944	0.010520504595632226
17.8871465864419	0.010553631214609968
17.893782915999854	0.010577598085928367
17.900419245557806	0.010592408566395409
17.907055575115763	0.010598085903317853
17.91369190467372	0.010594672957377477
17.920328234231672	0.01058223187111928
17.926964563789625	0.01056084368495758
17.93360089334758	0.01053060790271681
17.940237222905534	0.01049164200890569
17.946873552463487	0.010444080939953885
17.953509882021443	0.010388076511863294
17.960146211579396	0.010323796806764917
17.966341863200093	0.010256478179466231
17.972537514820786	0.010182268016485755
17.97873316644148	0.010101338386590084
17.984928818062173	0.010013871657125022
17.991124469682866	0.009920059944861183
17.99732012130356	0.009820104550207182
18.009711424544946	0.009602610337065923
18.01590707616564	0.009485514749238333
18.022102727786333	0.009363160721579574
18.03449403102772	0.009103635999268007
18.059276637510493	0.008532305422563584
18.065472289131186	0.008380080200307654
18.07166794075188	0.008224622548779998
18.084059243993266	0.007905070289362008
18.108841850476043	0.007238836782687079
18.158407063441594	0.005855633357968728
18.164602715062287	0.0056827479056881245
18.17079836668298	0.0055106227859422815
18.183189669924367	0.005169486183227003
18.20797227640714	0.004505084374898926
18.214167928027834	0.004343744568526049
18.220363579648527	0.00418463197286254
18.232754882889914	0.003873666223133348
18.25753748937269	0.0032843265282956322
18.263733140993388	0.0031444187301175237
18.26992879261408	0.0030076647690398394
18.282320095855468	0.0027439139276032977
18.28851574747616	0.0026170431654606876
18.294711399096855	0.0024935786961138517
18.30710270233824	0.002257028129335242
18.313298353958935	0.0021440014803708464
18.319494005579628	0.002034500389718591
18.331885308821015	0.0018261086294377425
18.356667915303788	0.001451602873544012
18.362741766538242	0.001368308773193846
18.368815617772697	0.0012882975341122526
18.3809633202416	0.0011379628698797368
18.387037171476052	0.0010675473233012192
18.393111022710507	0.0010002309589690235
18.405258725179415	0.0008746660169965688
18.41133257641387	0.0008162936788987932
18.41740642764832	0.0007607735807477299
18.429554130117225	0.0006580097518569244
18.43562798135168	0.0006106198441026365
18.441701832586133	0.000565790387436222
18.45384953505504	0.00048350013019240237
18.45992338628949	0.00044587974727081136
18.465997237523943	0.00041050117733109996
18.472071088758398	0.00037728256870253217
18.478144939992852	0.00034614169534421624
18.484218791227306	0.0003169961946178514
18.490292642461757	0.0002897637964874307
18.502440344930662	0.0002407110022542717
18.508514196165116	0.00021872846250133422
18.51458804739957	0.0001983351292794847
18.520661898634025	0.00017945230200957891
18.526735749868475	0.00016200254373380392
18.532809601102926	0.00014590983912378925
18.53888345233738	0.00013109974123523655
18.544957303571834	0.00011749950687279063
18.55103115480629	0.00010503822046900244
18.557105006040743	0.00009364690642497183
18.563178857275197	0.0000832586299026611
18.56925270850965	0.0000738085861011265
18.575326559744102	0.00006523417808953949
18.581400410978553	0.00005747508330971897
18.587474262213007	0.00005047330890089003
18.59354811344746	0.00004417323603596935
18.599621964681916	0.000038521653496101186
18.60569581591637	0.000033467780744506416
18.61176966715082	0.000028963280795609475
18.61784351838527	0.000024962263205087546
18.623917369619726	0.000021421277540067033
18.62999122085418	0.000018299297713707754
18.636065072088634	0.0000155576975976954
18.64213892332309	0.000013160218349575443
18.64821277455754	0.000011072927915066875
18.65428662579199	9.264173186094739e-6
18.660360477026444	7.704525313596814e-6
18.666434328260898	6.366718691115152e-6
18.672508179495352	5.225584139054525e-6
18.678582030729807	4.257976831499963e-6
18.684655881964257	3.442699517862096e-6
18.690729733198708	2.7604215983507755e-6
18.696803584433162	2.1935946183767325e-6
18.702877435667617	1.7263647498188245e-6
18.70895128690207	1.3444828276906527e-6
18.715025138136525	1.0352125099138548e-6
18.721098989370976	7.872371239284999e-7
18.727172840605427	5.905657583607365e-7
18.73324669183988	4.3643915016753507e-7
18.739320543074335	3.1723590764079e-7
18.74539439430879	2.263795978962499e-7
18.751984200259045	1.5334838258836495e-7
18.758574006209297	1.0104458901266613e-7
18.76516381215955	6.449796779227528e-8
18.771753618109805	3.967777628965504e-8
18.778343424060058	2.3371836920597815e-8
18.78493323001031	1.3071762845392937e-8
18.791523035960566	6.865034776052296e-9
18.798112841910818	3.334562737238194e-9
18.80470264786107	1.4663140633732187e-9
18.811292453811326	5.655340025185301e-10
18.81788225976158	1.8202822946520655e-10
18.82447206571183	4.491764047993357e-11
18.831061871662087	7.215245770736263e-12
18.83765167761234	5.130781147653729e-13
18.84424148356259	4.0600935877563504e-15
18.850831289512847	7.750509261251788e-19
18.8574210954631	4.259888164607271e-14
18.86401090141335	1.6397965837681446e-12
18.870600707363607	1.5595334754564967e-11
18.87719051331386	7.983518655769294e-11
18.883780319264112	2.8757096928775474e-10
18.890370125214368	8.255777283045288e-10
18.89695993116462	2.022301924617742e-9
18.903549737114872	4.4054553006185276e-9
18.910139543065128	8.768691814716291e-9
18.91672934901538	1.624690826482827e-8
18.923319154965633	2.8399654828575724e-8
18.92990896091589	4.7302089740624375e-8
18.93649876686614	7.564286297924919e-8
18.943088572816393	1.1682826728910678e-7
18.94967837876665	1.7509195143094747e-7
18.9562681847169	2.556094502882547e-7
18.962857990667153	3.646167497006565e-7
18.96944779661741	5.095320706530054e-7
18.97603760256766	6.990800280181003e-7
18.982627408517914	9.434172934340042e-7
18.98921721446817	1.2542588703908247e-6
18.99580702041842	1.6450040720297892e-6
19.002396826368674	2.1308612790444087e-6
19.00898663231893	2.7289705459369195e-6
19.015576438269182	3.458523119413567e-6
19.022166244219434	4.340876932263278e-6
19.02875605016969	5.399667140374262e-6
19.035345856119942	6.660910778921595e-6
19.041935662070195	8.15310462673094e-6
19.04852546802045	9.907315385524547e-6
19.055115273970703	0.000011957261301412244
19.061705079920955	0.000014339384383153976
19.06829488587121	0.000017092912400750274
19.074884691821463	0.000020259909882691456
19.081474497771715	0.000023885317367771348
19.08806430372197	0.00002801697821009811
19.094654109672224	0.000032705652281009024
19.101243915622476	0.000038005015960467336
19.10783372157273	0.00004397164786442856
19.114423527522984	0.0000506649998087778
19.121013333473236	0.000058147352570305996
19.127603139423492	0.00006648375606582206
19.134192945373744	0.00007574195363556811
19.140782751323997	0.00008599229018185673
19.147372557274252	0.00009730760398395112
19.153962363224505	0.00010976310207862859
19.160552169174757	0.00012343621916845334
19.167141975125013	0.00013840646009348768
19.173291103138006	0.00015361726749274672
19.179440231151	0.000170095860862913
19.18558935916399	0.00018791087244121244
19.191738487176984	0.00020713192748743467
19.197887615189977	0.00022782947866478495
19.20403674320297	0.00025007463066827247
19.216334999228955	0.00029949429832189874
19.222484127241948	0.0003268125756182912
19.22863325525494	0.0003559655639320067
19.234782383267934	0.00038702468185915575
19.240931511280927	0.00042006076451892943
19.24708063929392	0.0004551438315085011
19.253229767306912	0.0004923428488835559
19.265528023332894	0.0005733578665134701
19.271677151345884	0.0006173043183613002
19.277826279358877	0.000663627116583282
19.290124535384862	0.0007636390446962023
19.296273663397855	0.000817440137601488
19.302422791410848	0.0008738409822774973
19.314721047436834	0.0009946308297302286
19.320870175449826	0.0010591050100027708
19.32701930346282	0.0011263487894568847
19.339317559488805	0.0012692692586147407
19.363914071540776	0.0015894396611308434
19.37006319955377	0.0016766975938203627
19.376212327566762	0.0017668408836927058
19.388510583592748	0.0019557338983564707
19.41310709564472	0.0023672393719112103
19.41925622365771	0.0024769158576029987
19.425405351670705	0.0025892079107916795
19.43770360769669	0.002821373613007679
19.462300119748658	0.003313776994023583
19.468449247761647	0.0034421734014597467
19.47459837577464	0.0035724702379738
19.486896631800626	0.003838274109738774
19.511493143852597	0.004386911715827553
19.56068616795654	0.0055167034262374
19.56755044020467	0.005673814894007458
19.574414712452796	0.0058299674512069
19.588143256949053	0.00613825631781339
19.615600345941566	0.006730627466633703
19.622464618189696	0.00687196260564914
19.629328890437822	0.0070100061923951025
19.64305743493408	0.007275053588452552
19.649921707182205	0.0074014823283213215
19.65678597943033	0.0075234710807580325
19.670514523926588	0.007753029866185982
19.677378796174715	0.007860066539925119
19.684243068422845	0.007961598197122634
19.69110734067097	0.008057377962237365
19.697971612919098	0.008147168364285456
19.704835885167228	0.008230742136831073
19.711700157415354	0.008307882998361271
19.71856442966348	0.008378386410125343
19.72542870191161	0.008442060308483667
19.73229297415974	0.008498725808889331
19.739157246407867	0.008548217878703199
19.746021518655994	0.008590385976062098
19.752885790904124	0.00862509465212312
19.759750063152254	0.00865222411411896
19.76661433540038	0.008671670746692683
19.773478607648507	0.008683347589173385
19.780342879896637	0.008687184766494176
19.787207152144767	0.00868312987165214
19.794071424392893	0.008671148297685588
19.80093569664102	0.008651223517368236
19.80779996888915	0.008623357308875809
19.81466424113728	0.008587569925968144
19.821528513385406	0.008543900211291902
19.828392785633532	0.00849240565166535
19.835257057881662	0.008433162374353103
19.842121330129793	0.008366265083577698
19.84898560237792	0.008291826936640866
19.855849874626045	0.008209979359333198
19.862714146874175	0.008120871800421144
19.869578419122302	0.008024671425298738
19.87644269137043	0.007921562749051349
19.890171235866685	0.007695442680381167
19.89703550811481	0.007572882927305349
19.90389978036294	0.007444317004761039
19.917628324859194	0.007170235312870014
19.945085413851707	0.006562488394930156
19.951949686099837	0.006399985633181428
19.958813958347964	0.006233929678913564
19.97254250284422	0.005892568569437119
19.97940677509235	0.005717983826177014
19.986271047340477	0.005541284498796423
19.993135319588603	0.005362840988591982
19.999999591836733	0.0051830257002634635