4.0816326530612243e-7	9.376236198761989e-24
0.006134358411192534	4.5869738501135997e-7
0.012268308659119763	7.333350875873446e-6
0.01840225890704699	0.00003708271763835014
0.02453620915497422	0.00011701712571633062
0.03067015940290145	0.00028511850450730497
0.03680410965082868	0.0005897898161405281
0.042938059898755904	0.0010895352656725144
0.04907201014668314	0.0018525730493598948
0.055205960394610364	0.0029563827719115755
0.06133991064253759	0.0044871900251111495
0.06747386089046481	0.006539390966711562
0.07360781113839204	0.00921492007260565
0.07974176138631928	0.012622564549491884
0.08587571163424651	0.016877229194595403
0.09200966188217374	0.022099155765749334
0.09814361213010096	0.028413101180580956
0.10427756237802818	0.03594747909933102
0.11041151262595542	0.044833469651723176
0.11654546287388265	0.055204102257207566
0.12267941312180988	0.06719331664036686
0.1288133633697371	0.08093500727993379
0.13494731361766432	0.0965620566288516
0.14108126386559156	0.11420536252194945
0.1472152141135188	0.13399286523111575
0.15334916436144602	0.15604857964523358
0.15948311460937326	0.1804916380460961
0.1656170648573005	0.20743534890335577
0.17175101510522772	0.23698627704614988
0.17788496535315496	0.26924335047316234
0.1840189156010822	0.3042969989315031
0.19628681609693663	0.3831083422029653
0.20242076634486383	0.4269971955660761
0.20855471659279107	0.4739435176185513
0.22082261708864553	0.5771417008486751
0.22695656733657277	0.6334277803180268
0.2330905175845	0.6928388074500742
0.24535841808035447	0.820952219932111
0.2514923683282817	0.8895766834304465
0.2576263185762089	0.9611698561489362
0.26989421907206335	1.1129438791207649
0.2944300200637723	1.447787245958463
0.3005639703116995	1.5372132015576838
0.30669792055962675	1.628593889248446
0.3189658210554812	1.8164532745182
0.34350162204719015	2.2065589431964256
0.39257322403060796	2.9888632858318527
0.39922312899433554	3.0893116710688635
0.40587303395806307	3.187328013441843
0.41917284388551823	3.374676040944235
0.4258227488492458	3.4633295058446985
0.4324726538129734	3.5481979439766027
0.44577246374042856	3.7053308487689263
0.45242236870415614	3.777003668005892
0.4590722736678837	3.843711253303532
0.4657221786316113	3.905197403205551
0.4723720835953389	3.961224283788016
0.47902198855906647	4.011573691970858
0.48567189352279405	4.056048220377006
0.49232179848652163	4.094472316716798
0.4989717034502492	4.1266932313003055
0.5056216084139769	4.15258184688943
0.5122715133777044	4.172033385846584
0.5189214183414319	4.1849679901711
0.5255713233051595	4.1913311708388745
0.5322212282688872	4.191094123557754
0.5388711332326147	4.184253908873279
0.5455210381963422	4.17083349534934
0.5521709431600699	4.150881665355456
0.5588208481237975	4.124472783788725
0.565470753087525	4.091706430907459
0.5721206580512526	4.052706901208021
0.5787705630149802	4.007622571126902
0.5854204679787077	3.9566251390820706
0.5920703729424353	3.8999087421511422
0.5987202779061629	3.8376889544386463
0.6053701828698904	3.7702016728414023
0.6120200878336179	3.697701896646212
0.6186699927973456	3.6204624079999332
0.6319698027248006	3.452935786840822
0.6386197076885283	3.363270026019338
0.6452696126522558	3.2701040928691736
0.658569422579711	3.0746359511368424
0.6652193275434386	2.9730347104253916
0.6718692325071661	2.8693316632552763
0.6851690424346213	2.6570662565513863
0.7117686622895316	2.2231787971365167
0.7184185672532593	2.1148117037443743
0.7250684722169868	2.0071626376751763
0.738368282144442	1.7952886862570518
0.7450181871081696	1.6916664804570183
0.7516680920718971	1.5899649650714687
0.7649679019993523	1.3933589219697866
0.7716178069630799	1.2989274213391462
0.7782677119268074	1.2073608251199603
0.7915675218542626	1.0335544034043354
0.7982174268179902	0.951628717377033
0.8048673317817178	0.8731953955923935
0.8181671417091729	0.7271984777298712
0.8243763687356396	0.6641284682401094
0.8305855957621063	0.604350052021125
0.8367948227885731	0.5478794549975786
0.8430040498150397	0.49471719609215437
0.8492132768415064	0.44484849463420184
0.8554225038679731	0.3982437604373732
0.8678409579209065	0.3146372807110487
0.8740501849473732	0.2775078134629481
0.88025941197384	0.24338837581687098
0.8864686390003067	0.2121853448009107
0.8926778660267733	0.18379477022233212
0.89888709305324	0.15810333796551035
0.9050963200797068	0.1349893813297038
0.9113055471061735	0.1143239345782223
0.9175147741326402	0.09597182262985676
0.9237240011591068	0.0797927806127958
0.9299332281855736	0.06564259683080018
0.9361424552120403	0.05337427254463795
0.942351682238507	0.04283919187104519
0.9485609092649736	0.03388829502726148
0.9547701362914404	0.026373248119625704
0.9609793633179071	0.0201476026745296
0.9671885903443738	0.015067938151763762
0.9733978173708404	0.0109949807566586
0.9796070443973072	0.00779469197934558
0.9858162714237739	0.0053393204393063975
0.9920254984502406	0.0035084107970318823
0.9982347254767072	0.0021897637129910546
1.0044439525031739	0.001280341085917924
1.0106531795296405	0.0006871110867523735
1.0168624065561074	0.000327827818341461
1.0230716335825742	0.00013174077579299073
1.029280860609041	0.00004022965306755117
1.0354900876355075	7.3604384726680046e-6
1.0416993146619742	3.591621655185918e-7
1.0479085416884408	1.0069404566848005e-10
1.0541177687149075	9.057046536457115e-7
1.0603269957413741	0.000011755993474450186
1.066536222767841	0.00005540565356121637
1.0727454497943079	0.00016890758002836338
1.0789546768207745	0.0004034421154865611
1.0851639038472412	0.0008241517588624245
1.0913731308737078	0.0015098816409791368
1.0975823579001744	0.002552826587399687
1.103791584926641	0.004058086112337209
1.1100008119531077	0.006143129205093285
1.1162100389795746	0.008937171280903504
1.1224192660060415	0.012580466169740213
1.1286284930325081	0.017223516502935493
1.1348377200589748	0.02302620633150595
1.1410469470854414	0.03015686026374423
1.147256174111908	0.03879123384327992
1.1534654011383747	0.04911144030112718
1.1596746281648413	0.0613048192001921
1.1658838551913082	0.07556275285001589
1.172093082217775	0.09207943669817369
1.1783023092442417	0.1110506102049952
1.1845115362707084	0.13267225496909735
1.190720763297175	0.15713926710738152
1.1969299903236417	0.1846441110852342
1.2031392173501083	0.21537546234701918
1.209348444376575	0.24951684622404063
1.2155576714030418	0.2872452806713307
1.2216450980432683	0.3278790163061189
1.2277325246834945	0.3722739272752012
1.2338199513237207	0.42057120499007716
1.239907377963947	0.4729012342605049
1.2459948046041731	0.5293824819659438
1.2520822312443993	0.5901204285152433
1.2642570845248517	0.7247173443460042
1.270344511165078	0.7987134449417412
1.2764319378053042	0.8772387641552788
1.2886067910857566	1.047964617016171
1.2946942177259828	1.1401628862472108
1.300781644366209	1.2368847069153215
1.3129564976466614	1.4436805614659993
1.3190439242868877	1.553594877143291
1.3251313509271139	1.6677128978323568
1.3373062042075663	1.908015097287075
1.3616559107684714	2.4319309313626567
1.4103553238902813	3.5974100653803127
1.4164427505305075	3.748054636148556
1.4225301771707337	3.8986028863566897
1.4347050304511861	4.19785245270217
1.4590547370120912	4.777751837597744
1.4651421636523176	4.916484640047743
1.4712295902925439	5.051909860832324
1.4834044435729963	5.311243824348088
1.4894918702132225	5.434371795217177
1.4955792968534487	5.552633908662757
1.5077541501339011	5.7731048977452595
1.5138415767741273	5.8746180383137165
1.5199290034143536	5.969876874306156
1.5260164300545798	6.058572350092924
1.532103856694806	6.140413468948388
1.5381912833350322	6.21512860105344
1.5442787099752584	6.282466717732115
1.5503661366154846	6.342198545596442
1.556453563255711	6.394117634669373
1.5625409898959375	6.438041334871922
1.5686284165361637	6.47381167569904
1.57471584317639	6.501296144325677
1.5808032698166161	6.520388357849979
1.5868906964568423	6.531008625847132
1.5929781230970685	6.533104399928017
1.5990655497372948	6.526650607502172
1.605152976377521	6.511649867497962
1.6117563577335474	6.485749466725507
1.618359739089574	6.44990388744101
1.6249631204456008	6.404227080997722
1.6315665018016272	6.348870781547561
1.6381698831576539	6.28402388419641
1.6447732645136806	6.209911628953956
1.651376645869707	6.126794593919241
1.6579800272257337	6.034967502246623
1.6645834085817603	5.934757848532469
1.6711867899377868	5.826524351333704
1.6843935526498401	5.58756638142359
1.6909969340058666	5.457699265785162
1.6976003153618933	5.3215188462519105
1.7108070780739464	5.032181431470506
1.7174104594299728	4.880050579795335
1.7240138407859995	4.723653633869788
1.7372206034980526	4.4002537441077125
1.7636341289221589	3.7266882794203484
1.7702375102781853	3.5559895584257273
1.776840891634212	3.385470939643269
1.7900476543462651	3.047101156491596
1.8164611797703716	2.3950230407549133
1.8230645611263983	2.2398194251797463
1.8296679424824247	2.088563674650054
1.842874705194478	1.7993152096635616
1.8494780865505045	1.6619552688680985
1.8560814679065312	1.5298062146530509
1.8692882306185843	1.282042733012005
1.8758916119746107	1.166792586418801
1.8824949933306374	1.0574810480023529
1.889098374686664	0.9542020573364037
1.8957017560426905	0.8570143057578237
1.902305137398717	0.7659416087796558
1.9089085187547437	0.6809735063952344
1.9221152814667968	0.5291430489128718
1.9287186628228232	0.4620969436304535
1.93532204417885	0.4007906806942304
1.9419254255348766	0.34505920144309377
1.948528806890903	0.29471136471605447
1.9551321882469297	0.24953201782217116
1.9617355696029564	0.20928424447819635
1.9683389509589828	0.17371177784335176
1.9749423323150095	0.14254156568837756
1.9815457136710362	0.11548647372338117
1.9881490950270626	0.09224811215536892
1.9947524763830893	0.07251976966546259
2.001355857739116	0.05598943819961767
2.0079592390951424	0.04234291124978097
2.0145626204511693	0.03126693767669621
2.0211660018071957	0.022452412590742682
2.027769383163222	0.015597586371663924
2.033932086581988	0.010711074467409862
2.0400947900007536	0.007051708249145306
2.0462574934195192	0.00440617746676332
2.052420196838285	0.0025760243380738164
2.0585829002570506	0.0013797837061398604
2.0647456036758163	0.0006550604589476481
2.070908307094582	0.00026053240282431596
2.0770710105133476	0.00007786700031732769
2.0832337139321133	0.000013540658534553083
2.089396417350879	5.495867661359333e-7
2.0955591207696447	1.6297841632248849e-9
2.1017218241884104	2.5789253613414517e-6
2.107884527607176	0.000029861728969722236
2.1140472310259417	0.00013550429382581892
2.1202099344447074	0.0004062542882197191
2.1263726378634735	0.0009628078720742199
2.1325353412822396	0.001960493238466232
2.1386980447010053	0.003589776150345417
2.144860748119771	0.006076581765511299
2.1510234515385367	0.009682427839802422
2.1571861549573024	0.014704365227808831
2.163348858376068	0.021474722456069694
2.1695115617948337	0.030360652025335583
2.1756742652135994	0.04176347699930345
2.181836968632365	0.05611783735324368
2.1879996720511308	0.07389063648937777
2.1941623754698965	0.09557978925871109
2.200325078888662	0.12171277377731558
2.206487782307428	0.1528449902595428
2.2126504857261935	0.18955793103673213
2.218813189144959	0.23245716685094497
2.224975892563725	0.2821701554330078
2.2311385959824905	0.3393438792727633
2.237301299401256	0.404642320364128
2.243464002820022	0.4787437805616931
2.2496267062387876	0.5623380570047142
2.2557894096575533	0.6561234828562552
2.261952113076319	0.7608038443516226
2.2681148164950846	0.8770851858651041
2.2742775199138503	1.0056725153690123
2.280440223332616	1.1472664232678582
2.2866029267513817	1.3025596281753766
2.2927656301701473	1.4722334636975365
2.298928333588913	1.65695432074777
2.3050910370076787	1.857370060321637
2.3112537404264444	2.074106411992203
2.323579147263976	2.558911628230387
2.3297418506827423	2.8280889933363182
2.335904554101508	3.1157969196519266
2.3482299609390394	3.7486078841244774
2.354392664357805	4.094501477288426
2.3605553677765707	4.46050033440393
2.372880774614102	5.2538380284421855
2.3790434780328678	5.681547574427839
2.3852061814516334	6.130098530826897
2.397531588289165	7.089789086822532
2.4221824019642275	9.256217010339913
2.4288610600987934	9.898190341541914
2.4355397182333594	10.562638950162302
2.4488970345024916	11.956106209686682
2.4756116670407557	14.975621306058471
2.5290409321172844	21.657535550527058
2.5357195902518503	22.521532426330424
2.5423982483864167	23.38564576576968
2.5557555646555485	25.10598033452691
2.582470197193813	28.455214487344772
2.589148855328379	29.260700679313913
2.595827513462945	30.049030073473833
2.609184829732077	31.565392880595702
2.615863487866643	32.289059587634114
2.6225421460012095	32.9868525829152
2.6358994622703413	34.29646499704683
2.6425781204049072	34.90423657017109
2.649256778539473	35.478054881226704
2.6559354366740395	36.01606046368234
2.6626140948086054	36.51647363290387
2.6692927529431714	36.97760194652365
2.6759714110777377	37.39784741312519
2.6826500692123036	37.77571341677149
2.6893287273468696	38.109811326010046
2.696007385481436	38.398866757088385
2.702686043616002	38.641725462453294
2.7093647017505678	38.837358817049534
2.716043359885134	38.98486887649664
2.7227220180197	39.083492982911416
2.729400676154266	39.13260789603659
2.7360793342888323	39.131733429105736
2.7427579924233982	39.08053557109223
2.749436650557964	38.97882907893799
2.7561153086925305	38.82657952563617
2.7627939668270964	38.62390479230728
2.7694726249616624	38.37107599470294
2.7761512830962287	38.06851783696753
2.7828299412307946	37.7168083878993
2.7895085993653606	37.31667827740939
2.796187257499927	36.86900931329061
2.802865915634493	36.374832520960986
2.8095445737690588	35.8353256111941
2.816223231903625	35.25180988341758
2.822901890038191	34.6257465744299
2.829580548172757	33.95873266493292
2.8362592063073233	33.2524961584245
2.849616522576455	31.72989059997573
2.8561733803247806	30.932682755149056
2.862730238073106	30.105447369619156
2.8758439535697575	28.36965786570239
2.90207138456306	24.638582001022804
2.9086282423113854	23.666219539597726
2.915185100059711	22.683185060306208
2.9282988155563623	20.695707183995587
2.9545262465496647	16.71014031493888
2.96108310429799	15.727145431796611
2.9676399620463156	14.754789639634119
2.980753677542967	12.852276267471375
2.987310535291293	11.927133829635606
2.9938673930396185	11.02264449961396
3.0069811085362694	9.284930839280168
3.013537966284595	8.45615600856796
3.0200948240329204	7.656919112647034
3.033208539529572	6.15491412825289
3.0397653972778977	5.455804177584427
3.0463222550262232	4.793537186640423
3.059435970522874	3.5855463873144506
3.0659928282711997	3.042510137695343
3.072549686019525	2.5416842689783516
3.0791065437678506	2.0840764930411595
3.0856634015161766	1.6705548690578094
3.0922202592645025	1.30184567823763
3.098777117012828	0.9785318076544895
3.1053339747611535	0.7010516467297464
3.111890832509479	0.4696984978789883
3.1184476902578044	0.28462050079995427
3.12500454800613	0.14582106784740567
3.1315614057544554	0.053159825937277715
3.1381182635027813	0.006354058448212427
3.1446751212511073	0.004980638651345074
3.1512319789994327	0.04847844431142253
3.1577888367477582	0.13615124126670497
3.1643456944960837	0.26717102202330056
3.170902552244409	0.44058178369626694
3.1774594099927347	0.6553037280034584
3.18401626774106	0.9101378644728806
3.190573125489386	1.2037709965716528
3.197129983237712	1.534781069100045
3.2036868409860375	1.9016428539371162
3.210243698734363	2.3027339500633417
3.2168005564826885	2.7363410727409043
3.223357414231014	3.200666605793612
3.2299142719793394	3.6938353901081102
3.2430279874759904	4.758856524721108
3.269255418469293	7.145574782967884
3.2753715982803575	7.739888730037611
3.2814877780914222	8.344705882922199
3.2937201377135517	9.578568214713142
3.3181848569578105	12.0923620580713
3.3243010367688752	12.719951705503476
3.33041721657994	13.343695469098348
3.3426495762020694	14.572883003905169
3.3671142954463282	16.91301617810239
3.373230475257393	17.464595227560196
3.3793466550684577	17.99998828588917
3.391579014690587	19.017100687945174
3.397695194501652	19.496429179198024
3.4038113743127165	19.95479493787641
3.416043733934846	20.804642198760696
3.4221599137459107	21.19431393660996
3.4282760935569754	21.55940631597594
3.43439227336804	21.899208791293034
3.440508453179105	22.213090244677574
3.4466246329901695	22.500499519167807
3.4527408128012342	22.760965692660868
3.458856992612299	22.994098095604883
3.4649731724233637	23.199586076269256
3.4710893522344284	23.377198518331003
3.477205532045493	23.526783116236345
3.483321711856558	23.648265414668806
3.4894378916676225	23.74164761906025
3.4955540714786872	23.80700718492853
3.501670251289752	23.844495194383377
3.5077864311008167	23.854334528804465
3.5139026109118814	23.836817847277974
3.520018790722946	23.792305380927626
3.526134970534011	23.72122255372941
3.5322511503450755	23.624057440885366
3.5383673301561402	23.501358076203452
3.544483509967205	23.353729620302676
3.5505996897782697	23.18183140175733
3.5567158695893344	22.98637384350443
3.562832049400399	22.768115287116924
3.568948229211464	22.527858727631887
3.5750644090225285	22.26644847176317
3.587296768644658	21.683730171799915
3.5934129484557227	21.36428640780619
3.5995291282667874	21.027410493241213
3.611761487888917	20.305378404443324
3.6178776676999815	19.92227772946678
3.6239938475110463	19.52584888399228
3.6362262071331757	18.69725081368037
3.6606909263774345	16.92697856102475
3.6673230609043	16.42801200027216
3.673955195431165	15.923439370721832
3.687219464484895	14.902649902839727
3.7137480025923555	12.849080842400245
3.7203801371192204	12.33998360682274
3.7270122716460854	11.83476981392814
3.7402765406998157	10.839954279880105
3.766805078807276	8.937646973564846
3.773437213334141	8.484819087068246
3.780069347861006	8.042430929870152
3.7933336169147363	7.1912007824207445
3.7999657514416016	6.7833300571457995
3.8065978859684666	6.38784212508779
3.8198621550221965	5.635339632357724
3.8264942895490615	5.278851062728108
3.8331264240759264	4.935799480596507
3.8463906931296568	4.290484571508671
3.853022827656522	3.988336928298193
3.859654962183387	3.699861189467973
3.872919231237117	3.163655590945781
3.879551365763982	2.9156873966802146
3.886183500290847	2.680918925083432
3.892815634817712	2.459137833910291
3.8994477693445773	2.2500988200902743
3.9060799038714427	2.053526102063231
3.9127120383983076	1.8691159401478346
3.9259763074520375	1.5354438210348418
3.9326084419789025	1.3854575539691705
3.9392405765057674	1.2461903280885613
3.9458727110326324	1.1172368641409043
3.9525048455594978	0.9981791453087291
3.959136980086363	0.8885888611735191
3.965769114613228	0.7880297966921925
3.972401249140093	0.696060156726015
3.979033383666958	0.6122348172540066
3.985665518193823	0.5361074950374206
3.9922976527206884	0.4672328281683563
3.9989297872475538	0.4051683605940567
4.005561921774419	0.3494764244182832
4.012194056301284	0.29972591447231767
4.018826190828149	0.2554939503695053
4.025458325355014	0.21636742196638017
4.0320904598818785	0.18194441487435067
4.0387225944087435	0.15183551338120418
4.045354728935608	0.12566497884344038
4.051986863462473	0.10307180231519965
4.058618997989338	0.08371063085258844
4.065251132516203	0.0672525676124072
4.071883267043068	0.05338584649674753
4.078515401569934	0.04181638273086675
4.085147536096799	0.03226820135636822
4.091338992686403	0.02495116445062417
4.097530449276007	0.018976167643868763
4.103721905865612	0.01416249343636663
4.109913362455217	0.010343608332690294
4.116104819044821	0.007367080278263564
4.122296275634425	0.005094429680798692
4.128487732224029	0.0034009172344665987
4.134679188813633	0.002175271961169728
4.140870645403238	0.0013193630545628376
4.147062101992842	0.0007478192649893944
4.1532535585824455	0.00038759969248883784
4.15944501517205	0.0001775199638201831
4.165636471761655	0.00006773785462672618
4.1718279283512585	0.00001920248346457757
4.178019384940862	3.0712469440636066e-6
4.184210841530467	9.86878955831919e-8
4.1904022981200715	1.4898846935237353e-9
4.196593754709675	8.037730054811974e-7
4.202785211299279	8.166827930502586e-6
4.208976667888884	0.000034707368412097295
4.215168124478488	0.00009930830759520737
4.221359581068092	0.00022642597141674477
4.227551037657696	0.0004453975538909585
4.2337424942473	0.0007897524952604572
4.239933950836905	0.0012965313254721701
4.246125407426509	0.002005615364032598
4.252316864016112	0.00295907050284926
4.258508320605717	0.004200508123635692
4.264699777195322	0.00577446601610849
4.270891233784925	0.007725811968785919
4.277082690374529	0.010099172502198191
4.283274146964134	0.012938389005814354
4.289465603553738	0.016286003326420242
4.295657060143342	0.020182774636357217
4.301848516732946	0.024667229191093192
4.3080399733225505	0.029775244359715427
4.314231429912155	0.035539668091910843
4.320422886501759	0.04198997475810627
4.326614343091363	0.04915195808087853
4.332805799680967	0.05704746165557639
4.338997256270572	0.06569414734168973
4.345188712860176	0.07510530159785282
4.351380169449779	0.08528967962679757
4.357571626039384	0.09625138699785356
4.363763082628989	0.10798979822387975
4.369954539218592	0.12049951158447894
4.382337452397801	0.14778733212072678
4.388528908987405	0.1625308367861265
4.394720365577009	0.17797658558393673
4.407103278756217	0.21085541884912204
4.431869105114634	0.2834937571493587
4.481400757831468	0.44487995015962617
4.487470414034831	0.4649847194126706
4.493540070238195	0.484952083769844
4.505679382644923	0.524222927322812
4.511749038848286	0.543401612501227
4.51781869505165	0.562193897913396
4.529958007458378	0.5983805845980156
4.536027663661741	0.6156595365738191
4.542097319865105	0.6323217089272894
4.554236632271833	0.6635874057916508
4.560306288475196	0.6780930781997945
4.56637594467856	0.6917866733411849
4.578515257085288	0.7165738653780444
4.584584913288651	0.7275936808919171
4.590654569492015	0.7376541256390055
4.596724225695379	0.7467269844817941
4.602793881898743	0.7547876901811813
4.608863538102106	0.7618153929343696
4.61493319430547	0.7677930111007858
4.621002850508834	0.7727072632154228
4.627072506712198	0.7765486814789624
4.633142162915561	0.779311607011884
4.639211819118925	0.7809941672432189
4.645281475322289	0.7815982358926044
4.651351131525653	0.7811293760865481
4.657420787729016	0.7795967672188171
4.66349044393238	0.7770131162448901
4.669560100135744	0.7733945541561346
4.675629756339107	0.7687605184470518
4.68169941254247	0.7631336224392369
4.687769068745833	0.7565395123757076
4.693838724949197	0.7490067132395986
4.699908381152561	0.7405664642931713
4.705978037355925	0.7312525453565936
4.712047693559288	0.7211010948758659
4.724187005966016	0.6984408056708671
4.73025666216938	0.6860143060344817
4.736326318372743	0.6729145488876113
4.748465630779471	0.6448763784567692
4.772744255592926	0.582766199084609
4.77881391179629	0.5662634414165362
4.784883567999653	0.5494680466760379
4.797022880406381	0.5151927233864209
4.821301505219836	0.445222200638123
4.869858754846746	0.30919182094675474
4.876444365765909	0.2919380077408467
4.883029976685074	0.27509039574084304
4.896201198523402	0.24273499479787505
4.902786809442566	0.22728017307409562
4.909372420361731	0.21233746028426473
4.922543642200059	0.18406057118610392
4.929129253119223	0.1707549585577551
4.9357148640383866	0.15801868538741692
4.948886085876715	0.13427937772644855
4.955471696795879	0.12328212265818826
4.962057307715043	0.11286597404444065
4.975228529553371	0.0937608655877202
4.981814140472535	0.08505819135616027
4.988399751391699	0.07690947615920984
4.994985362310864	0.06930285790123888
5.001570973230027	0.06222474625016567
5.008156584149191	0.055659981166744074
5.014742195068355	0.049591994022278256
5.02132780598752	0.04400297023210942
5.027913416906683	0.038874012356097463
5.034499027825847	0.03418530264714743
5.041084638745011	0.02991626406565136
5.047670249664176	0.026045718818809478
5.054255860583339	0.022552043528104266
5.060841471502504	0.01941332018107117
5.067427082421668	0.016607482075705088
5.074012693340832	0.014112454024689173
5.080598304259996	0.011906286146820289
5.0871839151791605	0.009967280636813824
5.093769526098324	0.008274110969519724
5.100355137017488	0.006805933062225227
5.106940747936653	0.005542487985597505
5.113526358855816	0.0044641958842613315
5.120111969774981	0.0035522408347529208
5.126697580694145	0.0027886464390348754
5.133283191613309	0.002156342018230542
5.139868802532472	0.0016392193385892664
5.146454413451637	0.001222179866507781
5.153040024370801	0.0008911726126072644
5.159625635289965	0.0006332226856919647
5.166211246209128	0.00043645073558456533
5.172796857128293	0.0002900835189843499
5.179382468047457	0.00018445587446082686
5.185968078966621	0.00011100444119934375
5.192553689885784	0.00006225350070186906
5.199139300804949	0.00003179336156852883
5.205724911724113	0.00001425174408230306
5.212310522643277	5.258653883508061e-6
5.218896133562441	1.405262126153282e-6
5.2254817444816055	1.973333165474831e-7
5.232067355400769	3.761372951190012e-9
5.2386529663199335	7.893630131660796e-10
5.245238577239098	1.1249888204420438e-7
5.2518241881582615	9.481611868868499e-7
5.258409799077426	3.7370440709674852e-6
5.26499540999659	0.000010261266165930327
5.271581020915754	0.000022787284026916648
5.278166631834918	0.00004399658713284917
5.284752242754083	0.00007691616201771047
5.291337853673246	0.00012484926933838594
5.2974827866551495	0.0001862087816997745
5.303627719637053	0.00026666015607651667
5.309772652618956	0.0003692286392716196
5.315917585600859	0.0004969552668230253
5.322062518582762	0.0006528538513404223
5.328207451564666	0.0008398699315902544
5.334352384546569	0.0010608418992954058
5.340497317528472	0.001318464499924923
5.346642250510375	0.0016152548823077336
5.3527871834922784	0.0019535213500330973
5.358932116474182	0.0023353349453923413
5.365077049456085	0.0027625039741871523
5.371221982437988	0.0032365515572085257
5.377366915419891	0.0037586962718323042
5.3835118484017945	0.004329835924931685
5.389656781383698	0.004950534476551081
5.395801714365601	0.005621012112284543
5.401946647347504	0.006341138441691367
5.414236513311311	0.007928043450812156
5.420381446293214	0.008792790029914515
5.426526379275117	0.009703128431955645
5.4388162452389235	0.01165273155468408
5.444961178220827	0.012687261002433774
5.45110611120273	0.013757939777059948
5.463395977166536	0.015995035070998552
5.487975709094148	0.02074959765098779
5.4941206420760516	0.021972931269118576
5.500265575057954	0.023201387184954285
5.51255544102176	0.02565533908175458
5.5187003740036635	0.026871541203133745
5.524845306985567	0.028074333948454662
5.537135172949373	0.030421132979410962
5.543280105931276	0.03155600633046345
5.54942503891318	0.03265925720139455
5.561714904876986	0.03475382905647418
5.567859837858889	0.03573701563549046
5.5740047708407925	0.036672355123078586
5.586294636804599	0.03838543132536358
5.592439569786502	0.03915673442009486
5.598584502768405	0.039867354889192706
5.604729435750309	0.04051474127590066
5.610874368732212	0.041096630480816
5.617019301714115	0.04161105717915659
5.623164234696018	0.04205636131546742
5.629309167677921	0.04243119366387237
5.635454100659825	0.04273451945550094
5.641599033641728	0.04296562008701124
5.647743966623631	0.043124092936968186
5.653888899605534	0.04320984932802557
5.6600338325874375	0.0432231106849296
5.666178765569341	0.043164402948561414
5.672323698551244	0.04303454931661738
5.678468631533147	0.04283466139071406
5.68461356451505	0.04256612881854016
5.691274452212754	0.04219944584840318
5.697935339910457	0.04175650120661309
5.70459622760816	0.041240067293872196
5.711257115305864	0.040653221465009534
5.717918003003568	0.039999321348922694
5.724578890701272	0.03928197885868441
5.737900666096679	0.037672522496516085
5.744561553794382	0.036788656072957525
5.751222441492086	0.03585778459394957
5.764544216887494	0.03387296278551324
5.7911877676783075	0.02953961806595021
5.797848655376011	0.02840735326573904
5.804509543073714	0.02726454376739521
5.817831318469121	0.024964594665437614
5.844474869259935	0.020420358890725725
5.851135756957639	0.019317358788774552
5.857796644655342	0.018234120895463467
5.871118420050749	0.016138183996920095
5.897761970841564	0.012293504113930504
5.904422858539267	0.011415293832054125
5.9110837462369705	0.010572909903884096
5.924405521632378	0.008998954874437805
5.931066409330082	0.008268468249669673
5.937727297027785	0.007575993715993676
5.951049072423192	0.006304881918477106
5.957709960120896	0.005725662620428716
5.964370847818599	0.005183316371527598
5.971031735516302	0.0046771271461432005
5.977692623214006	0.004206233652039878
5.98435351091171	0.0037696437332028956
5.991014398609413	0.003366249006629089
5.997675286307116	0.0029948396032045094
6.00433617400482	0.0026541188866605107
6.010997061702524	0.0023427180294341736
6.017657949400227	0.0020592103301131084
6.02431883709793	0.0018021251636887834
6.030979724795634	0.0015699614632894794
6.0376406124933375	0.0013612006401052615
6.044301500191041	0.0011743188568756606
6.050962387888745	0.001007798579489051
6.057623275586448	0.0008601393408073159
6.064284163284151	0.0007298676606860242
6.070945050981855	0.0006155460763091664
6.077605938679559	0.0005157812471137363
6.084266826377263	0.000429231108867697
6.090927714074967	0.0003546110616083466
6.09758860177267	0.00029069918616114564
6.104249489470373	0.0002363404937241484
6.110910377168077	0.0001904502224195127
6.11744946447954	0.00015265775385616627
6.123988551791003	0.00012116289917904554
6.130527639102466	0.00009514678806816953
6.137066726413929	0.00007385974047429231
6.143605813725392	0.00005662041832391401
6.150144901036855	0.00004281434764877824
6.156683988348318	0.00003189186755058606
6.163223075659781	0.000023365566228041733
6.169762162971244	0.000016807267408229454
6.176301250282707	0.000011844632921784986
6.18284033759417	8.15744883399932e-6
6.189379424905633	5.473663490529194e-6
6.195918512217096	3.565246055103374e-6
6.202457599528559	2.2439336259418474e-6
6.208996686840022	1.3569338273530013e-6
6.215535774151486	7.826479100851761e-7
6.22207486146295	4.26476884484588e-7
6.228613948774413	2.1677009047991173e-7
6.235153036085876	1.0097191500490916e-7
6.241692123397339	4.201814610819217e-8
6.248231210708802	1.502875093719932e-8
6.254770298020265	4.338734628815296e-9
6.261309385331728	9.032340836834308e-10
6.267848472643191	1.0718314195544371e-10
6.274387559954654	3.814478025148454e-12
6.280926647266117	1.090409703954217e-15
6.28746573457758	5.04045964520165e-14
6.294004821889043	1.3111155985004738e-11
6.300543909200506	2.2290200234750034e-10
6.307082996511969	1.5120853858136747e-9
6.313622083823432	6.427353705450842e-9
6.320161171134895	2.0565229020397916e-8
6.326700258446358	5.4352761862917234e-8
6.333239345757821	1.2519180633084428e-7
6.339778433069284	2.599304013989715e-7
6.346317520380747	4.976200527680578e-7
6.35285660769221	8.925134322026194e-7
6.359395695003673	1.5172532340521298e-6
6.365934782315136	2.466199689562675e-6
6.3724738696265995	3.858841570390814e-6
6.3790129569380625	5.843233441375472e-6
6.3855520442495255	8.599400470627361e-6
6.3920911315609885	0.00001234265128757743
6.3986302188724515	0.000017326739209127273
6.405169306183915	0.000023846812630749054
6.411708393495378	0.0000322420965089158
6.418247480806841	0.00004289824862429881
6.4247865681183045	0.00005624933671404834
6.431325655429768	0.0000727793855606642
6.437864742741231	0.00009302344671207062
6.4444038300526945	0.0001175681476462196
6.4509429173641575	0.00014705168185142763
6.4574820046756205	0.00018216320642450097
6.4640210919870835	0.0002236416193615879
6.4705601792985465	0.00027227369466320154
6.47709926661001	0.0003288915596634387
6.483638353921473	0.0003943695055473971
6.490177441232936	0.000469620128803589
6.496716528544399	0.0005555898082842453
6.503255615855862	0.0006532535295813326
6.509794703167325	0.0007636090754731201
6.516333790478788	0.0008876706082242307
6.522872877790251	0.0010264616764313805
6.529411965101714	0.0011810076858750245
6.5355103744759155	0.001340234809800261
6.541608783850118	0.001514867095251334
6.547707193224321	0.0017057027896610654
6.553805602598523	0.001913516422283054
6.5599040119727245	0.0021390521966592533
6.566002421346927	0.0023830172582206812
6.578199240095332	0.0029288376410706515
6.5842976494695336	0.00323186057041508
6.590396058843736	0.0035556344372428103
6.602592877592141	0.004267037121611678
6.608691286966343	0.0046552674478907265
6.614789696340544	0.005065439589888205
6.626986515088949	0.005951806772673462
6.633084924463152	0.006427845095289177
6.639183333837353	0.006925502753780966
6.651380152585757	0.007984146822053239
6.675773790082566	0.010337411180140036
6.681872199456768	0.01096986209388087
6.6879706088309705	0.011617755722724698
6.700167427579375	0.012954489184205541
6.724561065076184	0.015747727606142865
6.730659474450386	0.016460593916738334
6.7367578838245885	0.017175339883497
6.748954702572993	0.018601941345488714
6.773348340069802	0.02138054398103424
6.779446749444004	0.022046035675322546
6.7855451588182065	0.022695106928213363
6.797741977566611	0.023934483023040444
6.803840386940813	0.024520092353337946
6.809938796315015	0.0250799149273932
6.822135615063419	0.02611332703774342
6.828234024437622	0.026582660883492388
6.834332433811824	0.027017720839367623
6.8404308431860255	0.027416613859295603
6.846529252560227	0.027777561611395878
6.852627661934429	0.02809891138708528
6.858726071308632	0.028379146488098243
6.8648244806828345	0.02861689601808594
6.870922890057036	0.028810944007934065
6.877021299431238	0.02896023780730811
6.883119708805441	0.029063895678250008
6.8892181181796435	0.029121213531012508
6.895316527553845	0.029131670746716222
6.901414936928047	0.029094935036470194
6.90751334630225	0.02901086629207354
6.9136117556764525	0.028879519389045313
6.919710165050654	0.02870114590924628
6.926324529140657	0.028455044916521503
6.932938893230659	0.028154989265194576
6.939553257320662	0.0278020831139001
6.946167621410664	0.02739769596426187
6.952781985500667	0.026943456387758757
6.959396349590669	0.026441243912734145
6.966010713680672	0.02589317910541801
6.972625077770674	0.02530161189275696
6.979239441860677	0.024669108189299054
6.985853805950679	0.02399843490450432
6.999082534130684	0.022554551643140096
7.025539990490695	0.019348657581105856
7.0321543545806975	0.018501350913807776
7.038768718670701	0.017642995212700137
7.051997446850706	0.015907878197701657
7.078454903210716	0.012465174842882558
7.085069267300718	0.011630382389653405
7.091683631390721	0.01081236806281083
7.104912359570726	0.009238213812642329
7.111526723660728	0.008487347650017168
7.118141087750731	0.0077637733210467064
7.131369815930736	0.0064065184362710305
7.137984180020738	0.005776206878296682
7.144598544110741	0.005179906670018928
7.151212908200743	0.004618624505156595
7.157827272290746	0.004093087298632302
7.164441636380748	0.00360374112274839
7.171056000470751	0.003150752637039837
7.177670364560753	0.0027340130473352572
7.184284728650756	0.002353144610857073
7.190899092740758	0.002007509684754569
7.197513456830761	0.0016962222955879563
7.204127820920763	0.0014181621874201813
7.210742185010766	0.0011719912859856868
7.217356549100768	0.0009561724964370621
7.223970913190771	0.000768990732300496
7.230585277280774	0.000608576053862326
7.237199641370776	0.0004729287751725748
7.243814005460779	0.0003599463806541699
7.250428369550782	0.00026745207469386936
7.257042733640785	0.00019322477107812193
7.263657097730787	0.00013503031364446832
7.27027146182079	0.00009065370526744608
7.276885825910792	0.00005793210930895687
7.283500190000795	0.00003478837624280219
7.290114554090797	0.00001926483823827874
7.2967289181808	9.557106241903938e-6
7.303343282270802	4.047597649698118e-6
7.309957646360805	1.3385180071050816e-6
7.316572010450807	2.840174806692133e-7
7.32318637454081	2.1242085435244614e-8
7.329800738630812	9.220700399114552e-13
7.336415102720815	1.077398733683138e-8
7.343029466810817	2.107904895892784e-7
7.349203152963559	1.045589296812367e-6
7.355376839116301	3.2875992449184936e-6
7.361550525269042	8.031880486611553e-6
7.367724211421784	0.000016711084984382273
7.373897897574526	0.00003110484386137438
7.3800715837272675	0.00005334698180318342
7.386245269880009	0.00008593044673648533
7.392418956032751	0.0001317098547197911
7.398592642185493	0.00019390156248991428
7.404766328338234	0.0002760811934819167
7.410940014490976	0.0003821785571998718
7.417113700643718	0.0005164699165435471
7.423287386796459	0.000683567573037894
7.4294610729492	0.0008884067556965223
7.4356347591019425	0.0011362298155712844
7.441808445254684	0.0014325677444622972
7.447982131407425	0.0017832190532036459
7.454155817560167	0.0021942260618589664
7.4603295037129085	0.0026718486709629294
7.46650318986565	0.0032225357001649003
7.472676876018392	0.003852893897071582
7.478850562171133	0.004569654735801786
7.4850242483238745	0.005379639140729291
7.491197934476617	0.006289720286597893
7.497371620629359	0.007306784641353817
7.5035453067821	0.008437691432241873
7.509718992934841	0.009689230729430285
7.5158926790875835	0.01106808035447279
7.522066365240326	0.012580761832126945
7.528240051393067	0.014233595615496128
7.54058742369855	0.01798372473967537
7.546761109851293	0.020092247323685638
7.552934796004034	0.022363286002374486
7.559108482156775	0.02480147599965036
7.565282168309517	0.02741098147706232
7.571455854462259	0.03019545275387911
7.577629540615001	0.03315798487645354
7.589976912920484	0.0396265984856039
7.596150599073226	0.04313574506012201
7.602324285225968	0.046829013481208645
7.614671657531451	0.05476620713322108
7.639366402142417	0.0727873641011156
7.645540088295158	0.07771870375616712
7.6517137744479005	0.0828098239357637
7.664061146753383	0.09344328022451638
7.68875589136435	0.11627073804827448
7.738145380586284	0.16555098047604536
7.744835021454826	0.17229100783619453
7.751524662323368	0.17898200391629124
7.7649039440604515	0.19212847573678143
7.771593584928993	0.19853905239626424
7.778283225797535	0.20481101082779274
7.791662507534619	0.2168485730796021
7.798352148403161	0.22256933705339552
7.805041789271703	0.22806203288474586
7.811731430140245	0.2333051689474091
7.818421071008787	0.23827783300116392
7.825110711877329	0.2429598066930281
7.831800352745871	0.24733167835515696
7.838489993614413	0.25137495338988863
7.845179634482956	0.25507216153931805
7.851869275351499	0.25840696033943256
7.858558916220041	0.26136423407330855
7.865248557088583	0.2639301875512592
7.871938197957125	0.2660924340682614
7.8786278388256665	0.26784007691252193
7.8853174796942085	0.26916378382930073
7.89200712056275	0.27005585387809833
7.898696761431292	0.2705102761575401
7.905386402299834	0.2705227799175248
7.912076043168376	0.2700908756195769
7.918765684036918	0.2692138865605064
7.92545532490546	0.26789297072364915
7.932144965774002	0.2661311325788145
7.938834606642544	0.26393322461151825
7.945524247511086	0.2613059384224168
7.952213888379628	0.25825778530046467
7.95890352924817	0.25479906623888415
7.965593170116712	0.25094183142913434
7.972282810985254	0.24669982933566112
7.978972451853796	0.2420884455192106
7.985662092722338	0.23712463144976173
7.99235173359088	0.23182682361134024
8.005731015327964	0.22030984735730733
8.012420656196506	0.2141341209264244
8.019110297065048	0.20771106181824234
8.032489578802132	0.19422111890727894
8.0592481422763	0.16539144294977343
8.065937783144841	0.1579548038992404
8.072627424013383	0.1504806707269977
8.086006705750467	0.13552721061600137
8.112765269224635	0.10632265540541988
8.119454910093177	0.09930964080040049
8.126144550961719	0.09245646323070336
8.139523832698803	0.07930870637271804
8.146213473567345	0.07305001085556365
8.152903114435887	0.06702272510128952
8.166282396172972	0.055716062439689004
8.172850236655275	0.050552316616094474
8.179418077137576	0.04565451173663633
8.185985917619877	0.04102884159374217
8.192553758102179	0.03667971652746748
8.19912159858448	0.032609760166206724
8.205689439066782	0.028819819265579444
8.218825120031386	0.022074638737540113
8.225392960513688	0.019112483610313948
8.231960800995989	0.01641662638614071
8.23852864147829	0.013979644969586579
8.245096481960593	0.01179268005165327
8.251664322442895	0.009845537705218725
8.258232162925196	0.008126804391361382
8.264800003407498	0.006623973914733826
8.271367843889799	0.005323585781903774
8.2779356843721	0.004211374335731037
8.2845035248544	0.0032724279591424222
8.291071365336702	0.002491357564669296
8.297639205819005	0.0018524735124024125
8.304207046301308	0.0013399700282890102
8.310774886783609	0.0009381161286596543
8.31734272726591	0.0006314519944286751
8.32391056774821	0.00040498968165693155
8.330478408230512	0.00024441700295905534
8.337046248712813	0.00013630336825827587
8.343614089195114	0.00006830633303153327
8.350181929677417	0.00002937756847560928
8.35674977015972	9.966940786725039e-6
8.36331761064202	2.2233665949481804e-6
8.369885451124322	1.910985219933613e-7
8.376453291606623	8.919695053933668e-11
8.383021132088924	4.9083977711801994e-8
8.389588972571225	1.180102190531709e-6
8.396156813053526	6.842984046325163e-6
8.402724653535829	0.00002324870552466311
8.409292494018132	0.00005951019646322917
8.415860334500433	0.00012776943778021867
8.422428174982734	0.00024330966213191062
8.428996015465035	0.0004246515382180243
8.435563855947336	0.0006936322822014588
8.442131696429637	0.0010754667102034377
8.448699536911938	0.0015987893230366807
8.455267377394241	0.0022956765983242733
8.461835217876544	0.003201648755321177
8.468403058358845	0.00435565035367624
8.474970898841146	0.005800009188909662
8.481538739323447	0.00758037305378154
8.488106579805748	0.00974562404567398
8.49467442028805	0.012347770215139548
8.50124226077035	0.01544181446894084
8.507810101252653	0.019085600762268777
8.514377941734956	0.023339637738249493
8.520945782217257	0.028266900097709068
8.527513622699558	0.033932608109190916
8.53408146318186	0.04040398579349241
8.54064930366416	0.04774999844629011
8.547217144146462	0.056041070284162664
8.553784984628763	0.06534878312504354
8.560352825111066	0.07574555713434872
8.566920665593369	0.08730431478543482
8.57348850607567	0.10009812929913744
8.58005634655797	0.11419985893467517
8.586624187040272	0.12968176861045697
8.592751349585313	0.1454321285292813
8.598878512130353	0.16250252387631461
8.605005674675393	0.18094842254089177
8.611132837220435	0.20082366774723356
8.617259999765476	0.22218018421589208
8.623387162310516	0.2450676827704673
8.635641487400598	0.29562162664148167
8.64176864994564	0.3233737687614861
8.64789581249068	0.3528277050498187
8.66015013758076	0.4169739881986012
8.6662773001258	0.4517227085446444
8.67240446267084	0.4882854378349521
8.684658787760922	0.5669154130144158
8.690785950305962	0.6090012461165285
8.696913112851004	0.6529378213061531
8.709167437941083	0.7463400776794005
8.733676088121246	0.9547659667171597
8.739803250666288	1.0112014729149406
8.745930413211328	1.069282924682005
8.75818473830141	1.190160268207693
8.782693388481572	1.4488432610974575
8.788820551026614	1.5165634959905319
8.794947713571654	1.5853147021981093
8.807202038661735	1.7254840876570396
8.831710688841898	2.0131966442240303
8.83783785138694	2.0859147219712493
8.84396501393198	2.158674381693962
8.856219339022061	2.3037377957992025
8.880727989202224	2.587803597630157
8.886855151747266	2.6566472260407314
8.892982314292306	2.7243034990765094
8.905236639382387	2.8554126121129784
8.911363801927429	2.918545426185344
8.917490964472469	2.979851836391579
8.92974528956255	3.0963591865255613
8.935872452107592	3.1512527404912856
8.941999614652632	3.2037061491895074
8.948126777197672	3.253573779429924
8.954253939742713	3.3007141418822465
8.960381102287753	3.3449903943106016
8.966508264832793	3.386270837068185
8.972635427377835	3.4244293989775945
8.978762589922875	3.4593461117407722
8.985405707183716	3.4934086990052546
8.992048824444556	3.5233920859362344
8.998691941705397	3.549171401285226
9.005335058966239	3.5706327123158985
9.01197817622708	3.587673602518666
9.018621293487922	3.60020371307657
9.025264410748763	3.6081452453901957
9.031907528009604	3.611433422102588
9.038550645270446	3.6100169042115495
9.045193762531287	3.6038581620530477
9.051836879792127	3.5929337980707823
9.058479997052968	3.5772348195270647
9.06512311431381	3.556766859462086
9.07176623157465	3.5315503444558347
9.078409348835491	3.501620607929184
9.085052466096332	3.467027947978157
9.091695583357174	3.4278376289307184
9.098338700618015	3.384129826076686
9.104981817878855	3.335999513252726
9.111624935139696	3.2835562931981253
9.118268052400538	3.226924170857134
9.124911169661377	3.166241270028719
9.13819740418306	3.0333441313329104
9.144840521443902	2.961473407084063
9.151483638704743	2.886237982305044
9.164769873226424	2.7264944939513347
9.191342342269788	2.376261523904574
9.19798545953063	2.2837285009791746
9.204628576791471	2.1897277795290417
9.217914811313152	1.9984175961728092
9.244487280356516	1.6104500950300258
9.251130397617358	1.514014866149516
9.257773514878199	1.4183774298093852
9.27105974939988	1.2306350805958177
9.297632218443244	0.8770443017060429
9.304275335704085	0.7947612868683829
9.310918452964927	0.7154280823119501
9.324204687486608	0.5665474004360138
9.33084780474745	0.49744194708179257
9.33749092200829	0.43216880262863366
9.350777156529972	0.3138722716927579
9.357420273790813	0.2611920253739228
9.364063391051655	0.21302917798973547
9.370706508312495	0.16951943597799013
9.377349625573336	0.13078327241562945
9.383992742834177	0.09692551997745999
9.390635860095017	0.0680350216991974
9.397278977355858	0.04418434087797565
9.4039220946167	0.025429531197548195
9.41012453394028	0.012553867911505303
9.41632697326386	0.004173741769909885
9.42252941258744	0.0002952030530869817
9.42873185191102	0.0009115195153269214
9.434934291234601	0.006003224954518227
9.441136730558181	0.015538208533995096
9.447339169881761	0.02947184446089342
9.453541609205342	0.04774716148046804
9.459744048528922	0.07029505150336801
9.465946487852502	0.09703451654334595
9.472148927176082	0.1278729530069254
9.478351366499663	0.16270647224453488
9.484553805823243	0.20142025614482736
9.490756245146823	0.24388894643226483
9.503161123793982	0.3395394721788728
9.50936356311756	0.3924218358625761
9.51556600244114	0.44846115206172177
9.5279708810883	0.5693184639781182
9.552780638382622	0.8409106916884526
9.558983077706202	0.9138732594433958
9.565185517029782	0.9884448317720937
9.577590395676943	1.1415536415082541
9.602400152971263	1.4574998708262266
9.608602592294844	1.537227575442548
9.614805031618424	1.6168130878806564
9.627209910265584	1.7746949556566094
9.652019667559905	2.0794510955687806
9.658222106883485	2.1521793139651546
9.664424546207066	2.2231445302628785
9.676829424854226	2.3590801296289396
9.683031864177806	2.4237158128838714
9.689234303501387	2.48591994041095
9.701639182148547	2.6024530703631368
9.707841621472127	2.6565138624619777
9.714044060795707	2.707607274896651
9.720246500119288	2.755622505594069
9.726448939442868	2.8004584935869197
9.732651378766448	2.8420240990953194
9.738853818090028	2.880238249023825
9.745056257413609	2.915030047768744
9.751258696737189	2.9463388533708925
9.757461136060769	2.97411431915382
9.76366357538435	2.99831640113746
9.76986601470793	3.0189153316219084
9.77606845403151	3.035891559468024
9.78227089335509	3.049235657708363
9.78847333267867	3.0589481992492136
9.79467577200225	3.0650396015135284
9.800878211325829	3.067529941001235
9.806958850263168	3.06650411894609
9.81303948920051	3.062082025441494
9.819120128137849	3.054308321687969
9.825200767075188	3.0432356603852915
9.831281406012527	3.028924398690946
9.837362044949867	3.011442291217555
9.843442683887206	2.9908641644024963
9.849523322824545	2.9672715736512125
9.855603961761885	2.9407524446689326
9.861684600699224	2.911400700461992
9.867765239636565	2.8793158755022796
9.873845878573904	2.8446027185793286
9.879926517511244	2.8073707858922456
9.886007156448585	2.767734025922376
9.898168434323264	2.6817212438073366
9.904249073260603	2.6355912603132285
9.910329712197942	2.587547664136605
9.922490990072623	2.4862394708219004
9.946813545821982	2.2664557554302927
9.995458657320698	1.7880100515354538
10.001539296258038	1.7270673519610942
10.007619935195379	1.666273852606345
10.019781213070058	1.5455772432276333
10.044103768819415	1.3106160083632814
10.050184407756754	1.253761829216932
10.056265046694094	1.197830380177034
10.068426324568774	1.0890322577562366
10.092748880318133	0.8854806204764528
10.098829519255473	0.8378293252403373
10.104910158192812	0.7915581203799988
10.117071436067492	0.7032851944797972
10.123152075004832	0.6613353278906653
10.129232713942173	0.6208694362841896
10.141393991816852	0.5444392463979879
10.147474630754191	0.5084881169264454
10.15355526969153	0.47404758900404087
10.165716547566209	0.40967660088110724
10.171797186503548	0.3797252116342369
10.177877825440888	0.35124293982019805
10.190039103315568	0.29860375268542333
10.196635696968709	0.27240737283070593
10.203232290621848	0.24782188816743553
10.209828884274987	0.22480647559033382
10.216425477928128	0.20331697524882494
10.22302207158127	0.1833062287357938
10.229618665234408	0.16472441832908463
10.242811852540688	0.13163706810995923
10.24940844619383	0.1170216317145823
10.256005039846968	0.10361599856104359
10.262601633500108	0.09136206779697002
10.269198227153248	0.08020104858593177
10.27579482080639	0.07007376384815081
10.282391414459529	0.060920943583087334
10.288988008112668	0.05268350667076057
10.295584601765809	0.045302830136703685
10.30218119541895	0.03872100495692841
10.308777789072089	0.03288107757246167
10.315374382725228	0.027727276379641418
10.321970976378369	0.023205222558159846
10.32856757003151	0.01926212469804461
10.335164163684649	0.015846956784446746
10.341760757337788	0.012910619197235882
10.348357350990929	0.010406082480611454
10.35495394464407	0.008288513733280316
10.361550538297209	0.006515385565671981
10.368147131950348	0.005046567662169994
10.374743725603489	0.0038444010773190525
10.38134031925663	0.002873755481754135
10.387936912909769	0.0021020696573815926
10.394533506562908	0.001499375621561438
10.401130100216049	0.0010383068361568117
10.40772669386919	0.0006940910288189386
10.414323287522329	0.00044452822104605567
10.420919881175468	0.0002699546196318559
10.427516474828609	0.00015319308520865196
10.43411306848175	0.00007949094316190247
10.44070966213489	0.00003644594858172898
10.447306255788028	0.000013921257419001086
10.45390284944117	3.950291099386188e-6
10.46049944309431	6.324109775254524e-7
10.46709603674745	2.0342536709329243e-8
10.473692630400588	3.0690119564936174e-10
10.48028922405373	1.6582922214264533e-7
10.48688581770687	1.6861998150767049e-6
10.49348241136001	7.170564694428215e-6
10.500079005013149	0.000020528617480755662
10.50667559866629	0.000046828854717367195
10.51327219231943	0.00009215534158282258
10.51986878597257	0.00016346391503730868
10.526465379625709	0.0002684387268508246
10.53306197327885	0.0004153499998760342
10.53965856693199	0.000612913837791384
10.54625516058513	0.000870154891403207
10.552851754238269	0.001196272643954569
10.55944834789141	0.0016005120340594836
10.56604494154455	0.0020920390878547915
10.57264153519769	0.0026798221826398183
10.579238128850829	0.0033725195125201748
10.58583472250397	0.004178373272758372
10.59243131615711	0.005105111024602836
10.59902790981025	0.006159854645639781
10.605624503463389	0.007349037213505558
10.61222109711653	0.008678328112977371
10.618377012832408	0.010049479388894072
10.624532928548287	0.011550103913396942
10.630688844264167	0.013182729793678613
10.636844759980047	0.014949147544979516
10.643000675695927	0.016850386797021735
10.649156591411804	0.01888669879749473
10.661468422843562	0.023361589252184414
10.667624338559442	0.02579670066961613
10.673780254275322	0.02835995505843256
10.68609208570708	0.03385530323933726
10.710715748570596	0.04617054039069777
10.716871664286476	0.04948574914755086
10.723027580002356	0.05287941373781831
10.735339411434113	0.05986545400452123
10.75996307429763	0.07435096076269553
10.76611899001351	0.07801659010349188
10.772274905729388	0.08167741212034985
10.784586737161145	0.08893850313708743
10.809210400024662	0.10289540436724672
10.81536631574054	0.10620070104887074
10.82152223145642	0.10941052522200156
10.83383406288818	0.11550234358059105
10.83998997860406	0.11836459378864453
10.846145894319937	0.12109197144052557
10.858457725751695	0.12610777412297552
10.864613641467574	0.12838039454264144
10.870769557183454	0.13048659775057667
10.876925472899334	0.13241998384611342
10.883081388615212	0.13417480037295448
10.88923730433109	0.1357459627704437
10.89539322004697	0.13712907128795615
10.90154913576285	0.13832042433428185
10.907705051478729	0.13931702824985515
10.913860967194609	0.14011660351189978
10.920016882910488	0.14071758739971194
10.926172798626368	0.14111913316706967
10.932328714342246	0.14132110578506726
10.938484630058124	0.14132407433711514
10.944640545774003	0.14112930116293085
10.950796461489883	0.14073872786446354
10.956952377205763	0.14015495830079966
10.963108292921643	0.13938123871261665
10.96926420863752	0.1384214351290437
10.975420124353398	0.1372800082214471
10.981576040069278	0.13596198577870236
10.987731955785158	0.1344729329871222
10.993887871501038	0.13281892070704038
11.000043787216917	0.1310064919440541
11.006199702932795	0.12904262671834943
11.012871573364475	0.12675173014576385
11.019543443796154	0.1243014991602684
11.032887184659513	0.11896468913324573
11.039559055091193	0.11609983671442926
11.046230925522872	0.11311898287395977
11.059574666386231	0.10685537901789471
11.06624653681791	0.10359598026960336
11.07291840724959	0.10026716448465547
11.086262148112949	0.09344802933942419
11.112949629839667	0.0794830665453519
11.119621500271347	0.07598758352642505
11.126293370703026	0.07251102420198825
11.139637111566385	0.0656527458269306
11.166324593293103	0.05255537689561296
11.172996463724783	0.04945390566943287
11.179668334156462	0.046434396516591404
11.193012075019821	0.04066222893095405
11.1996839454515	0.03791856756383517
11.20635581588318	0.035274861620131354
11.219699556746539	0.030298804342887335
11.226371427178218	0.027970754168825936
11.233043297609898	0.025751286368246206
11.246387038473257	0.021640647938567032
11.253058908904936	0.019749470087863638
11.259730779336616	0.017966904991127127
11.273074520199975	0.014722463006289507
11.279746390631654	0.013256979384954634
11.286418261063334	0.011892953462366719
11.293090131495013	0.010627683555150121
11.299762001926693	0.009458164788080295
11.306433872358372	0.00838112131959829
11.313105742790052	0.0073930389152817326
11.319777613221731	0.006490197650402274
11.32644948365341	0.005668704528433207
11.33312135408509	0.0049245258089775056
11.33979322451677	0.004253518847149824
11.34646509494845	0.0036514632550924578
11.353136965380129	0.003114091206882116
11.359808835811808	0.0026371167189960343
11.366480706243488	0.00221626375046695
11.373152576675167	0.0018472929793945266
11.379824447106847	0.001526027125885176
11.386496317538526	0.00124837470508814
11.393168187970206	0.0010103521081588278
11.399840058401885	0.000808103923525993
11.406511928833565	0.0006379214253860005
11.413183799265244	0.000496259171094551
11.419855669696924	0.00037974966385695885
11.426527540128603	0.00028521605172165
11.433199410560283	0.0002096828482565964
11.439749480605723	0.00015133714198507716
11.446299550651162	0.0001062251070776731
11.4528496206966	0.00007213928483314787
11.459399690742039	0.00004708085368057429
11.465949760787478	0.000029260696536961566
11.472499830832916	0.000017098865162919202
11.479049900878355	9.222505182883194e-6
11.485599970923793	4.46231394571459e-6
11.492150040969232	1.8476111658794297e-6
11.49870011101467	6.001093266227048e-7
11.50525018106011	1.2647706069421053e-7
11.51180025110555	9.794161734764509e-9
11.51835032115099	1.494793158611728e-12
11.524900391196429	3.4528547622653642e-9
11.531450461241867	7.167876639357153e-8
11.538000531287306	3.8947432763111507e-7
11.544550601332745	1.2624244766510817e-6
11.551100671378183	3.1039805241765394e-6
11.557650741423622	6.42220145478845e-6
11.564200811469062	0.000011806272383230713
11.570750881514503	0.00001991291068893086
11.577300951559941	0.000031452767758759166
11.58385102160538	0.000047176931011684166
11.590401091650818	0.00006786362695600901
11.596951161696257	0.00009430522151972265
11.603501231741696	0.00012729560884152527
11.610051301787134	0.00016761807411056962
11.616601371832575	0.0002160337100522922
11.623151441878015	0.00027327046019467907
11.629701511923454	0.00034001285531722595
11.636251581968892	0.0004168925023785524
11.642801652014331	0.000504479377954168
11.64935172205977	0.0006032739707338024
11.655901792105208	0.000713700310032664
11.662451862150647	0.0008360999096078106
11.669001932196087	0.0009707266484133713
11.675552002241528	0.0011177426023261249
11.682102072286966	0.001277214833312953
11.695202212377843	0.001633308727818753
11.701752282423282	0.0018295738851066467
11.70830235246872	0.002037582474619264
11.7214024925596	0.0024870427821831144
11.747602772741356	0.0035021158552355396
11.754152842786795	0.003775435000496924
11.760702912832233	0.004054684328747117
11.773803052923112	0.004626701264873866
11.800003333104868	0.005792448106710613
11.806553403150307	0.006081323272360583
11.813103473195746	0.00636668638568508
11.826203613286625	0.006921918458992859
11.832753683332065	0.007189350642754907
11.839303753377504	0.007448413059183126
11.85240389346838	0.00793690879209563
11.85851328557656	0.008149293676442371
11.864622677684737	0.008350736075573835
11.870732069792915	0.00854047969888679
11.876841461901094	0.008717819628998945
11.882950854009273	0.008882105793652695
11.88906024611745	0.009032746068438699
11.895169638225628	0.009169208996551896
11.901279030333807	0.009291026114768756
11.907388422441986	0.009397793877428815
11.913497814550164	0.00948917517316939
11.919607206658341	0.00956490043180159
11.92571659876652	0.009624768321484943
11.931825990874698	0.009668646039021973
11.937935382982875	0.009696469198666496
11.944044775091054	0.009708241327353474
11.950154167199232	0.009704032976614528
11.95626355930741	0.009683980463771225
11.962372951415588	0.009648284257091501
11.968482343523766	0.009597207021608397
11.974591735631943	0.009531071344180502
11.980701127740122	0.009450257158006842
11.9868105198483	0.009355198888401037
11.992919911956477	0.009246382342866798
11.999029304064656	0.009124341369799645
12.005138696172835	0.008989654311061596
12.011248088281013	0.008842940274416025
12.02346687249737	0.008516088115564119
12.029576264605549	0.00833735650467498
12.035685656713726	0.008149402653681663
12.047904440930083	0.007748894775004223
12.054013833038262	0.007537910110120616
12.06012322514644	0.007320833501252175
12.072342009362796	0.0068716115229574
12.096779577795507	0.005935097006097028
12.102888969903685	0.005697533418884992
12.108998362011864	0.005460068119596878
12.121217146228219	0.004988188424260967
12.145654714660932	0.004074256559302822
12.151764106769111	0.0038552682740878156
12.157873498877288	0.003641056739639184
12.170092283093645	0.0032286112076297764
12.176201675201824	0.0030311007241976677
12.182311067310001	0.002839813488817555
12.194529851526358	0.002476912234200882
12.200639243634537	0.002305700546257074
12.206748635742715	0.002141518106206962
12.218967419959071	0.0018346249893297164
12.225076812067249	0.0016920163945390698
12.231186204175426	0.001556644050153067
12.243404988391783	0.0013074489085935716
12.250030335215762	0.001184166474898913
12.256655682039739	0.0010690245558849592
12.263281028863718	0.0009618388618458835
12.269906375687697	0.0008623948550030913
12.276531722511674	0.0007704509936832291
12.283157069335653	0.0006857420133089198
12.289782416159632	0.000607982215660158
12.296407762983609	0.000536868738775097
12.303033109807588	0.0004720847810238741
12.309658456631567	0.00041330275422561246
12.316283803455544	0.0003601873422299814
12.322909150279523	0.00031239844306740945
12.329534497103502	0.0002695939746389965
12.33615984392748	0.00023143252588583827
12.342785190751458	0.00019757583747121653
12.349410537575437	0.00016769109818380438
12.356035884399416	0.0001414530455063951
12.362661231223395	0.00011854586109067989
12.369286578047372	0.0000986648541753703
12.375911924871351	0.00008151792830572303
12.38253727169533	0.00006682682899497952
12.389162618519308	0.00005432817222284918
12.395787965343287	0.000043774255851101154
12.402413312167266	0.00003493365814969763
12.409038658991244	0.000027591629635286987
12.415664005815223	0.00002155028632258589
12.4222893526392	0.00001662861425559154
12.42891469946318	0.000012662296805957992
12.435540046287159	9.50337769234685e-6
12.442165393111136	7.019773968020264e-6
12.448790739935115	5.094654342688194e-6
12.455416086759094	3.6256991362819503e-6
12.462041433583073	2.524258901047163e-6
12.468666780407052	1.7144292931996881e-6
12.475292127231029	1.1320601206415168e-6
12.481917474055008	7.237166402095265e-7
12.488542820878987	4.4561112806454544e-7
12.495168167702964	2.625225028545495e-7
12.501793514526943	1.4672134851472337e-7
12.508418861350922	7.69170687941908e-8
12.515044208174901	3.72431169797661e-8
12.52166955499888	1.6295292028145037e-8
12.528294901822857	6.236987536173599e-9
12.534920248646836	1.984035610796105e-9
12.541545595470815	4.804175227591517e-10
12.548170942294792	7.463221304517895e-11
12.554796289118771	4.938105481419864e-12
12.56142163594275	3.0164680738808423e-14
12.56804698276673	4.5521774306669163e-17
12.574672329590708	6.70477253094899e-13
12.581297676414685	2.261390918752712e-11
12.587923023238664	2.0437831681490622e-10
12.594548370062643	1.0176683035320547e-9
12.60117371688662	3.600485446447156e-9
12.6077990637106	1.0202536093643585e-8
12.614424410534578	2.47355849189075e-8
12.621049757358557	5.341988518472643e-8
12.627675104182536	1.0551636782150186e-7
12.634300451006514	1.941329360447067e-7
12.640925797830493	3.370920042773949e-7
12.647551144654471	5.578453522427723e-7
12.654176491478449	8.864214488146259e-7
12.660801838302428	1.3603896452392584e-6
12.667427185126407	2.02582505264447e-6
12.673611854013124	2.8686395665828816e-6
12.679796522899842	3.9798920465023735e-6
12.68598119178656	5.421376855182847e-6
12.692165860673278	7.263952985806991e-6
12.698350529559995	9.588063607437318e-6
12.704535198446713	0.000012484192458566576
12.710719867333431	0.000016053247613117622
12.716904536220149	0.000020406863624033955
12.723089205106866	0.000025667613623478293
12.729273873993584	0.00003196912362040247
12.735458542880302	0.00003945608198368575
12.74164321176702	0.00004828413792257572
12.747827880653738	0.00005861968367668063
12.754012549540455	0.00007063951608718164
12.760197218427173	0.0000845303742463466
12.766381887313889	0.0001004883509915994
12.772566556200605	0.00011871817712706056
12.778751225087323	0.0001394323784010454
12.78493589397404	0.00016285030644033646
12.791120562860758	0.0001891970460291608
12.797305231747476	0.0002187022023111311
12.803489900634194	0.0002515985726809393
12.809674569520912	0.0002881207093048012
12.81585923840763	0.00032850337935441
12.822043907294347	0.0003729799311607164
12.828228576181065	0.0004217805755545647
12.834413245067783	0.0004751305926915865
12.8405979139545	0.000533248475602497
12.846782582841218	0.0005963440226083535
12.852967251727936	0.0006646163915377124
12.865336589501371	0.0008174231918553506
12.87152125838809	0.0009022849671548329
12.877705927274807	0.0009929743200190594
12.890075265048242	0.001192279125622509
12.89625993393496	0.001301058673848916
12.902444602821678	0.001415990467686239
12.914813940595113	0.0016643485986633732
12.920998609481831	0.0017977200417345297
12.927183278368549	0.001937131325807337
12.939552616141984	0.002233612371841319
12.964291291688854	0.002892065525418283
12.97047596057557	0.003068843240706194
12.976660629462287	0.0032498389368899277
12.989029967235723	0.003622912832157823
13.013768642782594	0.004400575182529849
13.019953311669312	0.004598536860614257
13.02613798055603	0.004796774447337444
13.038507318329465	0.005191612030460697
13.063245993876336	0.0059565686902511026
13.069308862376813	0.006135204209412191
13.07537173087729	0.006309060775259609
13.087497467878244	0.006639884227045935
13.09356033637872	0.0067955933290058685
13.099623204879197	0.0069440145255838005
13.111748941880153	0.0072166311066414746
13.11781181038063	0.007339697108959651
13.123874678881108	0.0074532228940603455
13.129937547381585	0.0075567098258873784
13.136000415882062	0.007649691206608981
13.14206328438254	0.007731735162389317
13.148126152883016	0.007802447385396109
13.154189021383493	0.007861473712599265
13.16025188988397	0.007908502522629635
13.166314758384447	0.007943266932700907
13.172377626884924	0.007965546778647768
13.178440495385402	0.007975170362205184
13.184503363885879	0.007972015950838726
13.190566232386356	0.007956013016783113
13.196629100886835	0.007927143203435873
13.202691969387311	0.00788544100868955
13.208754837887788	0.007830994176588592
13.214817706388265	0.0077639437902606604
13.220880574888742	0.0076844840609995675
13.226943443389219	0.007592861810192344
13.233006311889696	0.007489375642731159
13.239069180390173	0.007374374812490973
13.24513204889065	0.007248257782484562
13.257257785891605	0.006964504283718538
13.263320654392082	0.0068078936602784705
13.26938352289256	0.0066422136130280226
13.281509259893514	0.006286130451113822
13.305760733895422	0.0054942109429938915
13.311823602395899	0.005283889854050952
13.317886470896376	0.005070167713688551
13.330012207897331	0.004635664522555197
13.35426368189924	0.0037603606041927418
13.360326550399718	0.003544685814292326
13.366389418900194	0.0033317337518157597
13.378515155901148	0.0029167196089166913
13.384578024401625	0.0027159374604787375
13.390640892902102	0.0025204307000267234
13.402766629903057	0.002147371797668008
13.408829498403534	0.001970770362643012
13.414892366904013	0.0018013406793605984
13.427018103904967	0.0014853476863629673
13.433080972405444	0.0013393259535506945
13.43914384090592	0.001201556941157296
13.451269577906874	0.0009512516183884811
13.457848401123151	0.000829635808710273
13.46442722433943	0.0007179621844535924
13.471006047555708	0.0006161112577423058
13.477584870771985	0.000523892189838755
13.484163693988261	0.00044104607335817626
13.49074251720454	0.00036724990970887344
13.497321340420818	0.0003021212656410909
13.503900163637095	0.0002452235871413733
13.510478986853371	0.00019607214337221044
13.51705781006965	0.0001541405678408474
13.523636633285928	0.00011886795863727698
13.530215456502205	0.00008966649433683468
13.536794279718482	0.00006592951718277554
13.54337310293476	0.000047040030383520546
13.549951926151039	0.00003237955186904646
13.556530749367315	0.000021337262701599297
13.563109572583592	0.0000133193845055097
13.56968839579987	7.758716880166231e-6
13.576267219016149	4.124262756035829e-6
13.582846042232426	1.9308671138695615e-6
13.589424865448702	7.487924319064613e-7
13.59600368866498	2.131526706960385e-7
13.602582511881259	3.3126583691426376e-8
13.609161335097536	8.706633529599066e-10
13.615740158313812	5.2119410554012505e-11
13.622318981530091	1.3922943081267383e-8
13.62889780474637	1.3285735108163485e-7
13.635476627962646	5.612767264768004e-7
13.642055451178923	1.6238885816752513e-6
13.6486342743952	3.771169055496418e-6
13.655213097611476	7.584022015688233e-6
13.661791920827755	0.000013777551955134435
13.668370744044033	0.000023203892527339075
13.67494956726031	0.000036854037749640954
13.681528390476586	0.00005585862857439469
13.688107213692863	0.0000814876536751069
13.69468603690914	0.00011514902987011181
13.701264860125418	0.00015838603458385046
13.707843683341697	0.00021287357008473596
13.714422506557973	0.00028041324688279885
13.72100132977425	0.0003629272816083128
13.727580152990528	0.0004624512128235916
13.734158976206807	0.000581125446540536
13.740737799423083	0.0007211856516729159
13.74731662263936	0.000884952034100012
13.753895445855639	0.0010748175266063187
13.760474269071917	0.0012932349403133277
13.767053092288194	0.0015427031316743002
13.77363191550447	0.0018257522471994095
13.780210738720749	0.0021449281160705255
13.786789561937027	0.002502775868475214
13.793368385153304	0.0029018228647928516
13.79994720836958	0.0033445610277337313
13.80652603158586	0.0038334286759619217
13.813104854802138	0.004370791963740174
13.819683678018414	0.004958926036530556
13.826262501234691	0.005599996017282785
13.83284132445097	0.006296037942359472
13.839420147667248	0.007048939769446405
13.845998970883524	0.007860422582586504
13.852577794099801	0.008732022121435753
13.85915661731608	0.009665070763067204
13.872314263748635	0.01171972413781842
13.878452409027652	0.012765583287310055
13.88459055430667	0.013867500120519776
13.896866844864702	0.016239607036574805
13.903004990143717	0.01750928348259781
13.909143135422735	0.018833974912414196
13.921419425980769	0.021644739259023375
13.927557571259786	0.02312835349952846
13.933695716538802	0.024662058292043574
13.945972007096834	0.027872000424236345
13.970524588212902	0.03479344244860193
13.976662733491917	0.03661106526109285
13.982800878770934	0.03845671229722896
13.995077169328969	0.04221648810904969
14.019629750445034	0.049889425444566655
14.025767895724051	0.05181240304891509
14.031906041003069	0.053727337460213034
14.044182331561101	0.05751224915290661
14.068734912677169	0.0647524330725338
14.074873057956186	0.06646219968902994
14.081011203235201	0.06812104292198912
14.093287493793234	0.07126475078180268
14.099425639072251	0.07273924590354454
14.105563784351268	0.07414212550744714
14.117840074909301	0.07671383649132174
14.123978220188317	0.07787353329021332
14.130116365467334	0.07894338982882021
14.136254510746351	0.0799194039332584
14.142392656025368	0.08079783709938668
14.148530801304386	0.08157523406365072
14.154668946583401	0.08224844135383376
14.160807091862416	0.08281462470903393
14.166945237141434	0.083271285261925
14.173083382420451	0.08361627438122227
14.179221527699468	0.08384780707799734
14.185359672978485	0.08396447388451096
14.191497818257501	0.08396525112217698
14.197635963536516	0.08384950948104972
14.203774108815534	0.08361702084170605
14.20991225409455	0.08326796327866404
14.216050399373568	0.08280292419210604
14.222188544652585	0.08222290152555199
14.2283266899316	0.08152930303452459
14.234464835210616	0.08072394358300763
14.240602980489633	0.07980904045319545
14.24674112576865	0.07878720666534778
14.252879271047668	0.07766144231451759
14.2651555616057	0.0751119919722018
14.271809661600518	0.07357303655031024
14.278463761595333	0.07193077127814776
14.291771961584967	0.06836105116117536
14.298426061579784	0.06644694074478086
14.305080161574601	0.06445614170245241
14.318388361564235	0.06027469768208498
14.325042461559052	0.058099767632844565
14.33169656155387	0.055879494732610224
14.345004761543503	0.05133608789957332
14.371621161522771	0.042072159219262106
14.378275261517588	0.03976756636254269
14.384929361512405	0.037483567780229064
14.39823756150204	0.033007665887953175
14.404891661496857	0.03083017101236698
14.411545761491674	0.028702005398292228
14.424853961481308	0.02461832814692754
14.431508061476125	0.02267402406903455
14.438162161470942	0.02080140254920227
14.451470361460576	0.017288038653606078
14.458124461455393	0.01565432430792401
14.46477856145021	0.01410631516690999
14.478086761439844	0.011275047914670865
14.48474086143466	0.009994111364853425
14.491394961429478	0.008803524236566388
14.498049061424295	0.007702961717188368
14.504703161419112	0.006691522029275343
14.511357261413929	0.005767743380106189
14.518011361408746	0.0049296256485299415
14.524665461403563	0.004174656776048376
14.53131956139838	0.0034998437979396804
14.537973661393197	0.0029017484198326443
14.544627761388014	0.0023765270137768874
14.551281861382831	0.0019199748773434202
14.557935961377648	0.0015275745684147596
14.564590061372465	0.0011945480984319435
14.571244161367282	0.0009159127372142296
14.5778982613621	0.0006865401539622929
14.584552361356916	0.0005012185914181167
14.591206461351733	0.00035471774370676864
14.59786056134655	0.00024185598351299212
14.604514661341367	0.00015756956065779732
14.611168761336184	0.00009698337256376896
14.617822861331002	0.000055482887225028514
14.624476961325819	0.000028786781556721375
14.631131061320636	0.000013019842438862464
14.637785161315453	4.785664523983402e-6
14.64443926131027	1.2386680939710575e-6
14.651093361305087	1.5495201831932982e-7
14.657747461299904	1.4913083986969554e-9
14.66440156129472	3.1859194534665096e-9
14.671055661289538	2.0726745426650997e-7
14.677709761284355	1.5445732698093795e-6
14.684363861279172	5.887203256007899e-6
14.691017961273989	0.000016102083251360276
14.697231383331545	0.00003437936572049478
14.7034448053891	0.0000652160730204981
14.709658227446656	0.00011350627484104309
14.715871649504214	0.00018502233509277343
14.722085071561771	0.00028643445888668686
14.728298493619327	0.0004253259075525094
14.734511915676883	0.0006102036703558905
14.740725337734439	0.0008505043990670376
14.746938759791995	0.001156595430482539
14.75315218184955	0.001539770742050917
14.759365603907106	0.002012241707075021
14.765579025964662	0.0025871225383120484
14.771792448022218	0.0032784103322278683
14.778005870079774	0.004100959650307858
14.78421929213733	0.0050704515991352615
14.790432714194887	0.006203357396427239
14.796646136252445	0.007516896436797488
14.80285955831	0.009028988897918921
14.809072980367556	0.010758202954543165
14.815286402425112	0.012723696695641214
14.821499824482668	0.014945154867366337
14.827713246540224	0.017442720591632422
14.83392666859778	0.02023692223797638
14.840140090655336	0.02334859565298478
14.846353512712891	0.02679880197800767
14.852566934770447	0.03060874131263961
14.858780356828003	0.034799662505882074
14.86499377888556	0.03939276938178879
14.871207200943118	0.04440912373017519
14.877420623000674	0.04986954541535219
14.889847467115786	0.06220404411386446
14.896060889173341	0.06911761947478641
14.902274311230897	0.07655404516636553
14.908487733288453	0.08453135944237002
14.914701155346009	0.09306672102195218
14.920914577403565	0.1021763005098223
14.92712799946112	0.11187517239934906
14.939554843576234	0.13309497080393487
14.945768265633792	0.14463961172674328
14.951981687691347	0.15682076982617604
14.964408531806459	0.183123048467499
14.970621953864015	0.1972550237662071
14.97683537592157	0.21204505012189864
14.989262220036682	0.24359998008902448
14.995475642094238	0.26036008776107766
15.001689064151794	0.2777685225927211
15.014115908266907	0.31449673521990196
15.038969596497132	0.3952337011168028
15.045183018554688	0.416831148919495
15.051396440612244	0.4389488067533387
15.063823284727356	0.48463549769290865
15.08867697295758	0.5809188365872648
15.094768594628896	0.6053094620900199
15.100860216300212	0.6299338922378936
15.113043459642842	0.6797155335970677
15.137409946328106	0.7801378532773093
15.143501567999422	0.8051404945074628
15.149593189670737	0.8300003630253231
15.161776433013369	0.8790807782664789
15.186142919698632	0.9731719930218681
15.192234541369949	0.9955277959135244
15.198326163041264	1.0173071341406326
15.210509406383895	1.0589193059340598
15.21660102805521	1.0786450535214023
15.222692649726525	1.09758051394482
15.234875893069157	1.1328766440424547
15.240967514740472	1.1491385662381997
15.247059136411789	1.1644130517690345
15.253150758083104	1.1786547176119877
15.259242379754419	1.1918200795031662
15.265334001425735	1.2038677147140588
15.27142562309705	1.2147584205460555
15.277517244768365	1.2244553679306196
15.283608866439682	1.2329242495311874
15.289700488110999	1.240133421755046
15.295792109782314	1.2460540401012759
15.301883731453628	1.2506601872855034
15.307975353124945	1.2539289936103204
15.31406697479626	1.2558407490634407
15.320158596467575	1.25637900665587
15.326250218138892	1.255530676540777
15.332341839810207	1.2532861104789024
15.338433461481522	1.2496391762495755
15.344525083152838	1.2445873216388472
15.350616704824153	1.2381316276704037
15.356708326495468	1.2302768507801458
15.362799948166785	1.221031453676051
15.3688915698381	1.210407624657559
15.374983191509415	1.1984212852151728
15.381074813180732	1.1850920857680332
15.387166434852048	1.1704433894378514
15.393258056523363	1.1545022438046864
15.399349678194678	1.1372993406277554
15.405441299865995	1.1188689635598412
15.411532921537312	1.099248923930566
15.417624543208627	1.0784804847079543
15.429807786551258	1.033680179923633
15.435899408222575	1.0097472521924358
15.44199102989389	0.9848635688694825
15.454174273236521	0.932474616542878
15.478540759921783	0.8189708788266288
15.4851483363089	0.7866260389936539
15.491755912696014	0.7537864095666859
15.504971065470247	0.6870047701650244
15.53140137101871	0.5517865800072891
15.538008947405826	0.5182210321972233
15.544616523792943	0.4849521969576264
15.557831676567174	0.4197033309389164
15.584261982115638	0.29708055561487484
15.590869558502755	0.26861025910284164
15.597477134889871	0.24119106807077617
15.610692287664103	0.18983523139512576
15.617299864051219	0.166054171005959
15.623907440438334	0.14363483934338428
15.637122593212567	0.10314704982047329
15.643730169599683	0.08519987148492468
15.6503377459868	0.06885655537055103
15.656945322373915	0.054165250179601235
15.663552898761031	0.04116878787001987
15.670160475148148	0.029904535288070352
15.676768051535262	0.02040426569758442
15.683375627922379	0.012694050709576372
15.689983204309495	0.006794173031837766
15.696590780696612	0.0027190603726400435
15.703198357083728	0.00047724074550636923
15.709805933470843	0.00007131933397460475
15.71641350985796	0.0014979769865484636
15.723021086245076	0.004747990323131841
15.72962866263219	0.009806273345516392
15.736236239019307	0.016651940356346345
15.742843815406424	0.02525838990379786
15.74945139179354	0.03559340938346647
15.756058968180657	0.047619299844811946
15.762666544567772	0.06129302046767488
15.769274120954888	0.07656635209487261
15.775881697342005	0.09338607913032355
15.78248927372912	0.11169418903865339
15.795704426503352	0.1525208361065627
15.802312002890469	0.1749013882787081
15.808919579277585	0.1984948613143906
15.822134732051817	0.2490034859779128
15.848565037600281	0.3609209277379324
15.901425648697208	0.6076086411904628
15.907592547147061	0.6366460524832385
15.913759445596916	0.6654633564247827
15.926093242496627	0.722137528973092
15.932260140946482	0.749847994608236
15.938427039396338	0.7770459558868561
15.950760836296048	0.829631970349095
15.956927734745904	0.8548894185661617
15.963094633195759	0.8793734969788172
15.97542843009547	0.9257885554256936
15.981595328545325	0.9476102198571512
15.98776222699518	0.9684401470312982
16.00009602389489	1.0069404692717097
16.006262922344746	1.0245270441650354
16.0124298207946	1.0409544133258994
16.018596719244456	1.0561893723019278
16.024763617694312	1.0702023112462768
16.030930516144167	1.0829672582948602
16.037097414594022	1.0944619106658533
16.043264313043878	1.1046676535069437
16.049431211493733	1.1135695665697742
16.05559810994359	1.1211564188303527
16.061765008393444	1.1274206512138991
16.0679319068433	1.1323583476345065
16.074098805293154	1.13596919458819
16.08026570374301	1.1382564295865505
16.086432602192865	1.139226778750539
16.09259950064272	1.1388903839243256
16.098766399092572	1.1372607196979725
16.104933297542424	1.1343545007666398
16.11110019599228	1.1301915800790887
16.117267094442134	1.1247948382592896
16.12343399289199	1.1181900648125302
16.129600891341845	1.1104058316458272
16.1357677897917	1.1014733594623125
16.141934688241555	1.0914263776000235
16.14810158669141	1.0803009779094905
16.154268485141266	1.068135463272935
16.16043538359112	1.054970191383402
16.172769180490832	1.025811115191889
16.178936078940687	1.0099068405592924
16.185102977390542	0.9931815324919311
16.197436774290253	0.9574615361458924
16.20360367274011	0.9385661696092391
16.209770571189964	0.9190480700997856
16.222104368089674	0.8783494508568579
16.246771961889095	0.7917544954765281
16.296107149487938	0.6091386855690988
16.302790002653595	0.5844626637899406
16.309472855819248	0.559975016974332
16.322838562150558	0.5117632197737004
16.349569974813182	0.4196429829609169
16.356252827978835	0.3977389092165748
16.362935681144492	0.37635286036545673
16.376301387475806	0.335247369551907
16.403032800138426	0.2603299943249285
16.409715653304083	0.24321770043491844
16.416398506469736	0.2267745713285415
16.429764212801047	0.19591917342002405
16.436447065966703	0.18151225183560002
16.44312991913236	0.16778536466315247
16.45649562546367	0.14235648951680882
16.463178478629324	0.13064154417324905
16.46986133179498	0.11958094868943772
16.476544184960638	0.10916339583678633
16.483227038126294	0.09937587075968209
16.48990989129195	0.0902037809588548
16.496592744457605	0.08163108887943306
16.509958450788915	0.06621333041869343
16.51664130395457	0.05933017913230582
16.523324157120225	0.05297052784212085
16.53000701028588	0.04711314411167509
16.536689863451535	0.041736161345402395
16.543372716617192	0.036817210269330276
16.55005556978285	0.032333547712253066
16.556738422948506	0.028262182128068015
16.56342127611416	0.02457999533217738
16.570104129279812	0.021263859957718092
16.57678698244547	0.01829075217388582
16.583469835611126	0.015637859244157698
16.590152688776783	0.013282681541727912
16.59683554194244	0.011203128677952603
16.603518395108093	0.009377609440471158
16.610201248273746	0.007785115278013446
16.616884101439403	0.00640529711063075
16.62356695460506	0.005218535285322538
16.630249807770713	0.0042060025384121486
16.636932660936367	0.003349719867500981
16.643615514102024	0.0026326052559993434
16.65029836726768	0.002038515233787247
16.656981220433334	0.001552279296159511
16.663664073598987	0.0011597272415955675
16.670346926764644	0.0008477095253451568
16.6770297799303	0.0006041107614301525
16.683712633095954	0.000417856539080347
16.690395486261608	0.00027891375179777794
16.697078339427264	0.00017828466722350213
16.70376119259292	0.00010799499408494648
16.710444045758578	0.00006107622844146846
16.717126898924235	0.00003154258518620841
16.72380975208989	0.000014362842222706396
16.730370804869303	5.5368940016534275e-6
16.73693185764872	1.5956481708608689e-6
16.743492910428134	2.6387227911845846e-7
16.75005396320755	9.536079535872607e-9
16.756615015986963	6.171390977541906e-11
16.763176068766377	5.603945785672899e-8
16.76973712154579	6.027687887807073e-7
16.776298174325206	2.6199862875785017e-6
16.78285922710462	7.590141611085964e-6
16.789420279884034	0.000017445580508355446
16.79598133266345	0.00003451498967740406
16.802542385442866	0.00006146945220612589
16.80910343822228	0.00010126845451909138
16.815664491001698	0.00015710617622279995
16.822225543781112	0.00023235838309234672
16.828786596560526	0.00033053023080873654
16.83534764933994	0.00045520527296608135
16.841908702119355	0.0006099959515349127
16.848469754898773	0.0007984958314077734
16.855030807678187	0.0010242338230494125
16.8615918604576	0.0012906306187120925
16.86815291323702	0.001600957548320581
16.874713966016433	0.001958298041063619
16.881275018795847	0.002365511858114595
16.88783607157526	0.0028252022408099446
16.894397124354676	0.003339686097331119
16.900958177134093	0.003910967329330175
16.907519229913508	0.004540713378345309
16.91408028269292	0.005230235050467204
16.92064133547234	0.005980469656125602
16.933763441031168	0.007664881585127503
16.940324493810582	0.008598960900135724
16.946885546589996	0.009593546589924255
16.96000765214883	0.011759563339206865
16.966568704928243	0.0129276493384761
16.97312975770766	0.014149565866603363
16.98625186326649	0.01674395003019162
16.992812916045903	0.01811004912522207
16.999373968825317	0.0195172769321364
17.01249607438415	0.022438834401773633
17.03874028550181	0.02858172462533365
17.045301338281224	0.03015061360314551
17.051862391060638	0.03172208161910389
17.06498449661947	0.034850570542394495
17.071545549398884	0.036396386252029844
17.078106602178302	0.03792243307370986
17.09122870773713	0.04089298406767323
17.097789760516545	0.04232656501234606
17.10435081329596	0.04371858923535717
17.117472918854787	0.046357600361886304
17.1240339716342	0.0475948771437562
17.130595024413616	0.048771226309996106
17.143717129972448	0.0509243205525323
17.1498375048146	0.051830621858788575
17.155957879656754	0.05267070108679542
17.16207825449891	0.05344203053316617
17.168198629341063	0.05414233562349473
17.174319004183218	0.05476960299217133
17.180439379025373	0.055322087201435645
17.186559753867527	0.05579831608643096
17.192680128709682	0.05619709472048505
17.198800503551837	0.05651750800255775
17.20492087839399	0.056758921875647725
17.211041253236147	0.056920983192227624
17.217161628078298	0.05700361824957433
17.22328200292045	0.05700703002445338
17.229402377762604	0.056931694142772264
17.23552275260476	0.05677835362605647
17.241643127446913	0.056548012461817565
17.247763502289068	0.05624192805059498
17.253883877131223	0.055861602586832516
17.260004251973378	0.055408773435910885
17.26612462681553	0.054885402572802645
17.27224500165768	0.05429366515230573
17.278365376499835	0.05363593728345337
17.28448575134199	0.0529147830837094
17.290606126184144	0.05213294109051767
17.2967265010263	0.05129331011003077
17.302846875868454	0.05039893458389033
17.315087625552763	0.04845876532041868
17.32120800039492	0.04741965183668199
17.327328375237073	0.04633912298759266
17.33956912492138	0.044068039476029906
17.34568949976353	0.04288470999877791
17.351809874605685	0.041674384247383546
17.364050624289995	0.03918736506375056
17.388532123658614	0.034048874971392654
17.39465249850077	0.03275046794776751
17.400772873342923	0.03145327862416634
17.41301362302723	0.028875248508962347
17.437495122395845	0.02386671162057225
17.443615497238	0.02266084063806565
17.449735872080154	0.02147820659428432
17.46197662176446	0.019190840381993434
17.46809699660661	0.018089788989247197
17.474217371448766	0.017019331375485523
17.486458121133076	0.014975692888388766
17.49257849597523	0.014004833371436706
17.498698870817385	0.01306921234261582
17.510939620501695	0.01130648278580282
17.51705999534385	0.010480367077727464
17.523180370186004	0.009691483360456611
17.53542111987031	0.008225704485074755
17.542057449428263	0.007493205111595265
17.54869377898622	0.006803957530107627
17.555330108544172	0.0061573882595152936
17.561966438102125	0.005552761425699058
17.56860276766008	0.004989190345625839
17.575239097218034	0.004465649564537389
17.588511756333943	0.003533937901473791
17.5951480858919	0.003123135143255527
17.601784415449853	0.002747124753230124
17.608420745007805	0.002404377602619924
17.61505707456576	0.0020933025676182072
17.621693404123718	0.00181225928495183
17.62832973368167	0.0015595706815155817
17.634966063239624	0.0013335352050586166
17.64160239279758	0.0011324386870538567
17.648238722355536	0.0009545657732738268
17.65487505191349	0.0007982108624066486
17.661511381471442	0.0006616884980230357
17.6681477110294	0.0005433431645189237
17.674784040587355	0.00044155844304056223
17.681420370145307	0.0003547654890545004
17.68805669970326	0.0002814507988805091
17.694693029261217	0.0002201632382948405
17.701329358819173	0.0001695203121139845
17.707965688377126	0.00012821365942339058
17.71460201793508	0.0000950137648668402
17.721238347493035	0.0000687738820484122
17.72787467705099	0.000048433170600616006
17.734511006608944	0.00003301905384084032
17.741147336166897	0.000021648809094375445
17.747783665724853	0.000013530407697532985
17.75441999528281	7.962626392995705e-6
17.761056324840762	4.334456231546195e-6
17.767692654398715	2.1238392133840923e-6
17.77432898395667	8.957666887939788e-7
17.780965313514628	2.9977699325771475e-7
17.78760164307258	6.689288663346962e-8
17.794237972630533	6.0420987742243164e-9
17.80087430218849	6.635880387900834e-12
17.807510631746446	9.484719017344974e-10
17.8141469613044	2.5560830313044116e-8
17.82078329086235	1.4989545309500203e-7
17.827419620420308	5.039170568945888e-7
17.834055949978264	1.265836595014137e-6
17.840692279536217	2.6562749847328967e-6
17.84732860909417	4.932308631482825e-6
17.853964938652126	8.381447395057497e-6
17.860601268210083	0.000013315594615311137
17.867237597768035	0.000020065037453586814
17.873873927325988	0.000028972514142881027
17.880510256883944	0.000040387402774754424
17.8871465864419	0.00005466007402625787
17.893782915999854	0.000072136447747729
17.900419245557806	0.00009315279063853096
17.907055575115763	0.00011803078932832963
17.91369190467372	0.0001470729301157043
17.920328234231672	0.00018055821338969322
17.926964563789625	0.00021873822741904332
17.93360089334758	0.00026183360275914506
17.940237222905534	0.00031003086502475217
17.946873552463487	0.0003634797002318791
17.953509882021443	0.00042229064335920334
17.960146211579396	0.0004865331972414658
17.966341863200093	0.0005514368497824361
17.972537514820786	0.0006210864547121084
17.984928818062173	0.0007744071922169392
17.991124469682866	0.0008578862643962238
17.99732012130356	0.0009457277052096123
18.009711424544946	0.0011337531620671207
18.01590707616564	0.001233487303529019
18.022102727786333	0.0013366865818427798
18.03449403102772	0.0015522688890778785
18.059276637510493	0.0020103647725697757
18.065472289131186	0.002128227076786726
18.07166794075188	0.0022465839078224274
18.084059243993266	0.0024830168205516407
18.09025489561396	0.0026001968237010786
18.096450547234653	0.0027160845860257775
18.108841850476043	0.0029421881369331385
18.11503750209674	0.003051519123204286
18.121233153717434	0.003157793410073757
18.13362445695882	0.0033595134173541766
18.139820108579514	0.0034541672852721667
18.146015760200207	0.0035441851235581195
18.158407063441594	0.003708939238600049
18.164602715062287	0.003783046099703878
18.17079836668298	0.0038512612976932628
18.176994018303674	0.003913334342068586
18.183189669924367	0.0039690427001340565
18.18938532154506	0.004018192775251081
18.195580973165754	0.0040606206975890595
18.201776624786447	0.004096192925382802
18.20797227640714	0.00412480665604075
18.214167928027834	0.004146390047698342
18.220363579648527	0.004160902253107877
18.22655923126922	0.004168333268944825
18.232754882889914	0.004168703604759694
18.238950534510607	0.004162063776982017
18.2451461861313	0.004148493634359971
18.251341837751994	0.004128101522269516
18.25753748937269	0.004101023294239374
18.263733140993388	0.0040674211798322904
18.26992879261408	0.004027482518868692
18.276124444234775	0.0039814183725932015
18.282320095855468	0.003929462023005112
18.28851574747616	0.003871867372100753
18.294711399096855	0.003808907253148183
18.30710270233824	0.003668065952598971
18.313298353958935	0.003590808915116554
18.319494005579628	0.0035094309070163887
18.331885308821015	0.0033356794976197954
18.356667915303788	0.002954088161771955
18.362741766538242	0.002855663739676996
18.368815617772697	0.002755988843592222
18.3809633202416	0.0025541944987019314
18.405258725179415	0.002149545199755559
18.41133257641387	0.0020498617820956955
18.41740642764832	0.001951304842420375
18.429554130117225	0.0017585295190989364
18.45384953505504	0.0013961797180694598
18.45992338628949	0.0013114536483145457
18.465997237523943	0.0012293573756721296
18.478144939992852	0.0010734890894809799
18.484218791227306	0.000999892595538105
18.490292642461757	0.0009292774602463736
18.502440344930662	0.0007971644926400643
18.508514196165116	0.0007357151512616467
18.51458804739957	0.0006773453090454511
18.520661898634025	0.0006220438084051825
18.526735749868475	0.0005697865880133399
18.532809601102926	0.0005205374608343948
18.53888345233738	0.00047424893336471134
18.55103115480629	0.00039031231886426244
18.557105006040743	0.0003525205219027093
18.563178857275197	0.0003174037192268471
18.56925270850965	0.00028487112393474177
18.575326559744102	0.0002548260309104408
18.581400410978553	0.00022716672976449395
18.587474262213007	0.00020178740478448968
18.59354811344746	0.00017857901599962795
18.599621964681916	0.0001574301558026401
18.60569581591637	0.00013822787593589564
18.61176966715082	0.00012085848005002038
18.61784351838527	0.00010520827746237911
18.623917369619726	0.00009116429419533984
18.62999122085418	0.00007861493783552154
18.636065072088634	0.0000674506132386167
18.64213892332309	0.00005756428659678682
18.64821277455754	0.00004885199588497423
18.65428662579199	0.00004121330620449421
18.660360477026444	0.0000345517090461511
18.666434328260898	0.0000287749649913235
18.672508179495352	0.000023795389860524026
18.678582030729807	0.00001953008479436148
18.684655881964257	0.000015901111216118464
18.690729733198708	0.000012835612065875745
18.696803584433162	0.000010265881119005541
18.702877435667617	8.129382596864185e-6
18.70895128690207	6.368723645555852e-6
18.715025138136525	4.931582597008772e-6
18.721098989370976	3.770596231575493e-6
18.727172840605427	2.843209532202327e-6
18.73324669183988	2.1114916549462697e-6
18.739320543074335	1.5419220373536574e-6
18.74539439430879	1.1051507250676749e-6
18.751984200259045	7.519778791141484e-7
18.758574006209297	4.975671163955604e-7
18.76516381215955	3.188371424656646e-7
18.771753618109805	1.9684590389611677e-7
18.778343424060058	1.1633231077397606e-7
18.78493323001031	6.525934545970922e-8
18.791523035960566	3.436570314931641e-8
18.798112841910818	1.6732794812751253e-8
18.80470264786107	7.373557845338299e-9
18.811292453811326	2.8490686927549425e-9
18.81788225976158	9.184401026660658e-10
18.82447206571183	2.2691900075131638e-10
18.831061871662087	3.6485554648045294e-11
18.83765167761234	2.5962312016335848e-12
18.84424148356259	2.0552288349186856e-14
18.850831289512847	3.923680062835005e-18
18.8574210954631	2.1561237038798769e-13
18.86401090141335	8.295689819487328e-12
18.870600707363607	7.883489175398445e-11
18.87719051331386	4.031377691954511e-10
18.883780319264112	1.4501521543137869e-9
18.890370125214368	4.156327595332806e-9
18.89695993116462	1.016142908211902e-8
18.903549737114872	2.2086663676950184e-8
18.910139543065128	4.385084426853084e-8
18.91672934901538	8.101972701660748e-8
18.923319154965633	1.4118312326166544e-7
18.92990896091589	2.3435390834261942e-7
18.93649876686614	3.733826340167728e-7
18.943088572816393	5.743811024712343e-7
18.94967837876665	8.571479822159684e-7
18.9562681847169	1.245589342717055e-6
18.962857990667153	1.7681268578724244e-6
18.96944779661741	2.458086380600629e-6
18.97603760256766	3.3540596223314487e-6
18.982627408517914	4.500231783543261e-6
18.98921721446817	5.9466681730853545e-6
18.99580702041842	7.74955312480387e-6
19.002396826368674	9.971374867486106e-6
19.00898663231893	0.000012681050426256196
19.015576438269182	0.00001595398512651036
19.022166244219434	0.000019872061832136503
19.02875605016969	0.000024523555672160495
19.035345856119942	0.000030002970690969165
19.041935662070195	0.00003641079558863663
19.04852546802045	0.000043853176496363675
19.055115273970703	0.000052441505545357545
19.061705079920955	0.00006229192483855654
19.06829488587121	0.00007352474630196742
19.074884691821463	0.00008626378878187971
19.081474497771715	0.00010063563464703869
19.08806430372197	0.0001167688090518285
19.094654109672224	0.0001347928858994583
19.101243915622476	0.00015483752541449973
19.10783372157273	0.00017703144907679438
19.114423527522984	0.0002015013584785048
19.121013333473236	0.00022837080543311222
19.127603139423492	0.00025775902138511534
19.134192945373744	0.0002897797148296087
19.140782751323997	0.0003245398460495681
19.147372557274252	0.0003621383890068631
19.153962363224505	0.0004026650906724196
19.167141975125013	0.0004928084466454176
19.173291103138006	0.0005391227419705035
19.179440231151	0.0005881959108119574
19.191738487176984	0.0006946953116089604
19.197887615189977	0.00075212879022433
19.20403674320297	0.0008123343260130541
19.216334999228955	0.00094092629586037
19.222484127241948	0.0010092084397786013
19.22863325525494	0.001080053288387042
19.240931511280927	0.0012290538241059444
19.265528023332894	0.0015527760829732156
19.271677151345884	0.0016381491792490253
19.277826279358877	0.0017249243788505085
19.290124535384862	0.001901816283375617
19.314721047436834	0.002262195889877937
19.320870175449826	0.002352123491073478
19.32701930346282	0.0024414181923776085
19.339317559488805	0.0026169209560046596
19.363914071540776	0.0029470554108714533
19.37006319955377	0.0030234526974823625
19.376212327566762	0.0030967894061889457
19.382361455579755	0.0031667706679064807
19.388510583592748	0.003233108886786935
19.39465971160574	0.003295525370959085
19.400808839618733	0.003353751946597861
19.406957967631726	0.0034075325447770963
19.41310709564472	0.0034566247504876045
19.41925622365771	0.0035008013032922576
19.425405351670705	0.0035398515391596793
19.431554479683697	0.003573582763234488
19.43770360769669	0.0036018215435482848
19.443852735709683	0.0036244149160087956
19.450001863722676	0.003641231491409243
19.45615099173567	0.0036521624556920527
19.462300119748658	0.0036571224552007005
19.468449247761647	0.0036560503593254163
19.47459837577464	0.0036489098935553995
19.480747503787633	0.0036356901367431
19.486896631800626	0.003616405877119316
19.49304575981362	0.0035910978224750123
19.49919488782661	0.0035598326607999046
19.505344015839604	0.003522702968578216
19.511493143852597	0.0034798269649505323
19.51764227186559	0.0034313481108684657
19.523791399878583	0.0033774345534749693
19.529940527891576	0.0033182784169116433
19.53608965590457	0.003254094941817907
19.54223878391756	0.0031851214768586545
19.548387911930554	0.003111616326628551
19.56068616795654	0.0029521410948198726
19.56755044020467	0.0028566309446869022
19.574414712452796	0.002757036815083636
19.588143256949053	0.002547523693658917
19.615600345941566	0.0021014446714422877
19.622464618189696	0.0019873392552072554
19.629328890437822	0.0018732467717869836
19.64305743493408	0.0016471372405694386
19.670514523926588	0.0012165764191993198
19.677378796174715	0.001115971004654447
19.684243068422845	0.0010189325427893555
19.697971612919098	0.0008367949069473392
19.704835885167228	0.0007522212455389176
19.711700157415354	0.0006722621598356291
19.72542870191161	0.0005267937361688054
19.73229297415974	0.0004614818418308856
19.739157246407867	0.00040117906315200006
19.746021518655994	0.00034587850311598354
19.752885790904124	0.0002955321743788032
19.759750063152254	0.00025005230710392775
19.76661433540038	0.00020931308424449965
19.773478607648507	0.0001731527994024601
19.780342879896637	0.00014137642870571128
19.787207152144767	0.00011375860446017266
19.794071424392893	0.00009004697464015509
19.80093569664102	0.00006996592864906503
19.80779996888915	0.00005322066619412641
19.81466424113728	0.000039501582660779495
19.821528513385406	0.000028488941012369842
19.828392785633532	0.00001985779706790681
19.835257057881662	0.000013283142001026834
19.842121330129793	8.445223128064688e-6
19.84898560237792	5.035001503656143e-6
19.855849874626045	2.7597025713803963e-6
19.862714146874175	1.3484141298768055e-6
19.869578419122302	5.576842039553561e-7
19.87644269137043	1.7707006991568224e-7
19.88330696361856	3.458869677206808e-8
19.890171235866685	2.0182431451936336e-9
19.89703550811481	6.908821709683962e-15
19.90389978036294	2.8903732069390403e-9
19.910764052611068	4.331285219398759e-8
19.917628324859194	2.1636124694473233e-7
19.924492597107324	6.834063457740458e-7
19.93135686935545	1.6754602909336535e-6
19.938221141603577	3.4960549333141723e-6
19.945085413851707	6.52359303193906e-6
19.951949686099837	0.000011213134089968778
19.958813958347964	0.000018097579918899556
19.96567823059609	0.000027788228674684154
19.97254250284422	0.000040974670097206196
19.97940677509235	0.00005842399897713881
19.986271047340477	0.0000809793284562778
19.993135319588603	0.00010955758960661648
19.999999591836733	0.00014514660879530548