1.000000387755102	0.019617149962414926
1.005827640490633	0.020296230778953595
1.0116548932261638	0.021008279846171596
1.0233093986972257	0.022538031582432394
1.0291366514327565	0.02335906305977009
1.0349639041682874	0.02421970194470946
1.0466184096393492	0.02606605945520102
1.05244566237488	0.02705476927457895
1.0582729151104109	0.028089051053072356
1.0699274205814726	0.030299517684842292
1.093236431523596	0.035319126767224485
1.0990636842591268	0.03670398093593319
1.1048909369946578	0.03814213628528429
1.1165454424657195	0.04117996339462093
1.139854453407843	0.04790527470012651
1.1456817061433737	0.04972104501264529
1.1515089588789047	0.051589709154883034
1.1631634643499664	0.05548280914535275
1.1864724752920899	0.06386396888120971
1.1922997280276206	0.06607579966707045
1.1981269807631516	0.0683312051364443
1.2097814862342133	0.07296573480632396
1.2330904971763368	0.08267498141642793
1.2797085190605837	0.10335018560053566
1.2855357717961144	0.1060043751106059
1.2913630245316454	0.10866545946215456
1.3030175300027071	0.11399780819962357
1.3263265409448306	0.12462991066990103
1.3729445628290775	0.14519183275160763
1.3792619725446187	0.14785364284031827
1.3855793822601599	0.15047644970650093
1.3982142016912422	0.15559383411382932
1.4234838405534072	0.1652403890061881
1.4298012502689486	0.1675144795304203
1.4361186599844897	0.16972864238773866
1.448753479415572	0.17396784205844174
1.4740231182777368	0.18162768646413097
1.480340527993278	0.18335986687403283
1.4866579377088192	0.18501501612393
1.4929753474243603	0.18659126544999527
1.4992927571399015	0.18808682167752833
1.5056101668554427	0.18949995894478167
1.5119275765709839	0.19082902036225036
1.5245623960020662	0.19322864386569294
1.5308798057176074	0.19429625380389293
1.5371972154331486	0.19527388773475596
1.5435146251486898	0.1961602627568545
1.549832034864231	0.1969541771796579
1.5561494445797721	0.19765451277195756
1.5624668542953133	0.1982606495914765
1.5687842640108545	0.19877083078632185
1.5751016737263959	0.1991845968553333
1.5814190834419373	0.19950118552969442
1.5877364931574784	0.1997199289186401
1.5940539028730196	0.1998402555203943
1.6003713125885608	0.19986169214260718
1.606688722304102	0.1997838657337052
1.6130061320196432	0.19960650511831857
1.6193235417351843	0.1993294426376967
1.6256409514507255	0.19895261568139244
1.6319583611662667	0.1984756947880565
1.6382757708818079	0.19789959021192371
1.644593180597349	0.19722418020483
1.6509105903128902	0.19644983576151998
1.6572280000284314	0.19557703928196846
1.6635454097439726	0.1946063855950967
1.6698628194595138	0.1935385829722951
1.676180229175055	0.19237445353027693
1.6824976388905961	0.19111493622264053
1.6888150486061373	0.18976108455635432
1.7014498680372196	0.1867751796828825
1.7077672777527608	0.18514582221744535
1.714084687468302	0.1834275232863679
1.7267195068993846	0.17973080497704852
1.733036916614926	0.17775603872091195
1.7393543263304672	0.17569963806098865
1.7519891457615495	0.17135057226598083
1.7772587846237142	0.16177470790470916
1.7831575502988577	0.1593849257579305
1.789056315974001	0.15694159002837615
1.8008538473242877	0.15190434090793858
1.824448910024861	0.14130280485328195
1.871639035426008	0.11865567509333075
1.8775378011011514	0.11575161507486076
1.8834365667762947	0.11284242922295651
1.8952340981265814	0.10702229227463744
1.9188291608271548	0.09546995976306405
1.966019286228302	0.07344784110261016
1.9719180519034452	0.07085542513218201
1.9778168175785886	0.06830758232749812
1.9896143489288756	0.06335486264238965
2.013209411629449	0.054078025201509394
2.0191081773045925	0.05189956864809442
2.0250069429797355	0.04978019409374479
2.0368044743300224	0.04572239982355186
2.060399537030596	0.0383525306021415
2.0662983027057393	0.036667510291570005
2.0721970683808824	0.03504510512460013
2.0839945997311693	0.03198782572434444
2.0898933654063128	0.030551993656681042
2.0957921310814562	0.029177361121726086
2.1075896624317427	0.026607405959465646
2.113488428106886	0.025410282059859846
2.119387193782029	0.02427023626273439
2.131184725132316	0.02215635197825705
2.1370834908074596	0.02117980336125369
2.142982256482603	0.020254930803042526
2.1547797878328896	0.018553917286083577
2.160562843141104	0.017789652971862968
2.166345898449319	0.017069058474261656
2.172128953757534	0.016390593711730572
2.177912009065749	0.01575270976075438
2.183695064373964	0.015153855449360432
2.189478119682179	0.01459251721106225
2.201044230298609	0.013576107382735625
2.206827285606824	0.013118042095013882
2.212610340915039	0.01269143399780237
2.218393396223254	0.012294741466048476
2.2241764515314686	0.011926846052750628
2.229959506839683	0.011586084882884373
2.235742562147898	0.011271220858645181
2.247308672764328	0.01071406168564093
2.253091728072543	0.010469313861941276
2.258874783380758	0.010245560457961767
2.264657838688973	0.010041688755736411
2.270440893997188	0.009856632338577143
2.276223949305403	0.009689371184430251
2.282007004613618	0.009538672358423095
2.287790059921833	0.009404070796299124
2.2935731152300476	0.009284474449165803
2.299356170538262	0.0091790459277028
2.305139225846477	0.009086992654711579
2.310922281154692	0.00900756649874257
2.316705336462907	0.008940063471695514
2.322488391771122	0.008883823552980008
2.328271447079337	0.008838782312455717
2.334054502387552	0.008803388218482144
2.339837557695767	0.008777555647639934
2.345620613003982	0.008760803229474479
2.351403668312197	0.00875269551925717
2.357186723620412	0.008752843660584042
2.362969778928627	0.00876090713307387
2.368752834236842	0.008776347082268376
2.374535889545057	0.008799394139527239
2.380318944853272	0.00882960316377912
2.3861020001614865	0.008866872620269639
2.391885055469701	0.008911128526029155
2.397668110777916	0.008962356969026364
2.403451166086131	0.009020606665105735
2.409234221394346	0.009085991589104059
2.415017276702561	0.009158693651651117
2.420800332010776	0.009238965376795805
2.426583387318991	0.009327132538331506
2.432366442627206	0.009423596717446081
2.438149497935421	0.009528837732085793
2.443932553243636	0.009643415898312191
2.449715608551851	0.009767974076178798
2.455498663860066	0.009903036974354906
2.461281719168281	0.010049751446331578
2.467064774476496	0.010208876243264164
2.4786308850929255	0.010568390476224598
2.48441394040114	0.010771016775402598
2.490196995709355	0.010990526303369053
2.49598005101757	0.011228631848122839
2.501763106325785	0.011486148034170696
2.507546161634	0.011764827225855479
2.513329216942215	0.012066259753913844
2.524895327558645	0.012744142718276619
2.5311685398468704	0.013157662860404318
2.5374417521350954	0.013606261965405042
2.5437149644233203	0.014092735248895205
2.5499881767115458	0.01461949268554985
2.556261388999771	0.015189134512494817
2.5625346012879966	0.01580431120656034
2.575081025864447	0.017182051921471597
2.581354238152672	0.017950059820153408
2.5876274504408974	0.0187744636978443
2.593900662729123	0.01965797692449689
2.600173875017348	0.020603042413693373
2.6064470873055736	0.021612658889160308
2.6127202995937986	0.022689260176522397
2.625266724170249	0.025053314925938985
2.6315399364584744	0.026345472467038222
2.6378131487466994	0.027714519913365043
2.6503595733231498	0.030689266892906297
2.656632785611375	0.032298843676316524
2.6629059978996006	0.03399199026169042
2.675452422476051	0.03763374624021898
2.681725634764276	0.039584493607123905
2.6879988470525014	0.041622724090289775
2.700545271628952	0.045962879364569886
2.725638120781853	0.05569075919965849
2.7319113330700784	0.05833614704647927
2.7381845453583034	0.061064029022917965
2.7507309699347537	0.06675900804405233
2.775823819087655	0.07903276872740028
2.826009517393457	0.10625059261446157
2.8322827296816824	0.1098085379251248
2.8385559419699073	0.11338206969935638
2.8511023665463577	0.12055128458460973
2.876195215699259	0.13480081289191514
2.882468427987484	0.13830628939695955
2.8887416402757093	0.14177589508732324
2.90128806485216	0.14858087120900654
2.926380914005061	0.1614801061576181
2.9322354822528887	0.16432145389357777
2.938090050500716	0.16708965166317302
2.949799186996371	0.17239005060269363
2.955653755244198	0.17491491219276856
2.9615083234920254	0.17735118917578263
2.9732174599876804	0.1819454598300333
2.9790720282355077	0.18409784199479118
2.9849265964833354	0.1861502410947503
2.9907811647311626	0.18810056541786802
2.99663573297899	0.1899470770561853
3.0024903012268176	0.19168827507380837
3.008344869474645	0.1933229708807659
3.0200540059703	0.19626950569945256
3.0259085742181275	0.1975805590044024
3.031763142465955	0.1987834582289445
3.037617710713782	0.19987863403064154
3.0434722789616098	0.2008663624202286
3.049326847209437	0.20174843405461895
3.0551814154572643	0.2025256785974675
3.061035983705092	0.20319963309919187
3.0668905519529193	0.20377209878124825
3.0727451202007465	0.20424513317948223
3.0785996884485742	0.204621523965278
3.0844542566964015	0.20490289126042394
3.0903088249442288	0.20509237982048756
3.0961633931920565	0.20519359880647736
3.1020179614398837	0.20520828816539327
3.107872529687711	0.20514053637949603
3.1137270979355387	0.20499344916252693
3.1195816661833664	0.20477079301199352
3.1254362344311937	0.20447459913510413
3.131290802679021	0.20411077754051798
3.1371453709268486	0.20368207948074535
3.142999939174676	0.2031922291010021
3.148854507422503	0.20264497319779384
3.154709075670331	0.20204400445801707
3.160563643918158	0.20139438065206283
3.1664182121659854	0.20069762172329142
3.172272780413813	0.1999582071319429
3.1839819169094676	0.19836738327402215
3.2074001899007776	0.1948166547195419
3.213254758148605	0.19387082396171562
3.219109326396432	0.19290601009155128
3.230818462892087	0.19093019542648626
3.2542367358833966	0.18685182390804045
3.301073281866016	0.17839885753936247
3.3074180070938537	0.17722872072712115
3.313762732321692	0.17605329848883344
3.326452182777367	0.1736750004694928
3.351831083688718	0.16876858210296308
3.3581758089165556	0.16750039930951088
3.3645205341443933	0.16621184882104667
3.377209984600069	0.16356553769514148
3.4025888855114204	0.15794939097218363
3.408933610739258	0.15646628537478324
3.4152783359670957	0.15494829837525226
3.427967786422771	0.151798256947265
3.4533466873341223	0.14502594448478523
3.45969141256196	0.1432306589597152
3.466036137789798	0.1413939527960929
3.4787255882454735	0.13759658094547533
3.5041044891568243	0.12952073884218085
3.510449214384662	0.12740819400741688
3.5167939396124996	0.12526177025691754
3.529483390068175	0.12087458857070554
3.554862290979526	0.11178662379807491
3.605620092802228	0.0929870082522215
3.611964818030066	0.09063997599892037
3.6183095432579035	0.08830422863891096
3.6309989937135794	0.08367853641582612
3.6563778946249306	0.07469126994257536
3.6627226198527683	0.07251498182846061
3.669067345080606	0.07037149925170172
3.6817567955362813	0.06619098331141104
3.7071356964476325	0.058303394667626685
3.713364711308542	0.056470376698430025
3.7195937261694514	0.05467957003482926
3.73205175589127	0.05122802162115114
3.7569678153349066	0.04484855905550067
3.763196830195816	0.04336231140210911
3.769425845056725	0.041918923358556626
3.781883874778544	0.039157118458790885
3.806799934222181	0.034121119563574664
3.8130289490830904	0.032960993212697076
3.8192579639439996	0.03183764558261115
3.8317159936658185	0.029701269980947576
3.837945008526728	0.02868631906510477
3.8441740233876374	0.02770610398345641
3.856632053109456	0.02584952522875905
3.862861067970365	0.024971985380776607
3.869090082831274	0.02412792942154407
3.881548112553093	0.022542609628856014
3.8877771274140027	0.021799872412152976
3.894006142274912	0.021090949385702995
3.9064641719967304	0.01977398285652676
3.9126931868576396	0.019167721977565222
3.9189222017185488	0.018596729531990874
3.925151216579458	0.01806179622470716
3.9313802314403676	0.017564548687363235
3.9376092463012773	0.017104908204288227
3.9438382611621865	0.01668409863244069
3.9500672760230957	0.016303164790230307
3.956296290884005	0.015963219805251172
3.962525305744914	0.015664790865203115
3.9687543206058233	0.015409261746456737
3.9749833354667325	0.015198401520551519
3.981212350327642	0.01503314774385689
3.987441365188552	0.014914751569259588
3.993670380049461	0.014845620702192863
3.9998993949103703	0.014825533036408656
4.0061284097712795	0.01485601453561125
4.012357424632189	0.014938914845507134
4.018586439493099	0.015075208922013084
4.024815454354008	0.015265099968846951
4.031044469214917	0.01551101060889093
4.037273484075826	0.015813512907732363
4.043502498936736	0.016173706192478265
4.049731513797645	0.0165925376758016
4.055960528658554	0.01707219787669001
4.062189543519463	0.017611549215754252
4.0684185583803725	0.018212567964173143
4.074647573241282	0.01887575573914768
4.080876588102191	0.01960142226151884
4.0871056029631	0.020389908683788094
4.093334617824009	0.021242693217830233
4.105792647545829	0.02314082609888879
4.11160301836634	0.024114658589570404
4.117413389186851	0.025146603762499997
4.129034130827874	0.027379744761847458
4.134844501648385	0.02858231879494133
4.140654872468897	0.02984192958786125
4.15227561410992	0.032532696581327514
4.158085984930431	0.03396412009399741
4.163896355750943	0.03545283200735694
4.175517097391966	0.03860300625976243
4.198758580674012	0.045592501525774654
4.204568951494523	0.047482592529290324
4.210379322315035	0.049430347709923494
4.222000063956058	0.053498292411765624
4.245241547238104	0.06232721519064077
4.251051918058615	0.06467960235678283
4.256862288879127	0.06709040905813424
4.26848303052015	0.07208654972279527
4.291724513802196	0.08278789032012557
4.297534884622707	0.08561201736436541
4.303345255443219	0.08849623781831684
4.314965997084242	0.09444518809948688
4.338207480366288	0.10706457780066059
4.38469044693038	0.1351624910742646
4.390500817750891	0.13893328024186646
4.396311188571403	0.142758636178957
4.407931930212426	0.15056837482733576
4.431173413494472	0.16678102538237227
4.477656380058563	0.20108695011592925
4.483956907859085	0.2058699719285525
4.490257435659606	0.21067135238179413
4.50285849126065	0.2203078943627974
4.5280606024627374	0.23956879949289223
4.534361130263259	0.24434851674064018
4.540661658063781	0.24910198927736016
4.553262713664824	0.25850522457323777
4.578464824866911	0.27671526689997294
4.584765352667433	0.28110591527986095
4.591065880467955	0.2854191219699277
4.603666936068999	0.2937870462708644
4.609967463869521	0.29782905761508227
4.616267991670043	0.3017685013699509
4.628869047271086	0.3093135881041451
4.6351695750716075	0.31290812180228533
4.641470102872129	0.3163757907032887
4.654071158473172	0.32291237567527964
4.660371686273694	0.3259712401382526
4.666672214074216	0.3288836866306756
4.67927326967526	0.3342551913202353
4.685573797475782	0.3367051467002128
4.691874325276304	0.3389932912967769
4.698174853076826	0.34111702247118036
4.704475380877348	0.3430704721243045
4.71077590867787	0.3448561654704697
4.717076436478392	0.3464690406379468
4.723376964278913	0.347907772323923
4.729677492079435	0.34917310843847127
4.735978019879957	0.350261052368778
4.742278547680478	0.3511725008544092
4.748579075481	0.3519059019657148
4.7548796032815215	0.3524624683703861
4.761180131082043	0.35283886260780073
4.767480658882565	0.35303940612574347
4.773781186683087	0.3530658435669507
4.780081714483609	0.35291696955084195
4.786382242284131	0.35259515543907116
4.792682770084653	0.3521075762201068
4.798983297885175	0.3514488915805276
4.805283825685697	0.35062433280992833
4.811584353486219	0.3496376748730763
4.817884881286741	0.34848817034329116
4.824185409087262	0.34718326484427353
4.830485936887784	0.34572508942105484
4.836786464688306	0.3441173280301417
4.843086992488827	0.3423638483131599
4.849387520289349	0.34047363619602244
4.8556880480898705	0.3384441337266496
4.8619885758903925	0.33628305129480474
4.868289103690914	0.3339947382953341
4.880890159291958	0.3290502630286264
4.8867720430520825	0.32658405841625304
4.892653926812207	0.32402503432229735
4.904417694332454	0.3186396400818503
4.92794522937295	0.30692242012536164
4.975000299453942	0.28061310480909296
5.069110439615926	0.2233576583538034
5.07499232337605	0.21980267867336534
5.0808742071361745	0.21626682923170293
5.092637974656422	0.20925907632441687
5.116165509696918	0.19555386061284752
5.16322057977791	0.16973009353702617
5.169102463538034	0.1666746297165418
5.1749843472981585	0.1636600397885274
5.186748114818406	0.15775676841900332
5.210275649858902	0.14646495637343926
5.257330719939893	0.12597363335525702
5.263096893333088	0.12365128280568405
5.268863066726285	0.12136862054527331
5.280395413512675	0.1169218387218105
5.303460107085458	0.10848565676962374
5.309226280478653	0.10646762592661307
5.314992453871849	0.10448294615790177
5.32652480065824	0.10061672232605767
5.349589494231022	0.09327083354201737
5.3553556676242176	0.0915098902764735
5.361121841017413	0.08977883263294584
5.372654187803804	0.0863988931010351
5.395718881376586	0.07995545630256284
5.4418482685221505	0.06826552303242428
5.447614441915346	0.06691311923362031
5.453380615308541	0.06558546711787372
5.464912962094933	0.06300881700685346
5.487977655667715	0.05818005908696877
5.49374382906091	0.05704423786733459
5.499510002454105	0.05594045206547138
5.511042349240497	0.05382995583682315
5.516808522633692	0.05282671239571202
5.522574696026888	0.05186151298958652
5.534107042813279	0.050045061081759545
5.539873216206474	0.049198165021610674
5.545639389599669	0.04839412203702742
5.551405562992866	0.047634048640118776
5.557171736386061	0.046921791324481044
5.562937909779256	0.04625779402104335
5.568704083172452	0.04564432999320789
5.574470256565648	0.04508349033915593
5.580236429958843	0.044578661171481127
5.586002603352038	0.044130208075203736
5.5917687767452335	0.0437408160687196
5.59753495013843	0.04341300937906789
5.603301123531625	0.04314759316201022
5.60906729692482	0.0429473864977441
5.6148334703180165	0.04281487567253306
5.620599643711212	0.04275194243362024
5.626365817104407	0.04276068317901327
5.632622147477613	0.04285384142256299
5.6388784778508185	0.043037191605013625
5.645134808224024	0.043312534499455824
5.65139113859723	0.043682727293405055
5.657647468970436	0.04415034997615774
5.663903799343641	0.04471755886403139
5.670160129716848	0.045386651432698155
5.676416460090054	0.04616020303849999
5.6826727904632595	0.04704024084370384
5.688929120836466	0.04802920205985095
5.695185451209672	0.049129560685476914
5.7014417815828775	0.05034281025065179
5.707698111956083	0.051670994438239415
5.713954442329289	0.053116191542768476
5.7264671030757	0.05636284800657565
5.732723433448906	0.05816763651002521
5.738979763822112	0.06009556578567965
5.751492424568524	0.06432592688155347
5.75774875494173	0.06663110055396615
5.7640050853149365	0.06906418141079063
5.776517746061348	0.07431817475549041
5.782774076434554	0.07714069131137413
5.789030406807759	0.0800943953414528
5.801543067554171	0.08639778076967075
5.826568389046995	0.10060088542066215
5.8328247194202	0.10448560812593022
5.839081049793407	0.10850385824322983
5.851593710539818	0.11694032927876186
5.876619032032641	0.13540290455069015
5.882875362405847	0.14034661499479095
5.889131692779053	0.14541997182569721
5.901644353525465	0.15595162047169175
5.926669675018289	0.17851834212482887
5.9329260053914945	0.1844642454858496
5.9391823357647	0.19052837437840897
5.951694996511112	0.20300245768028669
5.976720318003935	0.2292650131890217
6.026770960989582	0.2863473716306577
6.03260864732239	0.2933320622867115
6.038446333655198	0.3003720390511857
6.050121706320814	0.31460169305265384
6.073472451652046	0.34353664470797995
6.12017394231451	0.40220634164992686
6.126011628647318	0.40951120267828056
6.131849314980126	0.4167907507035895
6.143524687645742	0.4312506258588362
6.166875432976974	0.45960619730809915
6.213576923639439	0.5127361841322444
6.219414609972247	0.5189286469788941
6.225252296305056	0.5250029868847617
6.236927668970672	0.5367749686968226
6.24276535530348	0.542464104212133
6.248603041636288	0.5480144638503726
6.260278414301904	0.5586834454441876
6.266116100634712	0.563793289950208
6.27195378696752	0.5687475290598303
6.283629159633136	0.5781740127891759
6.289466845965944	0.5826369439980879
6.295304532298752	0.5869318622736663
6.3069799049643684	0.5950000421854542
6.3128175912971765	0.5987682758052439
6.3186552776299845	0.6023579807456674
6.3244929639627925	0.6057648270264675
6.3303306502956005	0.6089894043937065
6.3361683366284085	0.6120284514790484
6.3420060229612165	0.6148808376295365
6.3536813956268325	0.6200175092799671
6.3595190819596406	0.6223048822093278
6.365356768292449	0.6244009720542769
6.371194454625257	0.6263100615562096
6.377032140958065	0.628031381432969
6.382869827290873	0.6295640118186983
6.388707513623681	0.6309108754306549
6.394545199956489	0.6320717673746499
6.400382886289297	0.6330469309686886
6.406710729602115	0.633898656350024
6.4130385729149335	0.6345315918432666
6.419366416227752	0.6349563037902632
6.42569425954057	0.6351723652439145
6.432022102853389	0.6351831526083511
6.438349946166207	0.6349942545530458
6.444677789479026	0.6346065094043098
6.451005632791844	0.6340265577088346
6.457333476104663	0.6332556346552993
6.463661319417481	0.6322998192210769
6.4699891627302994	0.6311588232874936
6.476317006043118	0.6298420674047391
6.482644849355936	0.628351763345729
6.488972692668755	0.6266959443964824
6.495300535981572	0.6248781076886725
6.501628379294391	0.6229028118808204
6.507956222607209	0.6207779408050025
6.514284065920027	0.6185058237598855
6.526939752545664	0.6135471122721601
6.533267595858482	0.6108681505128011
6.5395954391713005	0.6080666435601492
6.552251125796937	0.6021134121993998
6.558578969109756	0.5989747159009153
6.564906812422574	0.5957345977383828
6.577562499048211	0.588975223423251
6.602873872299485	0.5744849667571494
6.609201715612303	0.5706910878081939
6.615529558925122	0.5668399572813303
6.628185245550759	0.5589847436002215
6.6534966188020315	0.5427927277555984
6.704119365304578	0.5094122618515571
6.805364858309672	0.4438278905292061
6.811576991255562	0.43996273142031295
6.817789124201452	0.43611865656183646
6.830213390093231	0.4284924589673822
6.855061921876791	0.4134773500455464
6.904758985443911	0.38418710630856756
7.00415311257815	0.32695006074864175
7.01036524552404	0.3233978378223066
7.01657737846993	0.31985144965902723
7.02900164436171	0.3127878577777461
7.05385017614527	0.2987976062027433
7.06006230909116	0.29534170569498586
7.06627444203705	0.29190807575249234
7.0786987079288295	0.2851225398789443
7.103547239712388	0.2719870592834739
7.109759372658278	0.2688157226173473
7.115971505604168	0.2656983495029377
7.128395771495947	0.25964468783701067
7.134607904441838	0.25671892009248864
7.140820037387727	0.25386835792431217
7.153244303279507	0.2484146343495368
7.159456436225398	0.24582192134586212
7.165668569171287	0.2433263837330495
7.178092835063067	0.23864867547047286
7.1843049680089575	0.23647847810924594
7.190517100954847	0.23442947082110077
7.202941366846627	0.23071838847353066
7.208734855752119	0.22917571620231314
7.2145283446576105	0.22775814983985088
7.220321833563103	0.22647170886397738
7.226115322468595	0.22532076543226998
7.231908811374087	0.22431022148941393
7.2377023002795795	0.2234445796534672
7.243495789185071	0.22272878490024972
7.249289278090563	0.22216720845263271
7.255082766996056	0.22176482566902855
7.260876255901548	0.22152587644320443
7.266669744807039	0.2214545155784573
7.272463233712532	0.22155593415230967
7.278256722618024	0.2218341102822725
7.284050211523516	0.2222930753553758
7.289843700429008	0.2229373559911072
7.2956371893345	0.22377016777647984
7.301430678239992	0.22479587752074703
7.307224167145485	0.22601879769841693
7.3130176560509765	0.22744166941636523
7.318811144956468	0.22906828803318868
7.324604633861961	0.23090229758910752
7.330398122767453	0.23294570523132396
7.336191611672945	0.23520413654676053
7.341985100578437	0.23767940310304736
7.347778589483929	0.2403758045195108
7.353572078389421	0.2432956273190805
7.359365567294914	0.24644085350514677
7.3651590562004055	0.2498151543437781
7.370952545105897	0.2534221167725481
7.37674603401139	0.25726269211864183
7.388333011822374	0.2656546290113342
7.394126500727865	0.2702123377191712
7.399919989633357	0.27501279500433684
7.411506967444342	0.28535310770966404
7.4173004563498335	0.2908962860546396
7.423093945255326	0.2966921391073831
7.43468092306631	0.30904615178120887
7.4404744119718025	0.31560714874353835
7.446267900877294	0.32242607312963356
7.457854878688279	0.33684136216154803
7.481028834310247	0.3688313798389742
7.486822323215739	0.37749208091418884
7.492615812121231	0.38642084919886877
7.504202789932215	0.4050822616788037
7.527376745554184	0.44562823662246176
7.533170234459676	0.4564370396524198
7.538963723365168	0.46751757739459565
7.550550701176152	0.49048157997237674
7.57372465679812	0.5396160312640506
7.5800083026836225	0.5536658515421209
7.586291948569125	0.568024974027681
7.59885924034013	0.5976558672325125
7.62399382388214	0.6604907431348574
7.6742629909661595	0.7995315735852349
7.680546636851662	0.8180614120936638
7.686830282737164	0.8368251529968886
7.699397574508169	0.8750243592567855
7.724532158050179	0.9538828283170271
7.774801325134198	1.1193731883338272
7.7810849710197	1.1405903514398839
7.787368616905203	1.1618891946153083
7.799935908676208	1.2046868180429242
7.825070492218217	1.2907606218337122
7.875339659302236	1.4622459350241828
7.9758779934702755	1.7838674565717643
7.98174299531538	1.8011977187013426
7.9876079971604845	1.8183407643556722
7.9993380008506945	1.8520521275211816
8.022798008231113	1.917108450760991
8.06971802299195	2.0376203296926727
8.075583024837055	2.051800767229991
8.081448026682159	2.0657863805992185
8.093178030372368	2.0932026886970685
8.116638037752786	2.145907017419748
8.163558052513622	2.243829478635552
8.169423054358727	2.255472864138337
8.175288056203831	2.267003845361092
8.18701805989404	2.289752763575061
8.210478067274458	2.3341869933955355
8.257398082035296	2.420240809096765
8.35123811155697	2.5916405718267432
8.357593270382086	2.603572877687284
8.3639484292072	2.615569627392696
8.37665874685743	2.6397648573281893
8.40207938215789	2.688989321363491
8.45292065275881	2.7907762772054525
8.554603193960649	3.0032171636599343
8.560958352785764	3.0165993778583466
8.567313511610879	3.0299640303785247
8.580023829261108	3.056628434910249
8.605444464561568	3.109641679257661
8.656285735162488	3.2138729470154237
8.757968276364327	3.4184961034015164
8.764207724822514	3.431300155886962
8.7704471732807	3.444189692703498
8.782926070197073	3.470264210448701
8.807883864029819	3.523932118401232
8.814123312488006	3.537740587516105
8.820362760946193	3.5517353260967797
8.832841657862565	3.5803266505678186
8.85779945169531	3.640317536858541
8.864038900153497	3.6559773186029005
8.870278348611684	3.671945415977609
8.882757245528056	3.704822227412583
8.907715039360802	3.77478502386054
8.91395448781899	3.793234913983717
8.920193936277176	3.8121078505722004
8.932672833193548	3.851162584558513
8.957630627026294	3.934978388009977
8.963870075484481	3.957220438584657
8.970109523942668	3.98000937630914
8.98258842085904	4.02728154205395
9.007546214691786	4.129167459339607
9.013785663149973	4.156280075446727
9.02002511160816	4.184082992902896
9.032504008524532	4.241860656572078
9.057461802357277	4.366661129456806
9.063701250815464	4.399924499137556
9.069940699273651	4.434055117250488
9.082419596190023	4.505030334108068
9.10737739002277	4.658557903023279
9.113616838480956	4.699507078208463
9.119856286939143	4.741532865158318
9.132335183855517	4.828953527106059
9.157292977688263	5.01806383892257
9.163113782106052	5.0650656729873305
9.16893458652384	5.1132144183286385
9.180576195359418	5.213043150940463
9.203859413030571	5.42753439616721
9.20968021744836	5.484386628516425
9.21550102186615	5.542578050453832
9.227142630701726	5.663063796424832
9.250425848372881	5.921052581151654
9.25624665279067	5.989204847022804
9.26206745720846	6.058854755774456
9.273709066044036	6.202716023828508
9.296992283715191	6.5089973999764155
9.3435587190575	7.197355685969249
9.349379523475289	7.290480885227033
9.355200327893076	7.385154627535658
9.366841936728655	7.579082091135465
9.390125154399808	7.984714065079974
9.436691589742118	8.859896535075595
9.529824460426736	10.773726517716302
9.536135421824536	10.905950366101349
9.542446383222334	11.037917438132258
9.555068306017933	11.300645540016022
9.580312151609128	11.818233266066589
9.586623113006928	11.945354934718473
9.592934074404727	12.071350916408363
9.605555997200325	12.319550846470259
9.630799842791522	12.797993111507495
9.63711080418932	12.913300412256818
9.643421765587119	13.026721952562779
9.656043688382717	13.247566108303753
9.681287533973913	13.663166238963509
9.687598495371713	13.76127995040208
9.69390945676951	13.856947917556033
9.70653137956511	14.040744181133933
9.731775225156305	14.377446018259608
9.738086186554103	14.455003824897654
9.744397147951902	14.52990027080019
9.7570190707475	14.671656469922356
9.7633300321453	14.738457394918347
9.7696409935431	14.80259698863727
9.782262916338697	14.922855317921133
9.788573877736496	14.979002583561282
9.794884839134294	15.03252145683196
9.807506761929893	15.131761157533463
9.813817723327691	15.177549450246707
9.820128684725491	15.220817849831962
9.832750607521088	15.299895491842662
9.839061568918886	15.335809204298991
9.845372530316686	15.369343239436027
9.851683491714486	15.400548027792723
9.857994453112283	15.429462785981231
9.864305414510083	15.456127463061053
9.870616375907883	15.480585629714472
9.87692733730568	15.502881333243364
9.88323829870348	15.523068063275684
9.88954926010128	15.541178130940024
9.895860221499078	15.557252026475563
9.902171182896877	15.571335428455123
9.908482144294677	15.583473777513607
9.914793105692475	15.593702865947522
9.921104067090274	15.602063055324786
9.927415028488074	15.608590781472005
9.933725989885872	15.613321309146988
9.939618307243272	15.61614564267338
9.945510624600674	15.617457687243093
9.951402941958076	15.61728035030266
9.957295259315476	15.61564154194703
9.963187576672876	15.61255377656181
9.969079894030278	15.608039430256312
9.97497221138768	15.602107917834894
9.98086452874508	15.594781346555582
9.98675684610248	15.586069072136764
9.992649163459882	15.575978503107155
9.998541480817284	15.564521136108807
10.004433798174684	15.551702030856495
10.010326115532086	15.53751103907665
10.016218432889488	15.521970972094929
10.02800306760429	15.4867979051438
10.033895384961692	15.467158487365024
10.039787702319092	15.446132671914462
10.051572337033896	15.399913882703599
10.057464654391296	15.374697011313568
10.063356971748698	15.34803397928382
10.0751416064635	15.290370866414191
10.0810339238209	15.259324271256471
10.086926241178302	15.226753986856448
10.098710875893104	15.1570390818728
10.122280145322708	14.998428177587593
10.128172462680109	14.954638095784679
10.13406478003751	14.909130461465503
10.145849414752313	14.812894463923435
10.151741732109715	14.762084666611065
10.157634049467116	14.709487835860203
10.169418684181919	14.598731479773523
10.17531100153932	14.540528629018429
10.18120331889672	14.48041536227833
10.192987953611524	14.354398496183494
10.216557223041129	14.078661735792632
10.222449540398529	14.004727571230662
10.22834185775593	13.92877600104653
10.240126492470733	13.77080911664183
10.263695761900337	13.430722863447873
10.269588079257737	13.340721610306147
10.275480396615139	13.248763261416862
10.287265031329941	13.05900712011021
10.310834300759547	12.657180051211473
10.316610907750018	12.554330205589148
10.322387514740491	12.449837594605206
10.333940728721437	12.236105758651208
10.357047156683329	11.791060149081822
10.40326001260711	10.84373921866747
10.495685724454674	8.845683006748633
10.501462331445147	8.72149605299247
10.50723893843562	8.597827143329274
10.518792152416566	8.352283974733105
10.541898580378456	7.870193870851424
10.588111436302238	6.954321419425211
10.593888043292711	6.845278398495142
10.599664650283184	6.73757860319578
10.611217864264129	6.5263137034823275
10.634324292226019	6.121093469408133
10.680537148149801	5.383936896417926
10.686803912120283	5.291711465473095
10.693070676090766	5.201344782904213
10.705604204031733	5.026178888989105
10.730671259913667	4.697907190837284
10.73693802388415	4.6203699027093155
10.743204787854634	4.544615724855167
10.755738315795599	4.398385624524911
10.78080537167753	4.126480749047143
10.787072135648014	4.062660591077478
10.793338899618497	4.000452553132731
10.805872427559462	3.8807772163765515
10.830939483441394	3.659663768822031
10.837206247411878	3.608032249121912
10.843473011382361	3.557799899339816
10.856006539323326	3.4614345060540384
10.881073595205258	3.284349893511676
10.887340359175742	3.243185265519049
10.893607123146225	3.203200651567257
10.90614065108719	3.126699298002235
10.912407415057672	3.0901219229760386
10.918674179028155	3.0546340390674818
10.931207706969122	2.986812642552798
10.937474470939605	2.954432087364241
10.943741234910089	2.92304503769176
10.956274762851054	2.86312594314965
10.981341818732986	2.7541552804629115
10.98760858270347	2.729049252120614
10.993875346673953	2.704747327122398
11.006408874614918	2.6585005189804187
11.0126756385854	2.6365120714996824
11.018942402555883	2.615251652618772
11.03147593049685	2.574854070996567
11.037742694467333	2.5556668032606513
11.044009458437817	2.53713395180978
11.056542986378783	2.5019547517997847
11.081610042260715	2.4386235763236526
11.0874581621908	2.425101982610566
11.093306282120885	2.4120253089265686
11.105002521981056	2.387142751431732
11.110850641911142	2.375310416443476
11.116698761841226	2.3638652696836058
11.128395001701396	2.3420816712992654
11.134243121631481	2.331714090316588
11.140091241561567	2.3216804978884227
11.151787481421737	2.302562256487482
11.175179961142078	2.2677185209432387
11.181028081072164	2.2596428084523716
11.18687620100225	2.2517936811937664
11.198572440862419	2.236732304827261
11.22196492058276	2.2088086467690102
11.268749880023442	2.159257219389693
11.274597999953528	2.153453080242236
11.280446119883614	2.147705078962887
11.292142359743783	2.1363427614676294
11.315534839464124	2.113943293146185
11.362319798904807	2.0690490937575268
11.45588971778617	1.9725228961203816
11.462227994696264	1.965561324965226
11.46856627160636	1.9585669584173497
11.481242825426552	1.944415775537824
11.506595933066933	1.9156313451683138
11.557302148347699	1.8566736918411233
11.658714578909226	1.7374392417637363
11.665052855819322	1.7300324340004165
11.671391132729418	1.7226275847445347
11.684067686549609	1.7078352746993102
11.709420794189992	1.6782689218915712
11.760127009470756	1.6187210206074996
11.861539440032285	1.4919522646276806
11.867762006575452	1.48355598168604
11.87398457311862	1.4750634741578188
11.886429706204954	1.4577735958185944
11.911319972377623	1.4218738378180178
11.961100504722959	1.3440576969006228
11.967323071266126	1.3337139975971062
11.973545637809291	1.3232293858138413
11.985990770895626	1.301815974866786
12.010881037068295	1.257212776507778
12.060661569413632	1.1608639063139812
12.0668841359568	1.1481642011827509
12.073106702499967	1.135325412634316
12.085551835586301	1.1092398584564171
12.11044210175897	1.0554987727519345
12.160222634104306	0.9426033659652528
12.25978369879498	0.7044722765079685
12.26558762129775	0.6904941012252075
12.271391543800519	0.6765418247841146
12.282999388806058	0.6487324682072
12.306215078817134	0.5936771668309546
12.352646458839288	0.48708132930022985
12.358450381342058	0.4741955976909884
12.364254303844827	0.46142473238326054
12.375862148850366	0.436250129202002
12.399077838861443	0.387507577123962
12.445509218883597	0.2974663435415956
12.451313141386366	0.2869889030492203
12.457117063889136	0.2766962788167555
12.468724908894675	0.2566782643165284
12.491940598905751	0.21899236665690713
12.49774452140852	0.21007527952575478
12.503548443911289	0.20136435553794518
12.515156288916828	0.18456899695364304
12.538371978927906	0.15352480430336524
12.544175901430675	0.14630155777531328
12.549979823933445	0.13929701688821305
12.561587668938982	0.12593754083464592
12.567391591441751	0.1195846777737899
12.573195513944519	0.11344999551801083
12.584803358950058	0.10183276401211772
12.590607281452828	0.09635126674609151
12.596411203955597	0.09108474114839371
12.608019048961136	0.0811980492828357
12.613822971463906	0.07657543085562635
12.619626893966675	0.0721645164615976
12.631234738972212	0.06397246242894172
12.637528818454992	0.05987836860668172
12.64382289793777	0.056024041612180664
12.65011697742055	0.05240941536206645
12.65641105690333	0.04902830986189888
12.66270513638611	0.045880422934714726
12.66899921586889	0.042960619778589226
12.67529329535167	0.040266252899767485
12.68158737483445	0.03779446441540757
12.68788145431723	0.035539775077245706
12.69417553380001	0.0334986116397471
12.700469613282788	0.03166671805167698
12.706763692765568	0.030040497583324388
12.713057772248348	0.028614682444944695
12.719351851731126	0.027384962813073566
12.725645931213906	0.02634688494517734
12.731940010696686	0.025493859128508767
12.738234090179466	0.024823884303612376
12.744528169662246	0.024330228361854722
12.750822249145024	0.024007729810314293
12.757116328627804	0.02385145883944717
12.763410408110584	0.02385603095761968
12.769704487593362	0.024016202815777987
12.775998567076142	0.024326575612572787
12.782292646558922	0.024781573231576814
12.788586726041702	0.02537615643779101
12.794880805524482	0.026104544931647267
12.801174885007262	0.026962619013873645
12.807468964490042	0.02794247867361488
12.813763043972822	0.029040592632801898
12.820057123455602	0.030251040592401912
12.83264528242116	0.032988107120283106
12.83893936190394	0.03450416781559196
12.845233441386718	0.036111880597978985
12.857821600352278	0.03958071503606253
12.882997918283397	0.04740292632048804
12.889291997766177	0.04951558490342611
12.895586077248957	0.0516820552535866
12.908174236214515	0.05616228034733095
12.933350554145633	0.06560299884917775
12.939644633628413	0.06804328815133953
12.945938713111193	0.07050986486521249
12.958526872076751	0.0755097513052212
12.98370319000787	0.08571209280364545
13.034055825870107	0.10653903198737535
13.03993126131249	0.10898671781596714
13.04580669675487	0.11143612878039733
13.057557567639634	0.11633734384722283
13.081059309409161	0.12616843512053966
13.128062792948215	0.1459820874517953
13.222069760026324	0.18721331399843022
13.227945195468706	0.18989820526706236
13.233820630911087	0.19259890313565897
13.245571501795851	0.19804291266183172
13.269073243565378	0.20910129578551595
13.316076727104432	0.23179274427143248
13.410083694182541	0.2774078539604451
13.415843419257996	0.28008907038848774
13.42160314433345	0.2827447030574759
13.433122594484356	0.28796852879283763
13.45616149478617	0.2979903284970167
13.461921219861622	0.30039294052765486
13.467680944937076	0.3027495248427545
13.479200395087982	0.30731233417597903
13.502239295389796	0.3157697888494071
13.507999020465249	0.3177307767704256
13.513758745540702	0.3196201836515883
13.525278195691609	0.3231932302838044
13.531037920767062	0.3248681586114115
13.536797645842515	0.32646781070560926
13.548317095993422	0.32942277074575843
13.554076821068875	0.33077573833643714
13.559836546144329	0.332041460551034
13.565596271219782	0.33321908401429545
13.571355996295235	0.33430830205048856
13.577115721370689	0.33530301242562877
13.582875446446142	0.3362048737302137
13.588635171521595	0.33700838729154337
13.594394896597048	0.33771414917024933
13.600154621672502	0.3383199951735757
13.605914346747955	0.338825462324989
13.611674071823408	0.3392274096796418
13.617433796898862	0.3395259404771036
13.623193521974315	0.33971818450858293
13.628953247049768	0.3398013588697123
13.634712972125222	0.33977804710878023
13.640472697200675	0.3396499543929339
13.646232422276128	0.33940890779776434
13.651992147351582	0.33905748173950034
13.657751872427035	0.3385948368316961
13.663511597502488	0.338020229083167
13.669271322577941	0.3373348649027189
13.675031047653395	0.3365352067458477
13.680790772728848	0.33562406440938186
13.686550497804301	0.33460119082031425
13.692310222879755	0.3334652255286602
13.698069947955208	0.33221571650797865
13.703829673030661	0.3308566968008757
13.709589398106115	0.3293849843214004
13.715349123181568	0.3278032796100434
13.721108848257021	0.32611090045016056
13.732628298407928	0.32239926528320473
13.738388023483381	0.3203827391946924
13.744147748558834	0.31825878211668124
13.755667198709741	0.3136994999895186
13.778706099011554	0.30337388930303977
13.784955981067018	0.3003076869464284
13.791205863122482	0.2971320511966524
13.803705627233409	0.29046783987707503
13.828705155455264	0.2759687737223292
13.834955037510728	0.2721200570799036
13.841204919566191	0.2681888196490293
13.853704683677119	0.2600938749281735
13.878704211898974	0.24308468506373426
13.884954093954438	0.23868546650410472
13.891203976009901	0.23423583934523295
13.903703740120829	0.22520211250057476
13.928703268342684	0.20671956365394673
13.978702324786392	0.16906723923911715
13.984952206841854	0.1643798575417068
13.991202088897317	0.15971059638998342
14.003701853008245	0.15044200777579464
14.0287013812301	0.13229290954203288
14.034951263285564	0.1278574779947892
14.041201145341027	0.12347027607382122
14.053700909451955	0.11485163796962572
14.07870043767381	0.09832388411254012
14.084950319729273	0.09435703940449691
14.091200201784737	0.09045890891050734
14.103699965895665	0.08288580888505148
14.12869949411752	0.06867926991884798
14.134949376172983	0.06533403545456029
14.141199258228447	0.062073061952717445
14.153699022339374	0.055812308679303535
14.17869855056123	0.0443561233940194
14.184529788576295	0.04189135335888028
14.190361026591361	0.03950587493129132
14.202023502621493	0.034971618590213915
14.20785474063656	0.032822559562033504
14.213685978651625	0.03075310001772158
14.225348454681756	0.026847367243221787
14.23117969269682	0.025011019923810274
14.237010930711886	0.023251668000106473
14.248673406742018	0.019960845129852745
14.254504644757084	0.018427759995910176
14.26033588277215	0.016968056605354942
14.271998358802282	0.014266662502902316
14.277829596817348	0.0130221431863774
14.283660834832414	0.011846899540718714
14.28949207284748	0.010739860561536085
14.295323310862546	0.0096995309969371
14.301154548877612	0.008724576071256429
14.306985786892678	0.007813815773896726
14.318648262922808	0.006178192712386843
14.324479500937873	0.0054504016387076915
14.330310738952939	0.004780876675898216
14.336141976968005	0.004167434640220735
14.34197321498307	0.003608911817566507
14.347804452998137	0.003103411957690594
14.353635691013203	0.0026494865102193454
14.359466929028269	0.002245326269478043
14.365298167043335	0.0018893062434147678
14.3711294050584	0.0015797400670222173
14.376960643073467	0.001314945985235183
14.382791881088533	0.0010932168807238352
14.388623119103599	0.0009129139776161699
14.394454357118665	0.0007723676442727978
14.400285595133731	0.0006698457747382758
14.406116833148797	0.0006039714062389123
14.411948071163861	0.0005728861204986613
14.417779309178925	0.0005751002827781848
14.423610547193991	0.0006090805576248748
14.429441785209058	0.000673255809411466
14.435273023224124	0.0007662069706859675
14.44110426123919	0.0008864259481243808
14.446935499254256	0.0010325787478994153
14.452766737269322	0.0012032776239716547
14.458597975284388	0.0013971858164067985
14.464429213299454	0.0016130641807238222
14.47026045131452	0.0018497279528620902
14.481922927344652	0.0023806869713989265
14.487754165359718	0.0026728842840720857
14.493585403374784	0.0029815912064696803
14.505247879404916	0.003644801306111556
14.511079117419982	0.003997647745404342
14.516910355435048	0.004363737274404311
14.52857283146518	0.005132783940889896
14.551897783525442	0.006803917584727592
14.558219178520517	0.007284784510800613
14.564540573515593	0.007777108927815801
14.577183363505746	0.008795026276890106
14.602468943486052	0.010965427133363292
14.608790338481128	0.011536234815223034
14.615111733476205	0.012119718145305436
14.627754523466356	0.013325014304264526
14.65304010344666	0.01590472662396275
14.659361498441736	0.016589115492185502
14.665682893436813	0.017290615786463237
14.678325683426966	0.01874786029259995
14.70361126340727	0.021906892568958003
14.709932658402344	0.022752915189229894
14.71625405339742	0.0236231465531897
14.728896843387574	0.025439665662309652
14.75418242336788	0.029403697086775094
14.760503818362956	0.030467943380963092
14.766825213358032	0.03156319858307255
14.779468003348185	0.03384913617355595
14.80475358332849	0.03881686442473531
14.811074978323564	0.0401437586289472
14.81739637331864	0.041505338931864144
14.830039163308793	0.04433283405166066
14.8553247432891	0.05040435754864986
14.861646138284176	0.05200817662955548
14.867967533279252	0.0536453300464228
14.880610323269403	0.05701820751571013
14.905895903249707	0.06413725428213973
14.956467063210317	0.07962741639824322
14.962369814164994	0.08151870053880605
14.968272565119673	0.08342279952026893
14.98007806702903	0.08726289906926749
15.003689070847745	0.09501900413497522
15.050911078485171	0.11043306156798494
15.05681382943985	0.11231329587098315
15.062716580394529	0.1141753256630626
15.074522082303885	0.11783777992899164
15.098133086122598	0.12486186653769193
15.104035837077276	0.12654369563996404
15.109938588031955	0.1281899953882888
15.121744089941311	0.1313749326591832
15.145355093760024	0.13724727805805248
15.151257844714703	0.13860104150608982
15.157160595669382	0.1399049910795792
15.168966097578737	0.14235876129056663
15.174868848533414	0.14350654304846255
15.180771599488093	0.1445949944492934
15.19257710139745	0.14660338853808136
15.19847985235213	0.14751742972370563
15.204382603306808	0.1483696982039498
15.210285354261487	0.14915993916343145
15.216188105216164	0.14988605141539246
15.22209085617084	0.15054729505518977
15.22799360712552	0.1511418239507028
15.233896358080198	0.15167140061060147
15.239799109034877	0.15213240427004365
15.245701859989556	0.15252517767269042
15.251604610944234	0.15284879923732114
15.257507361898913	0.15310333845067925
15.26341011285359	0.15328744824904916
15.269312863808267	0.1534016812464103
15.275215614762946	0.15344482028257533
15.281118365717624	0.15341799285686597
15.287021116672303	0.15331880339755177
15.292923867626982	0.15314935619216818
15.29882661858166	0.15290906731177634
15.30472936953634	0.15259917224565095
15.310632120491016	0.15221687763790087
15.316534871445693	0.15176556177414413
15.322437622400372	0.15124388665391136
15.32834037335505	0.1506533820850588
15.33424312430973	0.14999473891840737
15.34003016489748	0.14928299037341192
15.345817205485229	0.1485067264761627
15.351604246072979	0.14766662490132315
15.357391286660729	0.14676418277835046
15.363178327248479	0.14580007619260682
15.368965367836228	0.1447749319514729
15.380539449011728	0.14254758288251423
15.386326489599478	0.14134752532886513
15.392113530187228	0.1400919575536413
15.403687611362727	0.13741895855035802
15.426835773713728	0.13146916824281185
15.432622814301478	0.12986547872030085
15.43840985488923	0.128218753657796
15.44998393606473	0.1248034914939335
15.473132098415729	0.11753868942493312
15.519428423117727	0.10171796580577935
15.525215463705477	0.09965921645092174
15.531002504293227	0.09758934404651781
15.542576585468726	0.09342480217450505
15.565724747819726	0.08505149295521497
15.612021072521724	0.06856279832952711
15.617808113109474	0.0665615508551759
15.623595153697224	0.06457877373987536
15.635169234872723	0.06067368579708393
15.658317397223723	0.053158162456683644
15.664104437811472	0.05134621865731126
15.669891478399222	0.04956486066368948
15.681465559574722	0.046094028362647976
15.704613721925723	0.03954897611428032
15.710890919493483	0.03787072613510051
15.717168117061242	0.036235278927716275
15.729722512196762	0.03309556020474763
15.735999709764522	0.03159232645487092
15.742276907332283	0.030133842943342204
15.754831302467803	0.027354050066503155
15.761108500035563	0.026032633739395905
15.767385697603324	0.024756388703039645
15.779940092738844	0.022342107313406356
15.786217290306604	0.021203679946443343
15.792494487874364	0.020110327218465562
15.805048883009885	0.018058053486543713
15.811326080577645	0.01709793127178727
15.817603278145405	0.016182212860242406
15.830157673280926	0.014477131517209807
15.836434870848686	0.01368728735909519
15.842712068416446	0.012937951383869828
15.855266463551967	0.011557968856316436
15.861543661119727	0.010925244700605352
15.867820858687487	0.01032939646557346
15.874098056255248	0.009769446108382152
15.880375253823008	0.009244228300230917
15.886652451390768	0.00875266656251722
15.892929648958528	0.008293608888850834
15.905484044094049	0.007468369082310911
15.911761241661809	0.007099742604446402
15.91803843922957	0.006758840088519291
15.92431563679733	0.006444444108748171
15.93059283436509	0.006155277324586761
15.93687003193285	0.005890116802105605
15.94314722950061	0.005647559590067908
15.94942442706837	0.005426740229655558
15.95570162463613	0.005226341297123183
15.961978822203891	0.005044844612296373
15.968256019771651	0.00488131012696752
15.974533217339411	0.0047345444079583965
15.980810414907172	0.004603366791007535
15.987087612474932	0.004486459540027576
15.993364810042692	0.00438311344214154
15.999642007610452	0.004292034651789012
16.005919205178213	0.004212209716358273
16.01219640274597	0.004142851298458261
16.018473600313733	0.004082731118227156
16.024750797881495	0.004031058104500496
16.031027995449254	0.003987014895604102
16.037305193017012	0.003949870997280891
16.043582390584774	0.00391862689460043
16.049859588152536	0.003892827517832098
16.056136785720295	0.0038717440740297926
16.062413983288053	0.0038547426907265536
16.068691180855815	0.003841613361753593
16.074968378423577	0.003831287341711287
16.081245575991336	0.0038237198539198824
16.087522773559094	0.003818735890086411
16.093799971126856	0.003815812526553608
16.100077168694618	0.0038146134371281337
16.106354366262376	0.0038151889517205606
16.11221291978974	0.003817188772831326
16.1180714733171	0.0038204932754113963
16.123930026844462	0.0038252286467175267
16.129788580371823	0.0038312966393050374
16.135647133899184	0.003838909424455028
16.141505687426548	0.0038481813222535355
16.147364240953912	0.003859305745907704
16.153222794481273	0.0038724928736609543
16.159081348008634	0.003888041568478634
16.164939901536	0.003906246184886525
16.170798455063363	0.003927462417615019
16.176657008590723	0.003952041319091659
16.182515562118084	0.00398047331467033
16.18837411564545	0.004013184350600191
16.194232669172813	0.004050748149904887
16.200091222700173	0.004093441590314689
16.205949776227534	0.004142123303309403
16.2118083297549	0.0041972048468424394
16.217666883282263	0.004259432406900077
16.223525436809624	0.004329202726568365
16.229383990336984	0.004407384439841094
16.23524254386435	0.004494418650580395
16.241101097391713	0.004591186590835905
16.246959650919074	0.0046984858622284575
16.252818204446434	0.004816586604383
16.2586767579738	0.00494651687583661
16.264535311501163	0.005089021072858635
16.270393865028524	0.005245182232637008
16.276252418555885	0.005415066782963052
16.28211097208325	0.005599358141471195
16.293828079137974	0.006015528356159927
16.299686632665335	0.0062485170630802445
16.3055451861927	0.006499029831137371
16.311403739720063	0.006768078606272182
16.317262293247424	0.007055960504278563
16.323120846774785	0.007363700957421532
16.32897940030215	0.007691284088059774
16.340696507356874	0.008410113771744693
16.346555060884235	0.008802303096314579
16.3524136144116	0.009217083516096403
16.364130721466324	0.010116383908648802
16.369989274993685	0.01060181737132973
16.375847828521046	0.011111781575597807
16.38756493557577	0.012206104452642835
16.393423489103135	0.012791025233485881
16.399282042630496	0.013401812952620357
16.410999149685217	0.014700623281558106
16.416857703212578	0.015389148059089447
16.422716256739943	0.016103708429566543
16.434433363794668	0.017611181340701748
16.44029191732203	0.018403910799954903
16.446150470849393	0.019222461097264526
16.457867577904118	0.020936146155216356
16.481301792013568	0.02466093584789042
16.487650502520943	0.02573556315678968
16.493999213028314	0.02683677577472418
16.50669663404306	0.029115837310446424
16.53209147607255	0.033954423322863525
16.58288116013153	0.04447968401362229
16.589229870638903	0.045847449916239874
16.595578581146277	0.047220796484459954
16.60827600216102	0.04998130498883174
16.63367084419051	0.05549819275579926
16.684460528249495	0.06610700971314262
16.69080923875687	0.06735596283180681
16.69715794926424	0.06858293655903508
16.709855370278987	0.07095813411809593
16.716204080786362	0.07210355426254131
16.722552791293733	0.07322020406179056
16.73525021230848	0.07535169040633838
16.741598922815854	0.07636634915578502
16.747947633323225	0.0773440172847466
16.76064505433797	0.07918262943390292
16.766993764845342	0.08004105097850497
16.773342475352713	0.08085799752887304
16.78603989636746	0.08235581866615319
16.79238860687483	0.08303751322772202
16.798737317382205	0.08367246502686795
16.805086027889576	0.08425840626873235
16.811434738396947	0.08479578126670229
16.817783448904322	0.08528293993158292
16.824132159411693	0.0857200190577436
16.830480869919064	0.0861060457669246
16.83682958042644	0.08643994411519668
16.843178290933814	0.08672106021678805
16.849527001441185	0.086950614537914
16.855875711948556	0.08712668004320842
16.86222442245593	0.08724820085475601
16.868573132963306	0.08731774410586918
16.874921843470677	0.08733309658040586
16.881270553978048	0.08729545341329917
16.887619264485423	0.08720449030316349
16.893852264625867	0.08706308111942188
16.90008526476631	0.08687135403285665
16.906318264906755	0.08662819046398201
16.9125512650472	0.08633557095049191
16.918784265187643	0.08599255347824664
16.925017265328087	0.08560096055909491
16.93125026546853	0.08516077832761279
16.937483265608975	0.08467279893223287
16.94371626574942	0.08413798597061245
16.949949265889863	0.08355684305824967
16.956182266030307	0.08293072563162407
16.96241526617075	0.08226045338779314
16.968648266311195	0.08154715260211609
16.97488126645164	0.08079181804671329
16.98734726673253	0.07916019210050718
16.993580266872975	0.07828637862481469
16.999813267013423	0.0773757075428842
17.01227926729431	0.07544938159870354
17.037211267856087	0.07121834405197122
17.04344426799653	0.07009087098455555
17.049677268136975	0.06893933993201715
17.062143268417863	0.06656831859909165
17.08707526897964	0.0616056583139262
17.093308269120083	0.06032955815572996
17.099541269260527	0.05904184666827739
17.112007269541415	0.05644173266230526
17.13693927010319	0.051185088672147716
17.186803271226747	0.04081758160477861
17.19303627136719	0.039564480411289904
17.19926927150764	0.03832560678591354
17.211735271788527	0.035895892546936675
17.236667272350303	0.031258116957843335
17.242900272490747	0.030150313984956517
17.24913327263119	0.029065429322512937
17.26159927291208	0.02696691177671126
17.286531273473855	0.02307296712873258
17.2923456295739	0.022226412823994957
17.298159985673948	0.02140278754721256
17.30978869787404	0.01982845205999101
17.315603053974087	0.01907768604650259
17.321417410074133	0.01835122829146421
17.333046122274226	0.01697238427474676
17.338860478374272	0.0163196906770417
17.34467483447432	0.015691430959768493
17.35630354667441	0.014507389676033267
17.362117902774457	0.013951491428083607
17.367932258874504	0.013419762515559402
17.379560971074596	0.012425493668014292
17.385375327174643	0.011962782977425784
17.39118968327469	0.011522189316223536
17.40281839547478	0.010706766389265349
17.408632751574828	0.010330799574579608
17.414447107674874	0.009975181324035548
17.426075819874967	0.009323484052920522
17.431890175975013	0.009026084895376124
17.43770453207506	0.008746851701895847
17.443518888175106	0.008485209556769457
17.449333244275152	0.008240448565668301
17.4551476003752	0.008011915162085215
17.460961956475245	0.007798953788450719
17.47259066867534	0.007416867776248476
17.47840502477539	0.007246570860148932
17.484219380875437	0.007088726053054661
17.490033736975484	0.006943008772753501
17.49584809307553	0.006808461256216869
17.501662449175576	0.006684756044596646
17.507476805275623	0.006570770037981399
17.519105517475715	0.006369597520878484
17.52491987357576	0.006280820911819834
17.530734229675808	0.0061992766621395134
17.536548585775854	0.00612383332482222
17.5423629418759	0.006054192140413223
17.548177297975947	0.005989572898230988
17.553991654075993	0.0059295291763802604
17.565620366276086	0.005819645943447943
17.571434722376132	0.005768806533534648
17.57724907847618	0.005720084907846618
17.58887779067627	0.00562672203363615
17.594692146776318	0.005580808799576231
17.600506502876364	0.0055351815619126
17.612135215076457	0.005442201998962504
17.617949571176503	0.005394007161182129
17.62376392727655	0.005344466810785514
17.635392639476642	0.005239775768911076
17.641206995576688	0.005184107438008206
17.647021351676734	0.005125948121800172
17.658650063876827	0.005001525890835523
17.664954576956884	0.004929304016982772
17.67125909003694	0.004853672477315135
17.683868116197054	0.004691641905899102
17.70908616851728	0.004328494048368159
17.715390681597338	0.0042304091499369145
17.721695194677395	0.004130061117339545
17.734304220837508	0.003923634453781355
17.759522273157735	0.003500649127238964
17.765826786237792	0.00339579988167929
17.77213129931785	0.0032924756508592723
17.784740325477962	0.003092995803651133
17.79104483855802	0.002998226959633782
17.797349351638076	0.002907735838522385
17.80995837779819	0.0027423884397510256
17.816262890878246	0.0026690259704386377
17.822567403958303	0.0026032425974439888
17.82887191703836	0.002545373017725089
17.835176430118416	0.002496559967969242
17.841480943198473	0.002457427696355541
17.84778545627853	0.002428860105669284
17.854089969358586	0.002411527819976139
17.860394482438643	0.002406595399082029
17.8666989955187	0.0024147530520255978
17.873003508598757	0.002436389706317349
17.879308021678813	0.0024729193372672043
17.88561253475887	0.0025244841919561667
17.891917047838927	0.002592426982949897
17.898221560918984	0.00267709426775542
17.90452607399904	0.0027794119941357553
17.910830587079097	0.002900024727715139
17.917135100159154	0.0030394852311871057
17.92343961323921	0.0031987259617998753
17.929744126319267	0.0033779409453591064
17.936048639399324	0.0035782012488513176
17.94235315247938	0.00379941208919414
17.948657665559438	0.004042964484697931
17.954962178639494	0.00430843889667315
17.96126669171955	0.00459666869535337
17.967571204799608	0.004907912183827218
17.973875717879665	0.005242670117729734
17.98018023095972	0.005601091109013148
17.986484744039778	0.005983374230379701
17.992789257119835	0.00638973957710974
17.99909377019989	0.0068204445400320834
18.011702796360005	0.00775473982029945
18.018007309440062	0.008258394877385375
18.02431182252012	0.008786276350468497
18.036920848680232	0.009914198735281932
18.06213890100046	0.012451221983726904
18.068024770040118	0.013095522526030065
18.073910639079777	0.013758547266072979
18.085682377159095	0.015139307228020857
18.10922585331773	0.018104057054655467
18.156312805635004	0.024689683315295294
18.162198674674663	0.02555846674825689
18.168084543714322	0.02643426511325947
18.17985628179364	0.028202050966164294
18.203399757952276	0.031777480265577904
18.250486710269545	0.038835714745504485
18.2563725793092	0.03968846402524866
18.26225844834886	0.04053066125162483
18.274030186428178	0.04217624723885456
18.297573662586814	0.04529545860034358
18.303459531626473	0.04603211320909807
18.309345400666132	0.04675025475483392
18.32111713874545	0.04812486407376894
18.32700300778511	0.04878054941261424
18.332888876824768	0.049413209330912033
18.344660614904086	0.05060649053458806
18.350546483943745	0.05116601543189504
18.356432352983404	0.05169883698276055
18.362318222023063	0.05220528990561564
18.368204091062722	0.05268434190157553
18.37408996010238	0.05313535143360165
18.37997582914204	0.0535577180989847
18.39174756722136	0.05431439983586664
18.397633436261017	0.05464754097715445
18.403519305300676	0.05495019225025777
18.409405174340336	0.05522198182965647
18.415291043379995	0.05546231958452402
18.421176912419654	0.055671040499097324
18.427062781459313	0.055847902518261466
18.43294865049897	0.05599258541487721
18.43883451953863	0.05610515250796409
18.444604678211363	0.05618441904301549
18.45037483688409	0.056232357335086816
18.45614499555682	0.05624919846700982
18.46191515422955	0.056235051599219044
18.467685312902283	0.056190032285490285
18.473455471575015	0.056114178606213205
18.479225630247747	0.05600753414387252
18.484995788920475	0.055870528843897316
18.490765947593204	0.05570327995372931
18.496536106265935	0.055506252281034604
18.502306264938667	0.05527967752908003
18.5080764236114	0.05502404999627983
18.51384658228413	0.05473956640945453
18.51961674095686	0.05442700514771452
18.53115705830232	0.053719058064926425
18.53692721697505	0.05332479856577091
18.54269737564778	0.052904558418574124
18.55423769299324	0.0519886985300206
18.560007851665972	0.05149444293253608
18.565778010338704	0.05097704745723958
18.577318327684164	0.04987513446914474
18.583088486356893	0.04929287371131659
18.588858645029624	0.04869038695279024
18.60039896237509	0.04742891234663209
18.62347959706601	0.04470525444608153
18.62924975573874	0.043987795789448794
18.63501991441147	0.043258274400785904
18.64656023175693	0.0417648624229804
18.669640866447853	0.03867107660216085
18.715802135829698	0.03227741045847725
18.72157229450243	0.031478082173167735
18.727342453175158	0.03068161604869618
18.73888277052062	0.029101394849272738
18.76196340521154	0.02601517868674584
18.808124674593383	0.020307557995819542
18.814384990246126	0.01959480823701218
18.820645305898864	0.018899074518388542
18.83316593720435	0.01755978581379805
18.839426252857088	0.01691799264361095
18.84568656850983	0.016294482592213652
18.85820719981531	0.015105265880663396
18.86446751546805	0.01453998579878088
18.870727831120792	0.013994553383582492
18.883248462426273	0.01296463952592386
18.889508778079012	0.012479853524729828
18.895769093731754	0.012015449496673547
18.908289725037235	0.01114724093140329
18.914550040689974	0.010743340713494268
18.920810356342717	0.010359298226702784
18.933330987648198	0.009650206423139504
18.93959130330094	0.009324696376133146
18.945851618953682	0.00901793944075134
18.958372250259163	0.008459389410186244
18.964632565911906	0.008206871425481321
18.970892881564644	0.007971423404530179
18.977153197217387	0.0077528137833040855
18.98341351287013	0.007550254806031942
18.989673828522868	0.007363375136395442
18.99593414417561	0.007191472911701677
19.002194459828353	0.007033990868950471
19.00845477548109	0.006890351276571102
19.01471509113383	0.00675983922867647
19.020975406786572	0.006641727600607744
19.027235722439315	0.006535370671278212
19.033496038092053	0.006440192792607019
19.039756353744792	0.006355443310923969
19.046016669397535	0.006280371903686355
19.052276985050277	0.006214242880625526
19.058537300703016	0.0061564481173835145
19.064797616355754	0.006106215621496422
19.071057932008497	0.006062694751929554
19.07731824766124	0.0060254217591587805
19.083578563313978	0.00599313515767054
19.08983887896672	0.00596599721180964
19.096099194619462	0.005942728803078473
19.1023595102722	0.005922711580051934
19.108619825924944	0.005905342280639991
19.114880141577686	0.005889932786535879
19.121140457230425	0.005875725754615813
19.13366108853591	0.005849307284736885
19.139921404188648	0.0058356608578551405
19.14618171984139	0.005820760550079254
19.152442035494133	0.005804799239459799
19.15870235114687	0.005786589954908716
19.16496266679961	0.005765896637790868
19.171222982452353	0.005742158305199738
19.177483298105095	0.005715270593588201
19.183743613757834	0.0056846472763268235
19.190003929410572	0.005649955904577647
19.196264245063315	0.005611031772666211
19.202524560716057	0.005567443415903289
19.208784876368796	0.00551882051220641
19.21462654798114	0.005469233713683422
19.22046821959348	0.005415094639880186
19.226309891205823	0.0053563115278606604
19.232151562818167	0.005292735680675023
19.237993234430512	0.005224612404950521
19.243834906042853	0.0051514935814394175
19.25551824926754	0.0049916872224849695
19.261359920879883	0.0049048146745381965
19.267201592492224	0.004813630879636807
19.27888493571691	0.004617941113580951
19.302251622166285	0.00418101813524327
19.308093293778626	0.004063652914283483
19.31393496539097	0.00394363374252793
19.32561830861566	0.0036970148636693984
19.34898499506503	0.003188568439817477
19.354826666677376	0.003060776104785251
19.360668338289717	0.002933637212752971
19.372351681514402	0.002683334709106061
19.395718367963774	0.0022131059959551586
19.40156003957612	0.0021048325372711313
19.40740171118846	0.002001719477044056
19.4132433828008	0.0019039835086421542
19.419085054413145	0.0018122497215786876
19.42492672602549	0.0017270639356902484
19.43076839763783	0.0016489779476186323
19.43661006925017	0.0015786875892681712
19.442451740862516	0.001516556398049887
19.44829341247486	0.0014633067095919383
19.454135084087202	0.0014193582552537443
19.459976755699543	0.001385371294341145
19.465818427311888	0.0013616064452416643
19.471660098924232	0.0013488255518029346
19.477501770536573	0.0013474700181572014
19.483343442148914	0.0013579909957343872
19.48918511376126	0.001380916441548155
19.495026785373604	0.0014165741385084446
19.500868456985945	0.0014655815510977444
19.506710128598286	0.0015282896209171948
19.51255180021063	0.0016049569625800064
19.518393471822975	0.001696143113141091
19.524235143435316	0.0018020023083815673
19.530076815047657	0.0019229217836127105
19.53591848666	0.002059455183068451
19.541760158272346	0.0022115253297590176
19.547601829884687	0.0023795744228313487
19.55344350149703	0.0025637555821541452
19.559285173109373	0.0027642827693622057
19.565126844721718	0.0029812543382889273
19.570968516334062	0.0032149257735904074
19.582651859558748	0.0037324284466512536
19.58917291819447	0.0040505379720434526
19.59569397683019	0.004389613164830358
19.60873609410163	0.005130456110774853
19.61525715273735	0.005531981647760878
19.621778211373073	0.0059539612158248795
19.634820328644516	0.0068582627743904445
19.641341387280235	0.007339934193820119
19.64786244591596	0.00784088570108682
19.6609045631874	0.00889815524891531
19.686988797730287	0.011219318881439969
19.693509856366006	0.011838537844967564
19.70003091500173	0.012472374509524153
19.713073032273172	0.013778742321845797
19.739157266816054	0.016522773843076072
19.79132573590182	0.02230458390173179
19.79784679453754	0.023033053787884797
19.804367853173265	0.0237589399557816
19.817409970444707	0.02519787906819372
19.843494204987593	0.027991998313869004
19.850015263623312	0.028665200823440665
19.856536322259036	0.02932708455942172
19.86957843953048	0.030609682748682226
19.89566267407336	0.032981511785337744
19.902183732709084	0.03352800171348684
19.908704791344803	0.034053522316304666
19.921746908616242	0.035039804927775434
19.928267967251962	0.03549853237905978
19.934789025887685	0.03593345546201998
19.947831143159128	0.036728970074162245
19.954352201794848	0.037088289277039194
19.96087326043057	0.037420546182704795
19.967394319066294	0.037725930331427376
19.973915377702014	0.03800413839497439
19.980436436337733	0.03825409230388453
19.986957494973456	0.038475321461785325
19.99347855360918	0.03866777034293219
19.9999996122449	0.03883126960037432