1.000000387755102	0.03956882978860879
1.005827640490633	0.03990507267500158
1.0116548932261638	0.04025048686189926
1.0233093986972257	0.04096708483727193
1.0466184096393492	0.04249118439769292
1.093236431523596	0.045807162978148616
1.0990636842591268	0.04623864275950336
1.1048909369946578	0.04667255591907275
1.1165454424657195	0.04754613485114774
1.139854453407843	0.04930580472830061
1.1864724752920899	0.0527968362775887
1.1922997280276206	0.053224276572573406
1.1981269807631516	0.05364874791930649
1.2097814862342133	0.05448770401919428
1.2330904971763368	0.05611859174961917
1.2389177499118675	0.05651514362024275
1.2447450026473985	0.05690679166502832
1.2563995081184602	0.05767457514086037
1.2797085190605837	0.05914297709038707
1.2855357717961144	0.05949512171353252
1.2913630245316454	0.05984098861690254
1.3030175300027071	0.06051336741611721
1.3263265409448306	0.061777525098326624
1.3321537936803614	0.06207620717336737
1.3379810464158923	0.0623677848500149
1.349635551886954	0.06292936735993035
1.3729445628290775	0.06396485026964849
1.3792619725446187	0.06422513289665907
1.3855793822601599	0.06447668255460179
1.3982142016912422	0.0649535526639628
1.4045316114067834	0.06517888057500773
1.4108490211223246	0.06539548997017841
1.4234838405534072	0.0658026625418601
1.4298012502689486	0.06599330061241976
1.4361186599844897	0.06617536946892702
1.448753479415572	0.0665140330184873
1.4550708891311133	0.0666707622202049
1.4613882988466544	0.06681919071707601
1.4740231182777368	0.06709148735581044
1.480340527993278	0.06721554164262575
1.4866579377088192	0.06733166701818352
1.4929753474243603	0.06743997070707058
1.4992927571399015	0.06754056515260756
1.5056101668554427	0.06763356777742022
1.5119275765709839	0.0677191007415183
1.518244986286525	0.06779729070853133
1.5245623960020662	0.06786826860668968
1.5308798057176074	0.06793216940418026
1.5371972154331486	0.06798913187930433
1.5435146251486898	0.06803929839644651
1.549832034864231	0.0680828146868695
1.5561494445797721	0.06811982963211452
1.5624668542953133	0.0681504950543177
1.5687842640108545	0.06817496550743785
1.5751016737263959	0.06819339807401709
1.5814190834419373	0.06820595216851433
1.5877364931574784	0.06821278934271849
1.5940539028730196	0.06821407309768299
1.6003713125885608	0.06820996869871448
1.606688722304102	0.06820064299786555
1.6130061320196432	0.06818626425955879
1.6193235417351843	0.06816700199191786
1.6256409514507255	0.06814302678354905
1.6319583611662667	0.0681145101420953
1.6382757708818079	0.06808162434548423
1.644593180597349	0.06804454229125118
1.6509105903128902	0.06800343735329137
1.6572280000284314	0.06795848324504819
1.6635454097439726	0.06790985388268123
1.676180229175055	0.06780226464226732
1.6824976388905961	0.06774365321510462
1.6888150486061373	0.06768206179788497
1.7014498680372196	0.06755063105353193
1.7267195068993846	0.06725958980828872
1.733036916614926	0.06718195249973447
1.7393543263304672	0.06710270153688722
1.7519891457615495	0.06694002456007714
1.7772587846237142	0.06660256428142
1.7831575502988577	0.06652232620741155
1.789056315974001	0.06644180413875594
1.8008538473242877	0.06628041678629887
1.824448910024861	0.06595975436279097
1.8303476757000046	0.0658807404295936
1.8362464413751478	0.06580242604826761
1.8480439727254345	0.06564836324102341
1.871639035426008	0.06535372450423546
1.8775378011011514	0.06528351227428364
1.8834365667762947	0.0652148990468043
1.8952340981265814	0.06508289463466665
1.9011328638017249	0.06501971046061275
1.907031629476868	0.06495854190237857
1.9188291608271548	0.06484265281176257
1.9247279265022983	0.06478812934727946
1.9306266921774415	0.06473601562912673
1.9365254578525848	0.0646864066618183
1.9424242235277283	0.06463939603510316
1.9483229892028717	0.06459507592440555
1.9542217548780152	0.06455308671012033
1.9601205205531587	0.06451441576069653
1.966019286228302	0.06447870335112663
1.9719180519034452	0.06444603598618695
1.9778168175785886	0.06441649875170738
1.983715583253732	0.0643901753112914
1.9896143489288756	0.06436714790703357
1.995513114604019	0.06434749735479015
2.0014118802791625	0.06433130304326934
2.0073106459543055	0.0643215583064343
2.013209411629449	0.06431252572009954
2.0191081773045925	0.06430717891057092
2.0250069429797355	0.06430559153245236
2.030905708654879	0.06430783579245311
2.0368044743300224	0.06430795555148255
2.042703240005166	0.06431804168683133
2.0486020056803094	0.06433216745825265
2.0545007713554524	0.0643503991831122
2.060399537030596	0.06437280168783788
2.0662983027057393	0.06440300652327927
2.0721970683808824	0.06443395632494545
2.078095834056026	0.0644692621967019
2.0839945997311693	0.06450900013614724
2.0898933654063128	0.06455319424456812
2.0957921310814562	0.06460191621485176
2.1016908967565993	0.06465522009902458
2.1075896624317427	0.06471315834136282
2.113488428106886	0.06477578185834337
2.119387193782029	0.06484313962700092
2.1252859594571727	0.06491527923184931
2.131184725132316	0.06499224646969601
2.1370834908074596	0.065074085080572
2.142982256482603	0.06516083807394243
2.1547797878328896	0.06534924655757607
2.160562843141104	0.06544893354427092
2.166345898449319	0.06555348839672093
2.177912009065749	0.06577711004080738
2.183695064373964	0.06589642967219267
2.189478119682179	0.06602072962018934
2.201044230298609	0.06628436381634231
2.206827285606824	0.06642373988169242
2.212610340915039	0.06656817982378377
2.2241764515314686	0.066872843211216
2.247308672764328	0.06754266115548654
2.253091728072543	0.06772294278837648
2.258874783380758	0.0679083602454699
2.270440893997188	0.06829459382165243
2.2935731152300476	0.06912793710289875
2.299356170538262	0.06934907407449523
2.305139225846477	0.06957525578752613
2.316705336462907	0.0700426858518596
2.339837557695767	0.07103696990542485
2.345620613003982	0.07129772096885967
2.351403668312197	0.07156326350711673
2.362969778928627	0.07210853764228362
2.3861020001614865	0.07325436985920972
2.432366442627206	0.07575269055449249
2.438149497935421	0.07608285343659452
2.443932553243636	0.07641669239264393
2.455498663860066	0.07709500325908561
2.4786308850929255	0.07849131552471955
2.524895327558645	0.08141575774068366
2.5311685398468704	0.0818230472279079
2.5374417521350954	0.08223234192838227
2.5499881767115458	0.08305548612896999
2.575081025864447	0.08471807098782388
2.625266724170249	0.08805947419414883
2.6315399364584744	0.08847405081083715
2.6378131487466994	0.0888872011213646
2.6503595733231498	0.08970828508863771
2.675452422476051	0.09132296812360202
2.725638120781853	0.09438937129060669
2.7319113330700784	0.09475280595068576
2.7381845453583034	0.09511105672126255
2.7507309699347537	0.09581110777378782
2.775823819087655	0.09713928360027299
2.78209703137588	0.09745510481161965
2.7883702436641054	0.09776402713327857
2.800916668240556	0.09835939369498901
2.826009517393457	0.09945989764618426
2.8322827296816824	0.09971668753992075
2.8385559419699073	0.09996376599204793
2.8511023665463577	0.10043229602408113
2.857375578834583	0.10065345345958333
2.8636487911228086	0.10086481196607083
2.876195215699259	0.1012614787652004
2.882468427987484	0.10144588150496217
2.8887416402757093	0.10162084281332426
2.8950148525639348	0.10178625517331134
2.90128806485216	0.1019420177331017
2.9075612771403856	0.1020880363591866
2.9138344894286106	0.10222422395414896
2.926380914005061	0.1024667894459178
2.9322354822528887	0.1025663870586963
2.938090050500716	0.10265708059433293
2.943944618748543	0.10273892949980029
2.949799186996371	0.10281189539430849
2.955653755244198	0.10287594505131431
2.9615083234920254	0.10293105036550837
2.967362891739853	0.10297718831558667
2.9732174599876804	0.10301434091927808
2.9790720282355077	0.10304248901577595
2.9849265964833354	0.10306163461912962
2.9907811647311626	0.10307177033600373
2.99663573297899	0.10307219141406901
3.0024903012268176	0.10306410888081793
3.008344869474645	0.10304701322863294
3.014199437722472	0.1030209181420102
3.0200540059703	0.10298584163628335
3.0259085742181275	0.1029428833874948
3.031763142465955	0.10289029085275331
3.037617710713782	0.10282883568259743
3.0434722789616098	0.10275855516631599
3.049326847209437	0.10267949050135061
3.0551814154572643	0.10259168666375212
3.061035983705092	0.10249457464098807
3.0668905519529193	0.1023892314705021
3.0727451202007465	0.10227528350262372
3.0785996884485742	0.10215278792127194
3.0903088249442288	0.1018823972355084
3.0961633931920565	0.10173463077050787
3.1020179614398837	0.1015785736673426
3.1137270979355387	0.10124197092919596
3.1195816661833664	0.10106150425085003
3.1254362344311937	0.10087304532228758
3.1371453709268486	0.1004724677731009
3.142999939174676	0.1002605093717128
3.148854507422503	0.10004088410450773
3.160563643918158	0.09957896871064026
3.1664182121659854	0.09933667913343855
3.172272780413813	0.09908712305798462
3.1839819169094676	0.09856635081038886
3.2074001899007776	0.09744108446214939
3.213254758148605	0.09714283207014801
3.219109326396432	0.09683796230803829
3.230818462892087	0.09620871859477456
3.2542367358833966	0.09487428793295472
3.301073281866016	0.0919211703727103
3.3074180070938537	0.09149365927330808
3.313762732321692	0.09105988724732467
3.326452182777367	0.09017423853733716
3.351831083688718	0.08833036518304227
3.4025888855114204	0.08437632736336118
3.5041044891568243	0.07552434377476874
3.510449214384662	0.0749342313709957
3.5167939396124996	0.07434024176929979
3.529483390068175	0.07314185828714342
3.554862290979526	0.07070182072275938
3.605620092802228	0.06567852268680019
3.7071356964476325	0.05532241058315859
3.713364711308542	0.05468692396113459
3.7195937261694514	0.054052778970699156
3.73205175589127	0.05278951923475439
3.7569678153349066	0.05029182973466392
3.806799934222181	0.04546679853105498
3.8130289490830904	0.0448858176864394
3.8192579639439996	0.04431086249437685
3.8317159936658185	0.0431801529487128
3.856632053109456	0.04100475199218126
3.862861067970365	0.04048077197407979
3.869090082831274	0.03996589225288
3.881548112553093	0.03896279159830782
3.9064641719967304	0.03707384533999519
3.9126931868576396	0.036628244358843876
3.9189222017185488	0.036193945488432994
3.9313802314403676	0.03536120470051554
3.9376092463012773	0.03496298443125784
3.9438382611621865	0.03457730867807371
3.956296290884005	0.03384520444903116
3.962525305744914	0.03349933878450628
3.9687543206058233	0.033167337649382955
3.981212350327642	0.03254611585882358
3.987441365188552	0.03225747385871974
3.993670380049461	0.031983853178767174
4.0061284097712795	0.03148333205489545
4.012357424632189	0.03125654857845686
4.018586439493099	0.031045853116564492
4.024815454354008	0.030850825184398467
4.031044469214917	0.030672768172244486
4.037273484075826	0.030511471241422866
4.043502498936736	0.030367148675418343
4.049731513797645	0.03024000517753775
4.055960528658554	0.03013065222608413
4.062189543519463	0.03003858925646946
4.0684185583803725	0.029964219835648287
4.074647573241282	0.02990780424892403
4.080876588102191	0.029869459850341146
4.0871056029631	0.02984932372314575
4.093334617824009	0.029847529670305184
4.099563632684919	0.029864197537739168
4.105792647545829	0.029899435396683827
4.11160301836634	0.029949129596386598
4.117413389186851	0.030015133831937352
4.123223760007362	0.030097814473563966
4.129034130827874	0.03019670848485209
4.134844501648385	0.030312074160986968
4.140654872468897	0.030443943322062073
4.146465243289408	0.030592338213246056
4.15227561410992	0.03075663720912941
4.158085984930431	0.030937907149838267
4.163896355750943	0.031135686294216952
4.169706726571454	0.03134995590218498
4.175517097391966	0.03158068736705605
4.181327468212477	0.031828215650928
4.187137839032989	0.03209186427015015
4.198758580674012	0.032668019371052404
4.204568951494523	0.03298043910974796
4.210379322315035	0.033308957116473
4.222000063956058	0.03401390332435825
4.227810434776569	0.0343901115911808
4.233620805597081	0.03478198121238546
4.245241547238104	0.035612457166708966
4.251051918058615	0.03605057519955118
4.256862288879127	0.03650378184121306
4.26848303052015	0.03745478370551292
4.291724513802196	0.03952854338357789
4.297534884622707	0.0400819086021445
4.303345255443219	0.04064916119689216
4.314965997084242	0.041822594414464315
4.338207480366288	0.0443208693323936
4.38469044693038	0.04986344698047196
4.390500817750891	0.05060187867724247
4.396311188571403	0.05134944869508329
4.407931930212426	0.05286925138796564
4.431173413494472	0.056006628508888684
4.477656380058563	0.06259157897606415
4.483956907859085	0.06350914536696084
4.490257435659606	0.06443200734577093
4.50285849126065	0.06628958015331254
4.5280606024627374	0.07004251212207324
4.578464824866911	0.07762384438144021
4.67927326967526	0.0925148564309633
4.880890159291958	0.11869560306699128
4.8867720430520825	0.11937786501205416
4.892653926812207	0.12005759082938089
4.904417694332454	0.1214062585885633
4.92794522937295	0.12406554494398203
4.975000299453942	0.12926022959849948
5.069110439615926	0.13945189844144834
5.07499232337605	0.14009274114936004
5.0808742071361745	0.14073513791631598
5.092637974656422	0.1420253644951448
5.116165509696918	0.14463288667977908
5.16322057977791	0.1499939709872678
5.257330719939893	0.1615979728344405
5.263096893333088	0.1623574807258128
5.268863066726285	0.1631233366256959
5.280395413512675	0.16467405506606597
5.303460107085458	0.16785673728987005
5.349589494231022	0.17456312403636132
5.3553556676242176	0.17543481396491822
5.361121841017413	0.17631411411864523
5.372654187803804	0.17809735482428501
5.395718881376586	0.18175593820295205
5.4418482685221505	0.18945091723277774
5.447614441915346	0.19044860378973155
5.453380615308541	0.19145360726921878
5.464912962094933	0.1934879684362204
5.487977655667715	0.19765122946819813
5.534107042813279	0.20633976906843582
5.626365817104407	0.2249998134629771
5.632622147477613	0.22631721871924243
5.6388784778508185	0.22763921259755437
5.65139113859723	0.23029916381807858
5.676416460090054	0.23567170933176462
5.7264671030757	0.24655878194009495
5.826568389046995	0.2682639417040957
5.8328247194202	0.2695879966098187
5.839081049793407	0.2709054802906019
5.851593710539818	0.27352089844087113
5.876619032032641	0.2786511487782918
5.926669675018289	0.28839744599947953
5.9329260053914945	0.2895577644739451
5.9391823357647	0.29070219518547025
5.951694996511112	0.2929463980105181
5.976720318003935	0.29723737482866175
5.982976648377141	0.2982654878974819
5.989232978750348	0.2992748903460373
6.001745639496759	0.30123474710068876
6.026770960989582	0.30490159037014186
6.03260864732239	0.3057064107489374
6.038446333655198	0.30649114866678734
6.050121706320814	0.30799873532270916
6.055959392653622	0.3087197868198978
6.06179707898643	0.30941968901065336
6.073472451652046	0.3107525808579081
6.079310137984854	0.3113847762127432
6.085147824317662	0.3119936146922844
6.096823196983278	0.31314245975527133
6.102660883316086	0.3136799202873576
6.108498569648894	0.3141928162756463
6.12017394231451	0.31514288744741803
6.126011628647318	0.31557847329480637
6.131849314980126	0.3159885290773278
6.137687001312934	0.3163721260307263
6.143524687645742	0.31672894464023593
6.14936237397855	0.3170586730381236
6.155200060311358	0.31736100725643634
6.161037746644166	0.3176356514134027
6.166875432976974	0.3178823179704381
6.172713119309782	0.3181007279279644
6.17855080564259	0.31828977638372774
6.184388491975398	0.3184504837836102
6.190226178308206	0.3185820914122579
6.196063864641014	0.3186843505993121
6.2019015509738225	0.3187570210888291
6.207739237306631	0.3187998726905754
6.213576923639439	0.31881405104485266
6.219414609972247	0.31879730529870304
6.225252296305056	0.31875021218903954
6.231089982637864	0.31867270669149483
6.236927668970672	0.31856444280305696
6.24276535530348	0.3184253301272154
6.248603041636288	0.3182546618912369
6.254440727969096	0.3180530835374521
6.260278414301904	0.31782019863942423
6.266116100634712	0.3175558895414693
6.27195378696752	0.31726005007305197
6.277791473300328	0.31693258553343473
6.283629159633136	0.31657341294982805
6.289466845965944	0.3161824610629238
6.295304532298752	0.315759670404511
6.3069799049643684	0.31481784124085777
6.3128175912971765	0.3142990444938222
6.3186552776299845	0.31374825729578243
6.3303306502956005	0.31255071586207234
6.3361683366284085	0.31190420468357266
6.3420060229612165	0.3112258607670606
6.3536813956268325	0.30977373585137374
6.3595190819596406	0.3090001000903495
6.365356768292449	0.3081948531685173
6.377032140958065	0.30648998582066256
6.400382886289297	0.3027055272263225
6.406710729602115	0.3015950096294024
6.4130385729149335	0.3004486851131449
6.42569425954057	0.2980500306397676
6.451005632791844	0.2928345774133308
6.457333476104663	0.2914445181115972
6.463661319417481	0.29002201556497387
6.476317006043118	0.2870782969167054
6.501628379294391	0.2808090513884192
6.507956222607209	0.2791644552019197
6.514284065920027	0.2774899141226244
6.526939752545664	0.2740529620857101
6.552251125796937	0.266843335268709
6.602873872299485	0.25119813643082545
6.609201715612303	0.24913937702320943
6.615529558925122	0.24705978518732552
6.628185245550759	0.24284268893712735
6.6534966188020315	0.23418613783859693
6.704119365304578	0.21614961283108552
6.805364858309672	0.1784593138198834
6.811576991255562	0.1761276047254714
6.817789124201452	0.17379787061096247
6.830213390093231	0.16914460485177424
6.855061921876791	0.15989187311350378
6.904758985443911	0.14174543824706576
6.910971118389801	0.13952369000489573
6.917183251335691	0.13731375666950124
6.9296075172274705	0.13293319189822833
6.95445604901103	0.12434401072981566
7.00415311257815	0.10798421136806591
7.01036524552404	0.10602659874359283
7.01657737846993	0.10409009387597457
7.02900164436171	0.10028236956216591
7.05385017614527	0.0929428610274981
7.06006230909116	0.09116787247079644
7.06627444203705	0.0894177680253152
7.0786987079288295	0.08599264969006887
7.103547239712388	0.07945936973647583
7.109759372658278	0.07789425276888584
7.115971505604168	0.07635770618182147
7.128395771495947	0.07336961947945864
7.153244303279507	0.06774578158341038
7.159456436225398	0.06641552069364465
7.165668569171287	0.06511586213617815
7.178092835063067	0.06261016476499204
7.202941366846627	0.05798056679923147
7.208734855752119	0.05697576691756168
7.2145283446576105	0.05599969169827557
7.226115322468595	0.05413438479995991
7.231908811374087	0.05324553539219978
7.2377023002795795	0.05238613496461231
7.249289278090563	0.0507569531416977
7.255082766996056	0.049987139582508555
7.260876255901548	0.04924748503684595
7.272463233712532	0.04785929570514991
7.278256722618024	0.047211071569911
7.284050211523516	0.046593855327521916
7.2956371893345	0.04545212905566909
7.301430678239992	0.04492803078331864
7.307224167145485	0.044435291694765566
7.3130176560509765	0.04397404457593346
7.318811144956468	0.04354441912493179
7.324604633861961	0.04314612373478932
7.330398122767453	0.04277987560396934
7.336191611672945	0.0424456099078343
7.341985100578437	0.04214342011729877
7.347778589483929	0.041873419222409725
7.353572078389421	0.04163571789863796
7.359365567294914	0.041430424697913804
7.3651590562004055	0.04125764619902261
7.370952545105897	0.04111780165960821
7.37674603401139	0.041010489999834476
7.382539522916882	0.04093602175541633
7.388333011822374	0.04089449972228021
7.394126500727865	0.04088602590150425
7.399919989633357	0.04091070167735167
7.40571347853885	0.04096862809122914
7.411506967444342	0.04106011629004258
7.4173004563498335	0.041184939161214684
7.423093945255326	0.04134332940842367
7.428887434160818	0.04153539124601047
7.43468092306631	0.04176122900875612
7.4404744119718025	0.042020948162171834
7.446267900877294	0.04231465556338465
7.452061389782786	0.04264202782094462
7.457854878688279	0.04300384689494796
7.463648367593771	0.04339995435993338
7.469441856499262	0.04383046132196544
7.481028834310247	0.04479512983940692
7.486822323215739	0.04532952591332495
7.492615812121231	0.04589900400045743
7.504202789932215	0.04714285884069214
7.509996278837708	0.04781762816066859
7.5157897677431995	0.04852780805314061
7.527376745554184	0.05005497317773311
7.533170234459676	0.05087225675391516
7.538963723365168	0.05172579209894379
7.550550701176152	0.053541256033144746
7.57372465679812	0.05761199063678624
7.5800083026836225	0.05881752538606544
7.586291948569125	0.060067496269554765
7.59885924034013	0.06270079667987816
7.62399382388214	0.06850930695487578
7.630277469767642	0.07007612877867464
7.636561115653144	0.07168949560645854
7.64912840742415	0.07505729156781649
7.6742629909661595	0.08236823219103084
7.680546636851662	0.08431811728641814
7.686830282737164	0.08631772769683366
7.699397574508169	0.09046793879810844
7.724532158050179	0.09938422287595527
7.730815803935681	0.10174480336766323
7.737099449821184	0.10415899189960143
7.749666741592188	0.10915069623960894
7.774801325134198	0.11980199588605989
7.7810849710197	0.12260745020683972
7.787368616905203	0.12547139160852483
7.799935908676208	0.13137642455639753
7.825070492218217	0.14391431994819048
7.831354138103719	0.14720388489376623
7.837637783989221	0.1505572545101861
7.850205075760226	0.15745744048295385
7.875339659302236	0.17205165836767122
7.8816233051877385	0.1758698160298955
7.887906951073241	0.17975726516802304
7.900474242844246	0.18774298670566614
7.925608826386256	0.20457871911935577
7.9758779934702755	0.24187304553388556
7.98174299531538	0.24655213193440173
7.9876079971604845	0.2513018232785613
7.9993380008506945	0.2610153362116059
8.022798008231113	0.2813148840781181
8.06971802299195	0.32552565471228645
8.075583024837055	0.3314006442435131
8.081448026682159	0.3373547461655606
8.093178030372368	0.34950239144490447
8.116638037752786	0.3747656203082752
8.163558052513622	0.4292532805437357
8.169423054358727	0.4364421160756773
8.175288056203831	0.44371616805650427
8.18701805989404	0.4585203554021602
8.210478067274458	0.4891596056819283
8.257398082035296	0.5546043170205621
8.35123811155697	0.7023016681072416
8.357593270382086	0.7131141134274688
8.3639484292072	0.724028715986549
8.37665874685743	0.7461637157332992
8.40207938215789	0.7916513669277156
8.45292065275881	0.8874452976967582
8.554603193960649	1.097766664852686
8.560958352785764	1.111716472786375
8.567313511610879	1.1257586652760603
8.580023829261108	1.154118617430012
8.605444464561568	1.2119284237451085
8.656285735162488	1.3318148246504302
8.757968276364327	1.5878313023396609
8.764207724822514	1.6042108181108918
8.7704471732807	1.6206645082059443
8.782926070197073	1.6537918000842908
8.807883864029819	1.72091001181162
8.85779945169531	1.8584469668734234
8.957630627026294	2.1452403153968773
9.157292977688263	2.7481742362315056
9.163113782106052	2.7659197818694468
9.16893458652384	2.783650105897838
9.180576195359418	2.8190751400005793
9.203859413030571	2.889699097911818
9.250425848372881	3.02959236454927
9.3435587190575	3.2999580031849183
9.349379523475289	3.316270824914724
9.355200327893076	3.332500248895469
9.366841936728655	3.3646997079753485
9.390125154399808	3.4279998502098836
9.436691589742118	3.5496215005245095
9.442512394159907	3.564309547280628
9.448333198577696	3.5788752227633918
9.459974807413273	3.6076298705651753
9.483258025084428	3.6635587926268984
9.529824460426736	3.768609423997946
9.536135421824536	3.7820996413589727
9.542446383222334	3.7954030383687782
9.555068306017933	3.8214384177478804
9.580312151609128	3.8711480290480957
9.586623113006928	3.883069227076227
9.592934074404727	3.8947835445655454
9.605555997200325	3.9175795375257496
9.630799842791522	3.9605837211288426
9.63711080418932	3.970783316871089
9.643421765587119	3.980755347248074
9.656043688382717	4.000023120902405
9.681287533973913	4.035780793427574
9.687598495371713	4.044131604992929
9.69390945676951	4.052246491353826
9.70653137956511	4.067750386070652
9.731775225156305	4.09583956504647
9.738086186554103	4.102245928147298
9.744397147951902	4.1084039612154495
9.7570190707475	4.119970667481291
9.7633300321453	4.125378179998529
9.7696409935431	4.130534003554022
9.782262916338697	4.1400775491988195
9.788573877736496	4.144471780948823
9.794884839134294	4.148611627388846
9.801195800532094	4.152496645943464
9.807506761929893	4.156126458954974
9.813817723327691	4.159500753403091
9.820128684725491	4.16261934332309
9.82643964612329	4.165486894945473
9.832750607521088	4.168095087030601
9.839061568918886	4.1704474249144985
9.845372530316686	4.172543947758892
9.851683491714486	4.174384760358408
9.857994453112283	4.17597542593471
9.864305414510083	4.177307153093951
9.870616375907883	4.178384151566263
9.87692733730568	4.1792068167257295
9.88323829870348	4.179774863625397
9.88954926010128	4.180090025564288
9.895860221499078	4.1801523893339665
9.902171182896877	4.1799626068752165
9.908482144294677	4.179510748428111
9.914793105692475	4.178815150189083
9.921104067090274	4.177869165197133
9.927415028488074	4.1766736332265335
9.933725989885872	4.175229450486983
9.939618307243272	4.17365745267187
9.945510624600674	4.171870398358713
9.951402941958076	4.169869062896026
9.957295259315476	4.167654378489438
9.963187576672876	4.165234187685088
9.969079894030278	4.162597841542291
9.98086452874508	4.156695896818646
9.98675684610248	4.153437162102083
9.992649163459882	4.149968744894656
10.004433798174684	4.1424172468731335
10.010326115532086	4.138336717633999
10.016218432889488	4.13405401104806
10.02800306760429	4.124890728125579
10.033895384961692	4.120012474012154
10.039787702319092	4.114929255300985
10.051572337033896	4.104192545340335
10.0751416064635	4.080431030395602
10.0810339238209	4.074023149282555
10.086926241178302	4.067431516639156
10.098710875893104	4.05371029423443
10.122280145322708	4.024138366654486
10.128172462680109	4.016312994088236
10.13406478003751	4.0083183074291915
10.145849414752313	3.991828003812229
10.169418684181919	3.9568933155936237
10.216557223041129	3.879643309819949
10.222449540398529	3.8693358336947297
10.22834185775593	3.8588884289194634
10.240126492470733	3.8375859666804226
10.263695761900337	3.793410065332975
10.310834300759547	3.699208703567339
10.316610907750018	3.6871651686004046
10.322387514740491	3.6750192343376247
10.333940728721437	3.6504287933544806
10.357047156683329	3.6000945606372206
10.40326001260711	3.49520017329275
10.495685724454674	3.2716544770832194
10.680537148149801	2.79068920068363
10.686803912120283	2.7739704752404095
10.693070676090766	2.7572397557259403
10.705604204031733	2.723747644422061
10.730671259913667	2.6566702345613713
10.78080537167753	2.5224341001956265
10.881073595205258	2.255766442385531
10.887340359175742	2.239256501996757
10.893607123146225	2.2227714498442968
10.90614065108719	2.1898801470945948
10.931207706969122	2.1244522295399664
10.981341818732986	1.995201019759096
11.081610042260715	1.7448942293560776
11.0874581621908	1.7306944049783477
11.093306282120885	1.716543180369253
11.105002521981056	1.6883855219434372
11.128395001701396	1.632684002498785
11.175179961142078	1.52387057773776
11.268749880023442	1.3175957858194507
11.274597999953528	1.305239053424096
11.280446119883614	1.292948138495437
11.292142359743783	1.2685636675294223
11.315534839464124	1.2205942942009476
11.362319798904807	1.1279044106131781
11.45588971778617	0.9557598449976819
11.462227994696264	0.944740088463893
11.46856627160636	0.9338012846190493
11.481242825426552	0.9121687363233457
11.506595933066933	0.8698654608247629
11.557302148347699	0.7890635841692328
11.563640425257795	0.7793147064876969
11.569978702167889	0.7696425866542982
11.58265525598808	0.7505287304070667
11.608008363628462	0.7132133757572858
11.658714578909226	0.6421300439806374
11.665052855819322	0.6335696436091374
11.671391132729418	0.6250747974840036
11.684067686549609	0.6083032018927204
11.709420794189992	0.5755889929856925
11.760127009470756	0.5133883261640434
11.861539440032285	0.40113210035067326
11.867762006575452	0.3947472993784138
11.87398457311862	0.38841736994439235
11.886429706204954	0.37592649131940226
11.911319972377623	0.3516083138253978
11.961100504722959	0.30556289367810974
11.967323071266126	0.30004733198965317
11.973545637809291	0.29458451329263435
11.985990770895626	0.28382001141353874
12.010881037068295	0.26291653436724705
12.060661569413632	0.223597632407039
12.0668841359568	0.21891458499876015
12.073106702499967	0.2142832051961484
12.085551835586301	0.20517376417702227
12.11044210175897	0.18757188923169266
12.160222634104306	0.15482955371682106
12.166445200647473	0.1509674843466512
12.172667767190639	0.14715592844917125
12.185112900276973	0.1396866675905818
12.210003166449642	0.12536465216865633
12.25978369879498	0.09918697689336342
12.26558762129775	0.09634905273534056
12.271391543800519	0.09355582898216264
12.282999388806058	0.08810344689791794
12.306215078817134	0.07773396356565943
12.312019001319904	0.07525300054050366
12.317822923822671	0.07281658633639554
12.32943076882821	0.06807717092079824
12.352646458839288	0.05913085296823861
12.358450381342058	0.05700489404696474
12.364254303844827	0.05492305612130177
12.375862148850366	0.05089164648071631
12.399077838861443	0.04335485849477805
12.404881761364212	0.04157965469406244
12.41068568386698	0.039847880116635315
12.422293528872519	0.03651405692603793
12.445509218883597	0.030361810957647895
12.451313141386366	0.02893020001998392
12.457117063889136	0.02754088058040849
12.468724908894675	0.024888428307870525
12.474528831397445	0.023624946991044227
12.480332753900214	0.022403046565401485
12.491940598905751	0.020082908872333993
12.49774452140852	0.018984540344732403
12.503548443911289	0.017926937526822062
12.515156288916828	0.01593313960557302
12.520960211419597	0.014996482876228456
12.526764133922367	0.01409966861294476
12.538371978927906	0.012424569922400597
12.544175901430675	0.011645769901078462
12.549979823933445	0.010905781210698517
12.555783746436212	0.010204463887756365
12.561587668938982	0.009541379235064096
12.567391591441751	0.008916151197411348
12.573195513944519	0.008328584636042802
12.584803358950058	0.007265221949603107
12.590607281452828	0.006788793791521808
12.596411203955597	0.006348784310449773
12.602215126458367	0.00594485666979333
12.608019048961136	0.0055766747530432426
12.613822971463906	0.005243895964561651
12.619626893966675	0.004946103515917621
12.625430816469443	0.004683116315796043
12.631234738972212	0.00445448362503903
12.637528818454992	0.00424494730480518
12.64382289793777	0.004074926594867245
12.65011697742055	0.003943894856372754
12.65641105690333	0.003851409693484631
12.66270513638611	0.003796959944121381
12.66899921586889	0.0037800424523058984
12.67529329535167	0.0038001469362182183
12.68158737483445	0.0038567561830908925
12.68788145431723	0.0039490822449134155
12.69417553380001	0.004076976294768608
12.700469613282788	0.0042397394855863135
12.706763692765568	0.004436832369425547
12.713057772248348	0.004667702512616667
12.719351851731126	0.004931771116770567
12.725645931213906	0.00522848643213325
12.731940010696686	0.005557270743039244
12.738234090179466	0.005917543283334714
12.744528169662246	0.006308719598066059
12.750822249145024	0.0067307671291359505
12.757116328627804	0.007182312863337537
12.763410408110584	0.007662941847175142
12.769704487593362	0.008172030321249857
12.782292646558922	0.009273718320809365
12.788586726041702	0.009865001349475766
12.794880805524482	0.010482429810792393
12.807468964490042	0.01179326528531116
12.83264528242116	0.014699484116096062
12.83893936190394	0.015482171744334583
12.845233441386718	0.016285863364775832
12.857821600352278	0.017954029216860123
12.882997918283397	0.021516881184393932
12.933350554145633	0.029404751569827803
12.939644633628413	0.030448987231065205
12.945938713111193	0.031505157234889836
12.958526872076751	0.033648221841432124
12.98370319000787	0.03804073692563348
13.034055825870107	0.04712493675361318
13.03993126131249	0.04820076749649893
13.04580669675487	0.04927816429540144
13.057557567639634	0.05143704717394998
13.081059309409161	0.055756608944185104
13.128062792948215	0.06432126389661602
13.133938228390598	0.06537829790391428
13.139813663832978	0.06643081110499427
13.151564534717743	0.06852191471069277
13.17506627648727	0.07264006674814646
13.222069760026324	0.08055886193985004
13.227945195468706	0.08151421452265478
13.233820630911087	0.08246123366815655
13.245571501795851	0.08432937855960168
13.269073243565378	0.08795713753650267
13.316076727104432	0.09474765708459743
13.321952162546815	0.09555057126838623
13.327827597989195	0.0963436914727478
13.33957846887396	0.09789711401812298
13.363080210643487	0.10087570100340224
13.410083694182541	0.10631349846153151
13.415843419257996	0.10693233393199769
13.42160314433345	0.10754065043127872
13.433122594484356	0.10872717548485403
13.45616149478617	0.11097965819613548
13.461921219861622	0.11151780359658686
13.467680944937076	0.1120462753965728
13.479200395087982	0.11307371615373119
13.502239295389796	0.11501513781951392
13.507999020465249	0.11547739190700612
13.513758745540702	0.11593062634578002
13.525278195691609	0.11680824988514471
13.548317095993422	0.11846252135749966
13.594394896597048	0.12138901514789219
13.600154621672502	0.12172152747804363
13.605914346747955	0.12204739173365642
13.617433796898862	0.12267921450785896
13.640472697200675	0.12386781708118841
13.646232422276128	0.12414825822601397
13.651992147351582	0.12442423271831365
13.663511597502488	0.12496068558311943
13.686550497804301	0.12597348040329304
13.692310222879755	0.12621557641544973
13.698069947955208	0.12645291712428489
13.709589398106115	0.1269177303467169
13.732628298407928	0.1278007859660629
13.778706099011554	0.12942715177541408
13.784955981067018	0.12963656900469206
13.791205863122482	0.12984393559801183
13.803705627233409	0.13025280077809423
13.828705155455264	0.13105502179178036
13.878704211898974	0.13263624217066883
13.884954093954438	0.13283401532702604
13.891203976009901	0.13303254736086562
13.903703740120829	0.13342980787977657
13.928703268342684	0.13423706148266332
13.978702324786392	0.1359194401112534
13.984952206841854	0.13613785949355448
13.991202088897317	0.13635786064979163
14.003701853008245	0.13680416576217247
14.0287013812301	0.1377215846879255
14.07870043767381	0.13965116695477353
14.17869855056123	0.14385723619404187
14.184529788576295	0.14411195309776192
14.190361026591361	0.1443670926129151
14.202023502621493	0.14487848388181274
14.225348454681756	0.1459024266985755
14.271998358802282	0.14792955011201314
14.277829596817348	0.14817840666936166
14.283660834832414	0.1484257125172308
14.295323310862546	0.1489162630632094
14.318648262922808	0.14987188266084486
14.365298167043335	0.1516483721102153
14.3711294050584	0.15185486437303017
14.376960643073467	0.1520571740260175
14.388623119103599	0.15244889521214483
14.394454357118665	0.15263781600290602
14.400285595133731	0.15282224729789157
14.411948071163861	0.15317581317286513
14.417779309178925	0.15334654267851405
14.423610547193991	0.15351049120613994
14.435273023224124	0.15382145045774592
14.44110426123919	0.15396811736964697
14.446935499254256	0.15410868067600708
14.458597975284388	0.15437081469138925
14.464429213299454	0.1544920464155907
14.47026045131452	0.15460649678689323
14.476091689329586	0.15471399872275748
14.481922927344652	0.15481438630739633
14.487754165359718	0.15490478814104822
14.493585403374784	0.15498972947140105
14.49941664138985	0.15506693863976728
14.505247879404916	0.15513587034004778
14.511079117419982	0.155197454923292
14.516910355435048	0.15525077879378915
14.522741593450114	0.15529554225558428
14.52857283146518	0.15533177273408516
14.534404069480246	0.15535935242735194
14.540235307495312	0.1553779827588313
14.546066545510378	0.1553876479226664
14.551897783525442	0.1553911461091497
14.558219178520517	0.15538248856819145
14.564540573515593	0.15536188432840942
14.57086196851067	0.15533101590244586
14.577183363505746	0.15528775783111848
14.583504758500823	0.15523397236747558
14.589826153495899	0.15516793251100802
14.596147548490976	0.1550899936369011
14.602468943486052	0.1549993605297002
14.608790338481128	0.1548971059789852
14.615111733476205	0.15477954279874853
14.621433128471281	0.15465145816910042
14.627754523466356	0.15451058446954397
14.63407591846143	0.15435655888346594
14.640397313456507	0.1541896116568067
14.65304010344666	0.153816266207516
14.659361498441736	0.15360928486679554
14.665682893436813	0.15338868896811902
14.678325683426966	0.15290889691696702
14.684647078422042	0.15264765036237782
14.690968473417119	0.1523729382137553
14.70361126340727	0.151779809065826
14.709932658402344	0.1514622114654905
14.71625405339742	0.15113032865483117
14.728896843387574	0.15042344638419206
14.75418242336788	0.14883122852033348
14.760503818362956	0.148396669187918
14.766825213358032	0.14794713523305214
14.779468003348185	0.1470043659083769
14.80475358332849	0.1449427095564222
14.811074978323564	0.14439040939363573
14.81739637331864	0.14382340090333207
14.830039163308793	0.1426453965816256
14.8553247432891	0.1401152793324661
14.861646138284176	0.13944611546558142
14.867967533279252	0.1387631907472454
14.880610323269403	0.1373515908324162
14.905895903249707	0.1343642716610824
14.956467063210317	0.1277480031557429
14.962369814164994	0.12692257886348984
14.968272565119673	0.1260865138565174
14.98007806702903	0.12438306754051476
15.003689070847745	0.12085359707240828
15.050911078485171	0.11334836254063037
15.145355093760024	0.09691836775658735
15.151257844714703	0.09584422864100699
15.157160595669382	0.09476587880917492
15.168966097578737	0.09259773083726826
15.19257710139745	0.0882237097251313
15.239799109034877	0.07938015603313368
15.33424312430973	0.0617744710921793
15.34003016489748	0.06071712779508168
15.345817205485229	0.05966370505027491
15.357391286660729	0.057569538975129675
15.380539449011728	0.053438240880940444
15.426835773713728	0.045453444157309536
15.432622814301478	0.04448532069186978
15.43840985488923	0.04352459133700276
15.44998393606473	0.04162531746130846
15.473132098415729	0.03792393317000371
15.519428423117727	0.030945134177042102
15.525215463705477	0.030115583587727604
15.531002504293227	0.029295927504804267
15.542576585468726	0.02768735192623069
15.565724747819726	0.02459590229355045
15.571511788407475	0.02384979834958184
15.577298828995225	0.02311473385769898
15.588872910170725	0.021676640595927568
15.612021072521724	0.018937697559048408
15.617808113109474	0.0182814749025816
15.623595153697224	0.017637174217888615
15.635169234872723	0.016383221224409675
15.658317397223723	0.014019307538297276
15.664104437811472	0.013457982384509001
15.669891478399222	0.012908774074171112
15.681465559574722	0.011846609271418729
15.704613721925723	0.009867952369036814
15.710890919493483	0.009363913362155155
15.717168117061242	0.008875074368960317
15.729722512196762	0.007940025763181563
15.735999709764522	0.007493774171074025
15.742276907332283	0.007061997301481229
15.754831302467803	0.006240767168427738
15.761108500035563	0.0058512223144089465
15.767385697603324	0.0054760216943752354
15.779940092738844	0.004768136407276344
15.786217290306604	0.004434813784103167
15.792494487874364	0.004115467764493452
15.805048883009885	0.003517713844896714
15.811326080577645	0.003239323191780205
15.817603278145405	0.0029744936150984808
15.830157673280926	0.002484801587750121
15.836434870848686	0.0022598398851759183
15.842712068416446	0.0020475223203501453
15.855266463551967	0.0016623180391788506
15.861543661119727	0.0014889566628796258
15.867820858687487	0.0013281365136871698
15.874098056255248	0.0011797310824304547
15.880375253823008	0.0010437565756216821
15.886652451390768	0.0009199181544652102
15.892929648958528	0.0008081216903502164
15.899206846526289	0.0007082180673774613
15.905484044094049	0.0006202209390730878
15.911761241661809	0.0005436504124709529
15.91803843922957	0.00047851518717280384
15.92431563679733	0.0004246208520333611
15.93059283436509	0.00038179916385434887
15.93687003193285	0.0003498945353943572
15.94314722950061	0.000328715438899882
15.94942442706837	0.00031808803451316425
15.95570162463613	0.0003178343677982254
15.961978822203891	0.00032776363799467967
15.968256019771651	0.00034777987471126814
15.974533217339411	0.0003775625988772652
15.980810414907172	0.0004169759487510638
15.987087612474932	0.0004658271520854157
15.993364810042692	0.0005239212342331434
15.999642007610452	0.0005910612635750545
16.005919205178213	0.0006670484867001836
16.01219640274597	0.0007516824638605785
16.018473600313733	0.0008447612056330656
16.024750797881495	0.0009461435060059975
16.031027995449254	0.0010551599591351185
16.037305193017012	0.0011722539936276088
16.043582390584774	0.0012969065543356056
16.056136785720295	0.0015682003094264901
16.062413983288053	0.001714399828295271
16.068691180855815	0.0018673490374757767
16.081245575991336	0.0021926273088107573
16.106354366262376	0.0029154767003096577
16.11221291978974	0.003096734683168019
16.1180714733171	0.0032825024538750205
16.129788580371823	0.0036664413931916037
16.153222794481273	0.004479719087223381
16.200091222700173	0.006248825242074145
16.293828079137974	0.01007843323422563
16.299686632665335	0.010320116665848637
16.3055451861927	0.010561454671011182
16.317262293247424	0.011041955770932886
16.340696507356874	0.011991643797075936
16.38756493557577	0.013823827926238763
16.393423489103135	0.01404466809888611
16.399282042630496	0.01426341872996343
16.410999149685217	0.014694360490852466
16.434433363794668	0.015527873089126766
16.481301792013568	0.01706997483765
16.487650502520943	0.01726517315757587
16.493999213028314	0.017456984343884242
16.50669663404306	0.017830301464169133
16.53209147607255	0.01853521972118196
16.538440186579926	0.018702697017954274
16.544788897087297	0.018866787844432763
16.557486318102043	0.01918454239799995
16.58288116013153	0.019778369706773553
16.589229870638903	0.019918299628998187
16.595578581146277	0.020054975869941476
16.60827600216102	0.020318354247937695
16.63367084419051	0.020806089103563276
16.640019554697886	0.02092044808437464
16.646368265205258	0.021031848568496977
16.659065686220003	0.021246026716335166
16.684460528249495	0.021642775272901406
16.69080923875687	0.021735610876303012
16.69715794926424	0.021826119565957466
16.709855370278987	0.02200043299801612
16.73525021230848	0.022324909936446244
16.741598922815854	0.022400668176950363
16.747947633323225	0.022475463952377275
16.76064505433797	0.02262059421326655
16.78603989636746	0.022895896672123703
16.79238860687483	0.022962013826419526
16.798737317382205	0.023027757159730267
16.811434738396947	0.02315820301444762
16.83682958042644	0.023413736959575014
16.887619264485423	0.02393188991615107
16.893852264625867	0.023998364009811854
16.90008526476631	0.02406561789752746
16.9125512650472	0.024204091051453998
16.937483265608975	0.024498181939671224
16.94371626574942	0.02457590541831934
16.949949265889863	0.024655149534227795
16.96241526617075	0.024819569024579324
16.98734726673253	0.02517473331515533
16.993580266872975	0.025269305554835912
16.999813267013423	0.02536547227891854
17.01227926729431	0.025566756284506692
17.037211267856087	0.0260035966112789
17.04344426799653	0.02612012090177017
17.049677268136975	0.02623971810314056
17.062143268417863	0.02648947421440092
17.08707526897964	0.02702765612297009
17.093308269120083	0.027170808172818348
17.099541269260527	0.027317503486824997
17.112007269541415	0.02762176102409304
17.13693927010319	0.028272533074007566
17.143172270243635	0.028444562410405293
17.14940527038408	0.02862032762037566
17.161871270664967	0.028983115035365624
17.186803271226747	0.029754116557192387
17.19303627136719	0.02995671945078591
17.19926927150764	0.0301628303323642
17.211735271788527	0.030586342894417605
17.236667272350303	0.03147806745596062
17.286531273473855	0.03343191080191261
17.2923456295739	0.03367382167415021
17.298159985673948	0.03391851865840877
17.30978869787404	0.03441606579545841
17.333046122274226	0.03544216958676688
17.379560971074596	0.037604503592338884
17.47259066867534	0.04222360416704807
17.47840502477539	0.042518691773132306
17.484219380875437	0.042813780702836125
17.49584809307553	0.043404262165547706
17.519105517475715	0.044583270772890954
17.565620366276086	0.04690302208260119
17.571434722376132	0.04718567272679121
17.57724907847618	0.047467643104296006
17.58887779067627	0.04802625406953932
17.612135215076457	0.049117571214913905
17.658650063876827	0.051173196555122924
17.664954576956884	0.05143608704001688
17.67125909003694	0.05169477635356623
17.683868116197054	0.05219937015294872
17.70908616851728	0.053148456659595784
17.715390681597338	0.05337276977521298
17.721695194677395	0.05359228736026847
17.734304220837508	0.0540141654667128
17.759522273157735	0.05478719276186894
17.765826786237792	0.05496735043661008
17.77213129931785	0.055139154379467585
17.784740325477962	0.05546440230394187
17.79104483855802	0.055616426524337584
17.797349351638076	0.05576200886863957
17.80995837779819	0.05603240191626909
17.816262890878246	0.05615701638531504
17.822567403958303	0.056274450551181986
17.82887191703836	0.05638268651927824
17.835176430118416	0.0564850361067422
17.841480943198473	0.05657948007541237
17.84778545627853	0.05666674142699639
17.854089969358586	0.056746090569626616
17.860394482438643	0.05681763265471973
17.8666989955187	0.056881373330665556
17.873003508598757	0.05693712244946931
17.879308021678813	0.0569848949882726
17.88561253475887	0.05702459283025785
17.891917047838927	0.057057816836456166
17.898221560918984	0.05708176119206641
17.90452607399904	0.057097198159577325
17.910830587079097	0.05710501234309176
17.917135100159154	0.0571045830564271
17.92343961323921	0.05709551891748074
17.929744126319267	0.05707775789513978
17.936048639399324	0.05705193770374748
17.94235315247938	0.057017697552855164
17.948657665559438	0.05697501160969781
17.954962178639494	0.056922520809753414
17.96126669171955	0.056862612504656476
17.967571204799608	0.056793619021550626
17.973875717879665	0.05671598115428227
17.98018023095972	0.05663037504018561
17.986484744039778	0.056535865520080414
17.992789257119835	0.056432750184768656
17.99909377019989	0.05632102888138526
18.011702796360005	0.05607159632713229
18.018007309440062	0.05593568194642929
18.02431182252012	0.055789619289321454
18.036920848680232	0.055473396260808654
18.04322536176029	0.055302400933706745
18.049529874840346	0.05512275661966726
18.06213890100046	0.05473892738864774
18.068024770040118	0.05454867328536856
18.073910639079777	0.05435072843737455
18.085682377159095	0.05393290895347501
18.10922585331773	0.05301386113230339
18.11511172235739	0.0527667209219276
18.12099759139705	0.05251291134652181
18.132769329476368	0.05198530868879854
18.156312805635004	0.05085268509869488
18.162198674674663	0.05055364744009965
18.168084543714322	0.05024843887169313
18.17985628179364	0.04961985912529756
18.203399757952276	0.048292610306315396
18.250486710269545	0.045377476098405006
18.2563725793092	0.04499089938845202
18.26225844834886	0.04459969932866817
18.274030186428178	0.04380456980846829
18.297573662586814	0.042164965800746766
18.344660614904086	0.03871654846590991
18.43883451953863	0.03138446400872256
18.444604678211363	0.03092601490372186
18.45037483688409	0.030467337213407462
18.46191515422955	0.029549786555247905
18.484995788920475	0.02771746043150328
18.53115705830232	0.024092126198721038
18.53692721697505	0.023645151864698132
18.54269737564778	0.023199950747537657
18.55423769299324	0.022315346733459213
18.577318327684164	0.02057280990929199
18.62347959706601	0.01722066197396349
18.62924975573874	0.016816065624456394
18.63501991441147	0.016415004049316763
18.64656023175693	0.015623937419029801
18.669640866447853	0.014087678886129214
18.67541102512058	0.013713681187064581
18.681181183793313	0.013344141455622585
18.692721501138777	0.012618013554447575
18.715802135829698	0.01122039712737059
18.72157229450243	0.01088349938561856
18.727342453175158	0.010550763244245271
18.73888277052062	0.009900215864186962
18.76196340521154	0.008659718153359319
18.76773356388427	0.008362481731326327
18.773503722557	0.008070673311126472
18.78504403990246	0.007502225876783675
18.808124674593383	0.006430999647033017
18.814384990246126	0.006155605712008013
18.820645305898864	0.0058867417666038264
18.83316593720435	0.005368720754190617
18.839426252857088	0.00511948564556856
18.84568656850983	0.004877371796431058
18.85820719981531	0.00441298907658386
18.86446751546805	0.0041906772656998825
18.870727831120792	0.003975051187693951
18.883248462426273	0.0035639587074764237
18.908289725037235	0.0028215335210035816
18.914550040689974	0.002652511651270513
18.920810356342717	0.002490234920315585
18.933330987648198	0.002185253079558004
18.93959130330094	0.002042629700410227
18.945851618953682	0.0019065226157711362
18.958372250259163	0.0016537153368920733
18.964632565911906	0.0015369379952626348
18.970892881564644	0.0014266337337027792
18.977153197217387	0.001322764709101594
18.98341351287013	0.0012249855316784908
18.989673828522868	0.0011334765123842301
18.99593414417561	0.0010480802629660585
19.00845477548109	0.0008956403417818212
19.01471509113383	0.0008283677933067328
19.020975406786572	0.0007670526868032088
19.027235722439315	0.000711604812248811
19.033496038092053	0.00066192014561927
19.039756353744792	0.000617822092173384
19.046016669397535	0.000579457907737977
19.052276985050277	0.0005466414822532135
19.058537300703016	0.0005193222826905472
19.064797616355754	0.0004974064195118061
19.071057932008497	0.0004808061114126329
19.07731824766124	0.00046945435946251293
19.083578563313978	0.00046324831445131165
19.08983887896672	0.0004621060539552642
19.096099194619462	0.0004659542880106858
19.1023595102722	0.0004745821270306025
19.108619825924944	0.00048805273671009147
19.114880141577686	0.0005062307758553278
19.121140457230425	0.0005289902425508787
19.127400772883167	0.0005561755369858611
19.13366108853591	0.0005877743568481753
19.139921404188648	0.0006236885725669425
19.14618171984139	0.0006637683465916637
19.152442035494133	0.000707900363567153
19.15870235114687	0.0007560549380523258
19.16496266679961	0.0008082421142960559
19.171222982452353	0.0008640749738334126
19.183743613757834	0.000986614840999097
19.190003929410572	0.0010531726192092618
19.196264245063315	0.0011230206733346265
19.208784876368796	0.0012723680306003793
19.21462654798114	0.0013461982716956276
19.22046821959348	0.0014224840476135363
19.232151562818167	0.0015819816443688253
19.25551824926754	0.001927688380751351
19.302251622166285	0.002703790285600312
19.308093293778626	0.002807070932231752
19.31393496539097	0.002911452129378548
19.32561830861566	0.003122846844928754
19.34898499506503	0.0035549918750178815
19.395718367963774	0.004435246462037454
19.40156003957612	0.004545376250558446
19.40740171118846	0.0046552918347394535
19.419085054413145	0.004874423025292389
19.442451740862516	0.005306388278515043
19.48918511376126	0.006131722476709747
19.495026785373604	0.006230025463802705
19.500868456985945	0.006327178732472953
19.51255180021063	0.006517496103155041
19.53591848666	0.006881164049803514
19.541760158272346	0.006968465944273347
19.547601829884687	0.007054108863716189
19.559285173109373	0.0072205750530386775
19.582651859558748	0.007533012766240878
19.58917291819447	0.007615230105851072
19.59569397683019	0.0076951053261756705
19.60873609410163	0.007847963606372833
19.61525715273735	0.00792090233296672
19.621778211373073	0.007991488704518723
19.634820328644516	0.00812554358633406
19.641341387280235	0.008188976392035086
19.64786244591596	0.00825003713857277
19.6609045631874	0.0083649203894254
19.66742562182312	0.008418719420314618
19.673946680458844	0.008470180470002923
19.686988797730287	0.008565933358006282
19.693509856366006	0.008610265422267862
19.70003091500173	0.008652209609659674
19.706551973637453	0.008691834684188222
19.713073032273172	0.008729143349455293
19.719594090908892	0.008764158419062557
19.72611514954461	0.008796905259617162
19.739157266816054	0.008855908511071924
19.745678325451777	0.008882056284706764
19.752199384087497	0.008906022954220185
19.758720442723217	0.008928029828688532
19.765241501358936	0.00894789223093869
19.771762559994656	0.00896576269228105
19.77828361863038	0.008981666210828111
19.784804677266102	0.008995663668527203
19.79132573590182	0.009007793884341121
19.79784679453754	0.009017845996025911
19.804367853173265	0.009026329225887506
19.810888911808988	0.009033003910284856
19.817409970444707	0.0090381609942538
19.823931029080427	0.009041617347120154
19.83045208771615	0.009043649894704079
19.836973146351873	0.00904408425565649
19.843494204987593	0.009043244874579071
19.850015263623312	0.009040993350647869
19.856536322259036	0.00903761972581157
19.86305738089476	0.009033105804681633
19.86957843953048	0.009027481910708374
19.876099498166198	0.009020653792795923
19.882620556801918	0.009012941784678038
19.889141615437637	0.00900425580764425
19.89566267407336	0.008994791624922359
19.902183732709084	0.008984590614125456
19.908704791344803	0.008973784459186403
19.921746908616242	0.008949949843984267
19.947831143159128	0.00889822126552333
19.954352201794848	0.008884700658166732
19.96087326043057	0.00887126693456725
19.973915377702014	0.008844669803642728
19.980436436337733	0.00883163038587539
19.986957494973456	0.008819428400592653
19.99347855360918	0.008807538013662054
19.9999996122449	0.008795728200670028