1.000000387755102	0.10177370000774322
1.005827640490633	0.10241406731481728
1.0116548932261638	0.102993974068603
1.0174821459616947	0.10351458532568669
1.0233093986972257	0.10397743550935123
1.0291366514327565	0.10438451217947686
1.0349639041682874	0.10473829918912969
1.0407911569038184	0.10504142137744221
1.0466184096393492	0.10529692986494243
1.05244566237488	0.10550819755547236
1.0582729151104109	0.10567852812022505
1.0641001678459419	0.10581155956903543
1.0699274205814726	0.10591115463611067
1.0757546733170034	0.10598084006094677
1.0815819260525343	0.10602453550399216
1.0874091787880653	0.10604594585313087
1.093236431523596	0.10604869029876873
1.0990636842591268	0.10603641351134074
1.1048909369946578	0.1060125581787903
1.1107181897301888	0.10598040152191679
1.1165454424657195	0.1059431059789746
1.1223726952012503	0.10590364097416693
1.1281999479367812	0.1058647488636002
1.1340272006723122	0.10582898706078137
1.139854453407843	0.10579866628679335
1.1456817061433737	0.10577591186593094
1.1515089588789047	0.10576264619284981
1.1573362116144357	0.10576040079632198
1.1631634643499664	0.10577081471200223
1.1689907170854972	0.10579505852880944
1.1748179698210282	0.10583421581212393
1.1806452225565591	0.10588920762085063
1.1864724752920899	0.10596082793730699
1.1922997280276206	0.10604962786915917
1.1981269807631516	0.10615610120593
1.2039542334986826	0.10628077763775212
1.2097814862342133	0.10642378441697686
1.215608738969744	0.10658541487196826
1.221435991705275	0.1067660642475059
1.227263244440806	0.10696618772345379
1.2330904971763368	0.10718553368579053
1.2389177499118675	0.10742479068239086
1.2447450026473985	0.1076843774442966
1.2505722553829295	0.10796431289382347
1.2563995081184602	0.10826544817434969
1.262226760853991	0.10858850439134282
1.268054013589522	0.10893397375166547
1.2797085190605837	0.10969584210717653
1.2855357717961144	0.11011442379575609
1.2913630245316454	0.1105589544329233
1.2971902772671764	0.11103186643896246
1.3030175300027071	0.11153364435656643
1.308844782738238	0.11206576597973217
1.3146720354737689	0.1126303053024198
1.3263265409448306	0.11386099699540164
1.3321537936803614	0.1145301275180739
1.3379810464158923	0.1152370923194983
1.349635551886954	0.11677113666408578
1.3554628046224848	0.11760027701733944
1.3612900573580158	0.11847210562632271
1.3729445628290775	0.12034766764453941
1.3792619725446187	0.12143870443746096
1.3855793822601599	0.1225823707272371
1.3982142016912422	0.12502662601715708
1.4234838405534072	0.13050593603181038
1.4298012502689486	0.13198680512014827
1.4361186599844897	0.13350551496672902
1.448753479415572	0.1366375279013845
1.4740231182777368	0.1431375196238076
1.480340527993278	0.144774597785424
1.4866579377088192	0.14640055179095102
1.4992927571399015	0.1495909379067466
1.5056101668554427	0.1511371461394193
1.5119275765709839	0.15263906267847838
1.5245623960020662	0.15546978483681784
1.5308798057176074	0.15678046437620785
1.5371972154331486	0.15800774671512108
1.5435146251486898	0.1591426583615878
1.549832034864231	0.1601747293994522
1.5561494445797721	0.1610948141056865
1.5624668542953133	0.1618940814876666
1.5687842640108545	0.16256282028305225
1.5751016737263959	0.16309303142430398
1.5814190834419373	0.1634762742911775
1.5877364931574784	0.16370496567188408
1.5940539028730196	0.16377256465660395
1.6003713125885608	0.16367214151677678
1.606688722304102	0.1633987689457228
1.6130061320196432	0.16294742940052975
1.6193235417351843	0.1623141856406014
1.6256409514507255	0.16149643073988695
1.6319583611662667	0.16049222363906468
1.6382757708818079	0.15930075105789854
1.644593180597349	0.15792244506771347
1.6509105903128902	0.15635872472921952
1.6572280000284314	0.1546125222651722
1.6635454097439726	0.15268766542557133
1.676180229175055	0.14832456036349262
1.6824976388905961	0.14590075619834897
1.6888150486061373	0.143327179195464
1.7014498680372196	0.13777421806942725
1.7267195068993846	0.12541329213577357
1.733036916614926	0.12215082483076611
1.7393543263304672	0.11885366565444144
1.7519891457615495	0.11223133988495992
1.7772587846237142	0.09940437097842847
1.7831575502988577	0.09659270262257058
1.789056315974001	0.09388018173362478
1.7949550816491442	0.09128159855967422
1.8008538473242877	0.08881018476990499
1.8067526129994311	0.08647816805192043
1.8126513786745744	0.08429621159799905
1.8185501443497176	0.08227640993851781
1.824448910024861	0.08042436523948093
1.8303476757000046	0.07875064012520294
1.8362464413751478	0.07725867047339552
1.842145207050291	0.0759555733782582
1.8480439727254345	0.0748428672660304
1.853942738400578	0.07392212080544946
1.8598415040757212	0.07319338068965453
1.8657402697508645	0.07265557218101515
1.871639035426008	0.0723044510289621
1.8775378011011514	0.07213743600038125
1.8834365667762947	0.07214664057609355
1.889335332451438	0.07232604102683848
1.8952340981265814	0.07266694983205668
1.9011328638017249	0.07316088320045999
1.907031629476868	0.07379596365891672
1.9129303951520114	0.07456193440752124
1.9188291608271548	0.07544741355425155
1.9247279265022983	0.07643980325630872
1.9306266921774415	0.07752633625677885
1.9424242235277283	0.07993375386200241
1.9483229892028717	0.08122913159476863
1.9542217548780152	0.08256882150954303
1.966019286228302	0.08533702042220037
1.9719180519034452	0.0867430462263119
1.9778168175785886	0.08815071205189873
1.9896143489288756	0.09093504248670325
1.995513114604019	0.09229695243227631
2.0014118802791625	0.09362952050341855
2.013209411629449	0.09618777823498581
2.0191081773045925	0.09740444558607853
2.0250069429797355	0.09857521973824701
2.0368044743300224	0.1007736764820073
2.042703240005166	0.101801825182539
2.0486020056803094	0.10278045803450464
2.060399537030596	0.10460091765427193
2.0662983027057393	0.10544811589680037
2.0721970683808824	0.10625002323011579
2.0839945997311693	0.10773988600854167
2.0898933654063128	0.1084333995094946
2.0957921310814562	0.10909614580674276
2.1075896624317427	0.11034354826779258
2.113488428106886	0.11093409640377061
2.119387193782029	0.11150554748616526
2.131184725132316	0.11260552627166609
2.1547797878328896	0.11470436789304528
2.160562843141104	0.11521136630174444
2.166345898449319	0.11572020721642118
2.177912009065749	0.11674738233565796
2.201044230298609	0.1188853970733359
2.206827285606824	0.11944523449217481
2.212610340915039	0.12001789417629283
2.2241764515314686	0.12120516039923879
2.247308672764328	0.12377786384627187
2.253091728072543	0.12446774071455846
2.258874783380758	0.1251780988645217
2.270440893997188	0.1266630903843302
2.2935731152300476	0.12991130860360012
2.299356170538262	0.13078485082082514
2.305139225846477	0.13168336067424424
2.316705336462907	0.13355750355514084
2.339837557695767	0.1376165065378845
2.345620613003982	0.13869484385185427
2.351403668312197	0.13979869102086906
2.362969778928627	0.14207725094260093
2.3861020001614865	0.14689050852270324
2.432366442627206	0.15719373224422317
2.438149497935421	0.15850539329679392
2.443932553243636	0.15981514918411
2.455498663860066	0.16241837371134693
2.4786308850929255	0.1674858020939698
2.48441394040114	0.16871080677281225
2.490196995709355	0.16991472769242155
2.501763106325785	0.17224973380161934
2.524895327558645	0.17657106151774649
2.5311685398468704	0.1776486482380315
2.5374417521350954	0.17868203152527729
2.5437149644233203	0.1796686196759083
2.5499881767115458	0.18060488325184476
2.556261388999771	0.1814854497666003
2.5625346012879966	0.18230971569904186
2.568807813576222	0.1830745920751089
2.575081025864447	0.18377195240386612
2.581354238152672	0.18439959761964464
2.5876274504408974	0.1849509343170206
2.593900662729123	0.1854213085602221
2.600173875017348	0.1858036311761082
2.6064470873055736	0.1860907259202096
2.6127202995937986	0.18627590540297367
2.6189935118820236	0.18635151917609605
2.625266724170249	0.18631002747205438
2.6315399364584744	0.18614224854873407
2.6378131487466994	0.18584046401776133
2.6440863610349243	0.18539551470357551
2.6503595733231498	0.1847993258234606
2.656632785611375	0.1840437903370613
2.6629059978996006	0.1831207358062128
2.669179210187826	0.1820227230378879
2.675452422476051	0.1807427517048137
2.681725634764276	0.1792748117396865
2.6879988470525014	0.17761463379915265
2.6942720593407268	0.17575767807888254
2.700545271628952	0.17370188010936616
2.7068184839171776	0.17144576470097683
2.7130916962054026	0.16899010410572313
2.725638120781853	0.16348989205380482
2.7319113330700784	0.16045543846665788
2.7381845453583034	0.15724039339317963
2.7507309699347537	0.1503118779077468
2.775823819087655	0.13484111494222706
2.78209703137588	0.13073788179902168
2.7883702436641054	0.1265804128116259
2.800916668240556	0.11819254414908675
2.826009517393457	0.10178402960189081
2.8322827296816824	0.09790104351119466
2.8385559419699073	0.0941553176498604
2.8448291542581323	0.09056765684893464
2.8511023665463577	0.08715940986025283
2.857375578834583	0.08395052519738933
2.8636487911228086	0.08096241675796167
2.869922003411034	0.07820734191270451
2.876195215699259	0.07570374926825219
2.882468427987484	0.07346399657863123
2.8887416402757093	0.07149798228155912
2.8950148525639348	0.06981365431735198
2.90128806485216	0.06841824381124706
2.9075612771403856	0.06731435450045997
2.9138344894286106	0.06650099845346502
2.9201077017168355	0.06597806424282315
2.926380914005061	0.06573768428500726
2.9322354822528887	0.06576431972826935
2.938090050500716	0.06602342376763559
2.943944618748543	0.06650580278763751
2.949799186996371	0.06719951717707451
2.955653755244198	0.06809250380587484
2.9615083234920254	0.06916977719388573
2.967362891739853	0.07041516794355385
2.9732174599876804	0.07181223672889758
2.9790720282355077	0.07334242022491755
2.9849265964833354	0.0749871137622462
2.99663573297899	0.07854379199733907
3.0200540059703	0.08617605062328271
3.0259085742181275	0.08808073252383286
3.031763142465955	0.08994854473263336
3.0434722789616098	0.09350757989090974
3.049326847209437	0.09516907659826912
3.0551814154572643	0.09673521308522837
3.061035983705092	0.09819549790980764
3.0668905519529193	0.09953995289875572
3.0727451202007465	0.10076233192046424
3.0785996884485742	0.10185601981020787
3.0844542566964015	0.10281628060879466
3.0903088249442288	0.10364144283961751
3.0961633931920565	0.10433040838083762
3.1020179614398837	0.10488547604851783
3.107872529687711	0.10530701050896396
3.1137270979355387	0.10560026232221431
3.1195816661833664	0.10577237528978656
3.1254362344311937	0.10582833580221007
3.131290802679021	0.105778255676231
3.1371453709268486	0.10563136490675129
3.142999939174676	0.1053981001826858
3.148854507422503	0.10508752031853574
3.154709075670331	0.10471443614039577
3.160563643918158	0.10428931033898792
3.1664182121659854	0.10382633439693212
3.172272780413813	0.10333764505202114
3.1839819169094676	0.10234117732354697
3.1898364851572953	0.10186112569948058
3.1956910534051226	0.10140948365061031
3.20154562165295	0.10100038831747149
3.2074001899007776	0.10064448318579555
3.213254758148605	0.10035591997325555
3.219109326396432	0.10014576623005156
3.22496389464426	0.10002544485651121
3.230818462892087	0.10000603558900001
3.2366730311399143	0.10009705527825297
3.242527599387742	0.10030762830372297
3.2483821676355693	0.10064683775219052
3.2542367358833966	0.10112200150395179
3.2600913041312243	0.10173922431080884
3.2659458723790515	0.10250629011456347
3.271800440626879	0.10342814870403938
3.2776550088747065	0.10451034737307885
3.2835095771225338	0.1057567751068973
3.289364145370361	0.10717123944279483
3.2952187136181887	0.10875630056862429
3.301073281866016	0.1105146260920653
3.3074180070938537	0.11261682950805185
3.313762732321692	0.11492485945192898
3.3201074575495295	0.11743863129271559
3.326452182777367	0.12015809915354603
3.332796908005205	0.12308154300659258
3.3391416332330426	0.1262064649469392
3.351831083688718	0.13304878354300365
3.3581758089165556	0.1367569077571995
3.3645205341443933	0.14064928503472496
3.377209984600069	0.14895863785395913
3.4025888855114204	0.16744847603843738
3.408933610739258	0.17240301785616174
3.4152783359670957	0.1774654044360453
3.427967786422771	0.18786724393146526
3.4533466873341223	0.20934649883834155
3.45969141256196	0.21476024180105346
3.466036137789798	0.22015485440570082
3.4787255882454735	0.23080849756470334
3.5041044891568243	0.2510092804023194
3.510449214384662	0.2557039767380618
3.5167939396124996	0.26021065022074863
3.5231386648403373	0.2645117798904002
3.529483390068175	0.26858704912689246
3.5358281152960127	0.2724140866186253
3.5421728405238504	0.27597375115042744
3.5485175657516885	0.27924418116650096
3.554862290979526	0.28221069481184613
3.561207016207364	0.2848547179027987
3.567551741435202	0.2871591379557066
3.5738964666630397	0.28911903721693033
3.5802411918908774	0.29071528274887726
3.586585917118715	0.29194125636749546
3.592930642346553	0.292786518093749
3.5992753675743905	0.2932462899202739
3.605620092802228	0.2933159208015117
3.611964818030066	0.29299710861868133
3.6183095432579035	0.29229684080478346
3.6246542684857417	0.2912144301719688
3.6309989937135794	0.28975545288027615
3.637343718941417	0.287931766017979
3.643688444169255	0.2857533922828115
3.650033169397093	0.2832361243883812
3.6563778946249306	0.28039569415395804
3.6627226198527683	0.2772533306035201
3.669067345080606	0.27382544253146524
3.6817567955362813	0.26620550723161607
3.688101520764119	0.26206014096825103
3.6944462459919567	0.2577236237462288
3.7071356964476325	0.24858072383182384
3.713364711308542	0.2439128770637664
3.7195937261694514	0.23915776576852377
3.73205175589127	0.2294783710798911
3.7569678153349066	0.2100137969577529
3.763196830195816	0.20522992996293055
3.769425845056725	0.20050775466176907
3.781883874778544	0.19129530039434028
3.806799934222181	0.173999276217079
3.8130289490830904	0.16993910675101076
3.8192579639439996	0.16598452241529782
3.8317159936658185	0.15838423000695667
3.856632053109456	0.14438832644345223
3.862861067970365	0.14111886168864363
3.869090082831274	0.1379331521471543
3.881548112553093	0.1318098124698841
3.9064641719967304	0.12050207994064954
3.9126931868576396	0.11787122842698716
3.9189222017185488	0.11532201508095707
3.9313802314403676	0.11049063798494085
3.9376092463012773	0.10821743916576532
3.9438382611621865	0.10604487056082168
3.956296290884005	0.10203714844594658
3.962525305744914	0.10021833286833726
3.9687543206058233	0.09853444627895924
3.9749833354667325	0.09699425199132894
3.981212350327642	0.09560621686723181
3.987441365188552	0.0943765362970499
3.993670380049461	0.09331762530573484
3.9998993949103703	0.0924365570286998
4.0061284097712795	0.09174130261067104
4.012357424632189	0.09123966842708064
4.018586439493099	0.09093572980998466
4.024815454354008	0.09083590295179977
4.031044469214917	0.09094519757208319
4.037273484075826	0.09126588816265735
4.043502498936736	0.09180014848765516
4.049731513797645	0.09255005412478234
4.055960528658554	0.09351385888799246
4.062189543519463	0.09468986336697971
4.0684185583803725	0.09607550630242878
4.074647573241282	0.0976658258077523
4.080876588102191	0.09945574905103816
4.0871056029631	0.10143863324050639
4.093334617824009	0.10360737239314322
4.105792647545829	0.10845921125460811
4.11160301836634	0.11093977665694221
4.117413389186851	0.11354581753806836
4.129034130827874	0.11909518249558215
4.15227561410992	0.13124907331820124
4.198758580674012	0.15742836355817236
4.291724513802196	0.20421060944695224
4.297534884622707	0.2066999368210376
4.303345255443219	0.2091472004537347
4.314965997084242	0.2139320033968879
4.338207480366288	0.22319228739762664
4.344017851186799	0.22547176483039832
4.349828222007311	0.22774757746420393
4.361448963648334	0.23230970049082567
4.38469044693038	0.24162420971815468
4.390500817750891	0.24402081416188404
4.396311188571403	0.24645457838709905
4.407931930212426	0.25144662736731505
4.431173413494472	0.2620338035271239
4.477656380058563	0.2859776030930241
4.483956907859085	0.28949850198425287
4.490257435659606	0.29307952828235173
4.50285849126065	0.3003850843246052
4.5280606024627374	0.3153701276149712
4.534361130263259	0.31914038645106824
4.540661658063781	0.322896283506924
4.553262713664824	0.3303179381659742
4.578464824866911	0.3443956874502192
4.584765352667433	0.34766768676642434
4.591065880467955	0.3508083590119071
4.597366408268477	0.3537985936043815
4.603666936068999	0.35662697279383027
4.609967463869521	0.359274867309892
4.616267991670043	0.3617252607487016
4.622568519470564	0.36396146085678804
4.628869047271086	0.36596948819315545
4.6351695750716075	0.36773308439384866
4.641470102872129	0.36923791168624387
4.6477706306726505	0.370477424313606
4.654071158473172	0.37143297054833635
4.660371686273694	0.37209427176434295
4.666672214074216	0.37245102540866837
4.672972741874738	0.37249228907476617
4.67927326967526	0.37221649314961347
4.685573797475782	0.3716150598652972
4.691874325276304	0.37068439411479726
4.698174853076826	0.36942093826777844
4.704475380877348	0.3678241859982587
4.71077590867787	0.3658942044675657
4.717076436478392	0.3636331249198017
4.723376964278913	0.3610461053788223
4.729677492079435	0.35813875896886027
4.735978019879957	0.3549172065894295
4.742278547680478	0.3513899436065526
4.748579075481	0.34756753967819254
4.7548796032815215	0.34346068889461767
4.761180131082043	0.33908209992052774
4.767480658882565	0.3344463505197708
4.780081714483609	0.3244618717463026
4.786382242284131	0.3191461065518326
4.792682770084653	0.3136362791118241
4.805283825685697	0.30210252933108794
4.830485936887784	0.27750917427083355
4.880890159291958	0.2261827233903313
4.8867720430520825	0.22030631008372126
4.892653926812207	0.21449446550088025
4.904417694332454	0.20310774588121516
4.92794522937295	0.18155716835902247
4.933827113133074	0.17647636862682825
4.939708996893199	0.17153321252068787
4.951472764413446	0.16209201726161826
4.95735464817357	0.15760770660379686
4.963236531933694	0.1532912026172668
4.975000299453942	0.14518083874897503
4.980882183214066	0.14140087296934567
4.986764066974191	0.13781021385972503
4.992645950734314	0.13441425829370068
4.998527834494438	0.13122021466786604
5.004409718254562	0.12823278411507388
5.010291602014686	0.1254552469207142
5.01617348577481	0.12289195326972147
5.022055369534934	0.12054891659476619
5.027937253295058	0.11842718372952676
5.033819137055183	0.11653072248456331
5.039701020815306	0.11486492876838206
5.04558290457543	0.11342981327170332
5.051464788335554	0.11222891788316414
5.057346672095678	0.11126445019066677
5.063228555855802	0.11053660268651022
5.069110439615926	0.11004714844898045
5.07499232337605	0.10979654667186534
5.0808742071361745	0.10978357677646677
5.086756090896298	0.11000975798172385
5.092637974656422	0.11047215335906024
5.098519858416546	0.11117065579239815
5.10440174217667	0.11210225456340739
5.110283625936794	0.1132634575569651
5.116165509696918	0.11465340192507956
5.122047393457042	0.11626570911758094
5.1279292772171665	0.11809782682940861
5.13381116097729	0.12014518089507886
5.139693044737414	0.12240227362288358
5.145574928497538	0.12486204668905732
5.151456812257662	0.12751992143647906
5.16322057977791	0.13340511348711281
5.169102463538034	0.1366175547210995
5.1749843472981585	0.14000123162147426
5.186748114818406	0.14725068812004238
5.210275649858902	0.1634618035323876
5.216157533619025	0.16782676084731296
5.22203941737915	0.17229997179648704
5.233803184899397	0.1815434244668288
5.257330719939893	0.20102129116413314
5.263096893333088	0.20595840699756396
5.268863066726285	0.21094919268054646
5.280395413512675	0.22107016520497158
5.303460107085458	0.24174923241980828
5.349589494231022	0.2841869265708592
5.4418482685221505	0.3721331215010397
5.447614441915346	0.3778196895475925
5.453380615308541	0.38353480682970487
5.464912962094933	0.39505412790170125
5.487977655667715	0.4184496651811225
5.534107042813279	0.46637703665324093
5.539873216206474	0.47241265809566046
5.545639389599669	0.4784421541590951
5.557171736386061	0.49045524111160077
5.580236429958843	0.5140655199550439
5.586002603352038	0.5198289510115197
5.5917687767452335	0.5255134178480803
5.603301123531625	0.536603360619397
5.626365817104407	0.5573242657544073
5.632622147477613	0.5625195483380723
5.6388784778508185	0.5674994214521454
5.645134808224024	0.5722488385248132
5.65139113859723	0.5767457039364303
5.657647468970436	0.5809728044846141
5.663903799343641	0.5849119342029949
5.670160129716848	0.5885448770672466
5.676416460090054	0.5918549824617743
5.6826727904632595	0.5948228108267188
5.688929120836466	0.5974350618074924
5.695185451209672	0.599673878129634
5.7014417815828775	0.6015232817363527
5.707698111956083	0.6029735877510962
5.713954442329289	0.6040091964014191
5.720210772702495	0.6046167591113081
5.7264671030757	0.6047921094960822
5.732723433448906	0.6045211088376528
5.738979763822112	0.6037987281148287
5.745236094195318	0.6026197409135161
5.751492424568524	0.6009783836400628
5.75774875494173	0.5988733179542653
5.7640050853149365	0.5963045995048444
5.770261415688142	0.5932740848966573
5.776517746061348	0.5897833336203573
5.782774076434554	0.5858377284350675
5.789030406807759	0.5814438483342448
5.795286737180965	0.5766100988170342
5.801543067554171	0.5713457891459912
5.8077993979273765	0.5656637390736137
5.814055728300582	0.5595761002490431
5.826568389046995	0.546244247638203
5.8328247194202	0.5390319573142413
5.839081049793407	0.5314850959035451
5.851593710539818	0.5154450399476231
5.876619032032641	0.48021318163794335
5.926669675018289	0.4022696931058021
5.9329260053914945	0.39228093163849787
5.9391823357647	0.38231311727157324
5.951694996511112	0.3625246866095262
5.976720318003935	0.3241145476813423
5.982976648377141	0.3148627233481198
5.989232978750348	0.3057886989725773
6.001745639496759	0.2882397217451427
6.026770960989582	0.25595369379406785
6.03260864732239	0.24903741869414953
6.038446333655198	0.24237456357452292
6.050121706320814	0.2298530289873706
6.055959392653622	0.22401188341275002
6.06179707898643	0.21846206221925213
6.073472451652046	0.20826717547874374
6.079310137984854	0.20363511510680166
6.085147824317662	0.1993243172081769
6.09098551065047	0.1953396055369847
6.096823196983278	0.19168837061370336
6.102660883316086	0.1883734426688597
6.108498569648894	0.18540119639245622
6.114336255981702	0.18277671765540449
6.12017394231451	0.18050125229874103
6.126011628647318	0.17858074581182182
6.131849314980126	0.17701718420599288
6.137687001312934	0.17581316203297082
6.143524687645742	0.1749703933323321
6.14936237397855	0.1744903129043247
6.155200060311358	0.17437519604268958
6.161037746644166	0.17462270648894362
6.166875432976974	0.1752355705636992
6.172713119309782	0.17621270032580139
6.17855080564259	0.17755251119661608
6.184388491975398	0.17925395440145264
6.190226178308206	0.1813151085057556
6.196063864641014	0.1837341091833009
6.2019015509738225	0.18650813868479332
6.207739237306631	0.18963352081660734
6.213576923639439	0.1931072787816306
6.219414609972247	0.19692547080766287
6.225252296305056	0.201083984888085
6.231089982637864	0.20557822319277896
6.236927668970672	0.21040272904102153
6.24276535530348	0.21555329862756922
6.248603041636288	0.22102382272970988
6.260278414301904	0.23290193362891065
6.266116100634712	0.23929684087806846
6.27195378696752	0.24598855968072986
6.283629159633136	0.26023169890250264
6.3069799049643684	0.2919679510996902
6.3128175912971765	0.30053775337783817
6.3186552776299845	0.30934693445812966
6.3303306502956005	0.32765504401285295
6.3536813956268325	0.36682427886066726
6.400382886289297	0.4537903232741578
6.406710729602115	0.4663162458460923
6.4130385729149335	0.4789950805126355
6.42569425954057	0.5047830423115021
6.451005632791844	0.5579026005952938
6.501628379294391	0.6690546100839359
6.507956222607209	0.6833100716791316
6.514284065920027	0.6976298303040602
6.526939752545664	0.7264346042519336
6.552251125796937	0.7845389978492441
6.602873872299485	0.9007850526209724
6.609201715612303	0.9150917536090439
6.615529558925122	0.9292977976941637
6.628185245550759	0.9573361921139161
6.6534966188020315	1.011340800484195
6.65982446211485	1.024278801770436
6.6661523054276675	1.0369424013752453
6.678807992053304	1.0613422882112862
6.685135835366123	1.0730224257843348
6.691463678678941	1.084324016252737
6.704119365304578	1.1056675389765105
6.7104472086173965	1.1156535744661729
6.716775051930215	1.1251474002529838
6.723102895243033	1.1341167361284024
6.729430738555852	1.142537397085463
6.73575858186867	1.1503819785034852
6.742086425181489	1.1576244242136373
6.748414268494307	1.1642389532912052
6.754742111807126	1.1702006095654287
6.761069955119944	1.1754940759721384
6.7673977984327625	1.1800872250451993
6.773725641745581	1.1839690183189675
6.780053485058399	1.187116317887579
6.786381328371218	1.1895150086720037
6.792709171684036	1.1911527397999495
6.799037014996854	1.1920157963095175
6.805364858309672	1.1920956814648145
6.811576991255562	1.191405337519817
6.817789124201452	1.1899487697355586
6.824001257147342	1.187723913179541
6.830213390093231	1.1847309445419691
6.8364255230391215	1.1809715462461585
6.842637655985011	1.176452986597047
6.848849788930901	1.1711801860513429
6.855061921876791	1.1651638286616364
6.861274054822681	1.1584157534784856
6.867486187768571	1.1509499008014537
6.87369832071446	1.1427837367861406
6.879910453660351	1.1339333547340984
6.886122586606241	1.124419292208172
6.892334719552131	1.1142665949954682
6.904758985443911	1.092137667749614
6.910971118389801	1.0802134419701903
6.917183251335691	1.0677546350344351
6.9296075172274705	1.041343582525759
6.95445604901103	0.9834656027652242
7.00415311257815	0.8549541724937919
7.01036524552404	0.8383509868026957
7.01657737846993	0.8217397939331113
7.02900164436171	0.7886122036642416
7.05385017614527	0.7235984857234721
7.06006230909116	0.7077719944311847
7.06627444203705	0.6921735640668025
7.0786987079288295	0.6617633032991446
7.103547239712388	0.60479300978895
7.109759372658278	0.5914945557458768
7.115971505604168	0.5786202643186487
7.128395771495947	0.5542284763796399
7.134607904441838	0.542754020420877
7.140820037387727	0.5317891373695973
7.153244303279507	0.5114668988969244
7.159456436225398	0.5021471905136181
7.165668569171287	0.4934147316223827
7.171880702117177	0.4852877174974708
7.178092835063067	0.4777833585303757
7.1843049680089575	0.47091939992501075
7.190517100954847	0.4647129628494122
7.1967292339007365	0.4591801173836876
7.202941366846627	0.45433752820843853
7.208734855752119	0.45045638934243204
7.2145283446576105	0.44720144359392133
7.220321833563103	0.4445836814602746
7.226115322468595	0.44261513538122
7.231908811374087	0.44130633566467026
7.2377023002795795	0.4406679912707476
7.243495789185071	0.4407097482551192
7.249289278090563	0.4414412985276499
7.255082766996056	0.44287164387878253
7.260876255901548	0.445009107291213
7.266669744807039	0.44786150857385376
7.272463233712532	0.4514364064276073
7.278256722618024	0.45573988871956317
7.284050211523516	0.46077696247261724
7.289843700429008	0.46655456272476936
7.2956371893345	0.4730757066278608
7.301430678239992	0.48034535776638165
7.307224167145485	0.48836544896185874
7.3130176560509765	0.49713824260014583
7.318811144956468	0.5066646462616795
7.324604633861961	0.5169477179862225
7.330398122767453	0.5279804563728634
7.341985100578437	0.5523053349803648
7.347778589483929	0.5655897223606807
7.353572078389421	0.579616227220578
7.3651590562004055	0.609874593627473
7.370952545105897	0.6260956298903464
7.37674603401139	0.643032086978284
7.388333011822374	0.679017645590644
7.394126500727865	0.698048150749516
7.399919989633357	0.7177530194638226
7.411506967444342	0.7591490964765448
7.43468092306631	0.8494977094031766
7.4404744119718025	0.8735771026819998
7.446267900877294	0.8982222522104344
7.457854878688279	0.9491514969696677
7.481028834310247	1.0571182644604606
7.486822323215739	1.0852923544538164
7.492615812121231	1.1139086697503755
7.504202789932215	1.172408413723237
7.527376745554184	1.2940776031440473
7.57372465679812	1.5531989917367728
7.5800083026836225	1.5896946155374048
7.586291948569125	1.6264710837104346
7.59885924034013	1.7008078794686083
7.62399382388214	1.852179880840211
7.6742629909661595	2.1614536261921753
7.680546636851662	2.200256906823987
7.686830282737164	2.238992845959566
7.699397574508169	2.3161221026305423
7.724532158050179	2.467900989563769
7.730815803935681	2.505079844503255
7.737099449821184	2.5418595404025135
7.749666741592188	2.6140276781446623
7.774801325134198	2.751354598294066
7.7810849710197	2.7839199086137354
7.787368616905203	2.8156695676322263
7.799935908676208	2.8765215125410792
7.80621955456171	2.90552026695169
7.812503200447212	2.9334982912985286
7.825070492218217	2.986207784854896
7.831354138103719	3.0108474161242214
7.837637783989221	3.034283360538816
7.843921429874724	3.056477536502757
7.850205075760226	3.0773916934101013
7.856488721645729	3.096992511179713
7.862772367531232	3.1152486021727874
7.869056013416734	3.1321322825372544
7.875339659302236	3.1476200317350154
7.8816233051877385	3.161690780523923
7.887906951073241	3.1743283928871735
7.894190596958744	3.185519552493817
7.900474242844246	3.195259303982927
7.906757888729748	3.2035344762111677
7.913041534615251	3.2103592678509214
7.919325180500754	3.215724918527669
7.925608826386256	3.219647580970732
7.931892472271758	3.222133072230548
7.93817611815726	3.2231993144687534
7.944459764042763	3.2228687587443305
7.950743409928266	3.221176983543505
7.957027055813768	3.2181203364549322
7.963310701699271	3.2137538480481824
7.969594347584773	3.208108327432023
7.9758779934702755	3.2012175436442165
7.98174299531538	3.193697242491787
7.9876079971604845	3.1851642485824945
7.99347299900559	3.17565392733204
7.9993380008506945	3.165204397370604
8.005203002695799	3.1538533817733496
8.011068004540904	3.1416476691789725
8.022798008231113	3.1148262218103575
8.028663010076219	3.100304167504368
8.034528011921322	3.0850908304156714
8.046258015611532	3.0528097285734255
8.06971802299195	2.9820640417375737
8.075583024837055	2.963361795059668
8.081448026682159	2.9443442086957763
8.093178030372368	2.905548241054209
8.116638037752786	2.8261567714717613
8.163558052513622	2.6697784368184205
8.169423054358727	2.6512559121365262
8.175288056203831	2.6330920085096237
8.18701805989404	2.597998591867621
8.192883061739145	2.5811456789331055
8.19874806358425	2.5648066659038786
8.210478067274458	2.5338237905456786
8.216343069119564	2.519257319545627
8.222208070964667	2.5053591549630365
8.22807307280977	2.492168046928051
8.233938074654876	2.4797236066098742
8.239803076499982	2.468065121530482
8.245668078345087	2.4572323966969396
8.251533080190192	2.447268249855549
8.257398082035296	2.438208526379044
8.2632630838804	2.43009693303079
8.269128085725505	2.422972579163563
8.27499308757061	2.4168795826570317
8.280858089415716	2.41185750691751
8.286723091260821	2.4079472164344136
8.292588093105925	2.4051973942672564
8.298453094951029	2.403641822329819
8.304318096796134	2.403328858974435
8.31018309864124	2.404294371468941
8.316048100486343	2.406585612715535
8.321913102331447	2.4102433393526237
8.327778104176552	2.4153051145007325
8.333643106021658	2.4218163105232886
8.339508107866761	2.429812672747298
8.345373109711865	2.4393411240681466
8.35123811155697	2.4504250049593566
8.357593270382086	2.464248805688536
8.3639484292072	2.4799924049931352
8.370303588032314	2.4976977048516833
8.37665874685743	2.517410902684153
8.383013905682546	2.539165190434442
8.38936906450766	2.5629969008551967
8.40207938215789	2.6170088180306923
8.408434540983006	2.6472366814696144
8.41478969980812	2.67964570199271
8.42750001745835	2.7510437447128933
8.433855176283465	2.7900545464932094
8.44021033510858	2.831281479143401
8.45292065275881	2.9203713611803543
8.459275811583925	2.968216891926529
8.46563097040904	3.018246379626671
8.47834128805927	3.1247990296375914
8.484696446884385	3.181268554239205
8.4910516057095	3.2398406265287516
8.503761923359729	3.3631573912708728
8.510117082184845	3.4278422013170946
8.516472241009959	3.4944975622089007
8.529182558660189	3.6335805028458417
8.554603193960649	3.9338658505454998
8.560958352785764	4.013353962207287
8.567313511610879	4.094546811404063
8.580023829261108	4.26195210261155
8.605444464561568	4.616307201562252
8.611799623386684	4.708895919805933
8.618154782211798	4.803085371367233
8.630865099862028	4.996233405790527
8.656285735162488	5.401931932255785
8.662640893987604	5.507485295640409
8.668996052812718	5.614726766864795
8.681706370462948	5.834361129387185
8.707127005763407	6.294842870040032
8.757968276364327	7.304089630545889
8.764207724822514	7.4360979087608925
8.7704471732807	7.569833795774267
8.782926070197073	7.842363073081673
8.807883864029819	8.406350142280084
8.85779945169531	9.594155177418378
8.957630627026294	12.02174635061867
8.963870075484481	12.167838394172199
8.970109523942668	12.312710810014629
8.98258842085904	12.598578738252272
9.007546214691786	13.153648306771897
9.057461802357277	14.196335391507404
9.157292977688263	16.1281611435176
9.163113782106052	16.241963810187194
9.16893458652384	16.356592901560965
9.180576195359418	16.58878711954731
9.203859413030571	17.067812216102016
9.20968021744836	17.191186785726984
9.21550102186615	17.316190002648682
9.227142630701726	17.57139832320593
9.250425848372881	18.10460321296513
9.25624665279067	18.24299162125333
9.26206745720846	18.38351285636428
9.273709066044036	18.671074301642804
9.296992283715191	19.272846621195956
9.3435587190575	20.581835251146398
9.349379523475289	20.75475691377888
9.355200327893076	20.929547490305204
9.366841936728655	21.28452090666962
9.390125154399808	22.013651262593893
9.436691589742118	23.526813543812636
9.529824460426736	26.567414052064247
9.536135421824536	26.76532701366003
9.542446383222334	26.96151834144011
9.555068306017933	27.348315693055333
9.580312151609128	28.09727328853972
9.630799842791522	29.485321509291648
9.63711080418932	29.64829127090192
9.643421765587119	29.80897252895692
9.656043688382717	30.12365916299047
9.681287533973913	30.72825872649703
9.731775225156305	31.857866068763915
9.738086186554103	31.993536977516975
9.744397147951902	32.12830685424945
9.7570190707475	32.395483988914336
9.782262916338697	32.922289396407564
9.832750607521088	33.95062384637171
9.839061568918886	34.0760741826436
9.845372530316686	34.200507507301445
9.857994453112283	34.445683642512726
9.88323829870348	34.915786546018055
9.88954926010128	35.02774781784831
9.895860221499078	35.136954339971986
9.908482144294677	35.34594540465379
9.914793105692475	35.44509755199167
9.921104067090274	35.54029010033548
9.933725989885872	35.71743589295497
9.939618307243272	35.7934873559755
9.945510624600674	35.86494123367428
9.951402941958076	35.93151083326547
9.957295259315476	35.992938245174706
9.963187576672876	36.048949070681466
9.969079894030278	36.099252215024855
9.97497221138768	36.14364822257014
9.98086452874508	36.18186696107058
9.98675684610248	36.21365092526395
9.992649163459882	36.238804282285464
9.998541480817284	36.25709804130743
10.004433798174684	36.26834040160094
10.010326115532086	36.272339140487176
10.016218432889488	36.2689304881098
10.022110750246888	36.257968525779916
10.02800306760429	36.23932500730666
10.033895384961692	36.21288019484896
10.039787702319092	36.17854609596393
10.045680019676494	36.13625286060856
10.051572337033896	36.08593862132986
10.057464654391296	36.02761699447922
10.063356971748698	35.961212195129484
10.0692492891061	35.88680039443758
10.0751416064635	35.80441163465197
10.0810339238209	35.71409695508466
10.086926241178302	35.61591545653971
10.092818558535704	35.51001927735777
10.098710875893104	35.396520207375644
10.104603193250504	35.27555008121287
10.110495510607906	35.14721766887508
10.122280145322708	34.86950540814182
10.128172462680109	34.72047923097003
10.13406478003751	34.564999002838015
10.145849414752313	34.23566854802581
10.169418684181919	33.511156886794936
10.17531100153932	33.318036828382475
10.18120331889672	33.12073499139643
10.192987953611524	32.714909211188115
10.216557223041129	31.867048451565196
10.310834300759547	28.332439463105626
10.316610907750018	28.12200393635881
10.322387514740491	27.913210412594413
10.333940728721437	27.50100603207298
10.357047156683329	26.699712103519516
10.40326001260711	25.195178667515812
10.495685724454674	22.513892509343265
10.501462331445147	22.35595164562927
10.50723893843562	22.198641056427423
10.518792152416566	21.88581643717759
10.541898580378456	21.264961519736513
10.588111436302238	20.030162055289793
10.680537148149801	17.539080756541825
10.686803912120283	17.369321252583948
10.693070676090766	17.199648841886905
10.705604204031733	16.86077585413937
10.730671259913667	16.186600517027433
10.78080537167753	14.867325303455035
10.787072135648014	14.70644577405901
10.793338899618497	14.546661947346372
10.805872427559462	14.230594380478955
10.830939483441394	13.613899750612354
10.881073595205258	12.449265234985983
10.887340359175742	12.310370396176872
10.893607123146225	12.172943524941477
10.90614065108719	11.902454600577226
10.931207706969122	11.377954348162419
10.981341818732986	10.384823267996413
11.081610042260715	8.515026601820066
11.0874581621908	8.407011929124515
11.093306282120885	8.298902118529771
11.105002521981056	8.082323640360297
11.128395001701396	7.6474967331181904
11.175179961142078	6.772360033106031
11.181028081072164	6.6628227902208454
11.18687620100225	6.553354318001981
11.198572440862419	6.334772410609004
11.22196492058276	5.90027178893382
11.268749880023442	5.05279579900747
11.274597999953528	4.949891479544021
11.280446119883614	4.8478093608587365
11.292142359743783	4.64637747706956
11.315534839464124	4.25574682018655
11.32138295939421	4.1608905561821405
11.327231079324296	4.0672194035823885
11.338927319184466	3.8836342976266724
11.362319798904807	3.532399136840594
11.368167918834892	3.448055065605219
11.374016038764978	3.3651540062093037
11.385712278625148	3.2037573851992978
11.409104758345489	2.899006594314894
11.414952878275574	2.826645167610325
11.420800998205658	2.755831544601067
11.432497238065828	2.6188930405864284
11.45588971778617	2.363780537490582
11.462227994696264	2.2989718125297056
11.46856627160636	2.236003077369862
11.481242825426552	2.115559383776265
11.487581102336648	2.0580731475157634
11.493919379246742	2.0024021454310237
11.506595933066933	1.8964781612026442
11.512934209977029	1.8462090004453433
11.519272486887125	1.7977231405307013
11.531949040707316	1.7060580603500686
11.53828731761741	1.6628557816010865
11.544625594527506	1.6213917874903139
11.557302148347699	1.5436238438904226
11.563640425257795	1.5072934356265595
11.569978702167889	1.47264815233261
11.58265525598808	1.4083364640697154
11.588993532898176	1.3786399574717967
11.595331809808272	1.3505503612505425
11.608008363628462	1.2991305293973658
11.614346640538557	1.275758883486338
11.620684917448653	1.2539122123258384
11.627023194358749	1.2335617191014343
11.633361471268845	1.2146865764046808
11.639699748178941	1.197255046838979
11.646038025089036	1.181242238803529
11.65237630199913	1.1666113313519766
11.658714578909226	1.1533454636349942
11.665052855819322	1.14139610274312
11.671391132729418	1.13073588025689
11.677729409639515	1.1213227636886893
11.684067686549609	1.1131305014740116
11.690405963459703	1.1061134235572823
11.6967442403698	1.1002413348201818
11.703082517279896	1.0954742903027617
11.709420794189992	1.0917666801853398
11.715759071100088	1.089084361809241
11.722097348010182	1.0873846677878642
11.728435624920277	1.086625640456143
11.734773901830373	1.086767057873974
11.741112178740469	1.087778082479014
11.747450455650565	1.0896081065023582
11.753788732560661	1.092221655679496
11.760127009470756	1.0955792777295787
11.76646528638085	1.0996289850289243
11.772803563290946	1.1043506846886357
11.779141840201042	1.109701743303324
11.785480117111138	1.115654814926593
11.791818394021234	1.1221591490492715
11.798156670931329	1.1291938115477267
11.81083322475152	1.1446889542878287
11.817171501661615	1.153095905273113
11.823509778571712	1.1619071465435864
11.836186332391902	1.1806292677730728
11.861539440032285	1.221734287576271
11.867762006575452	1.2324530589166462
11.87398457311862	1.243374349806385
11.886429706204954	1.265780252312486
11.911319972377623	1.3123358714763613
11.961100504722959	1.40934240690419
11.967323071266126	1.4215577455204782
11.973545637809291	1.433745201252206
11.985990770895626	1.457964914107726
12.010881037068295	1.5053183906840193
12.017103603611462	1.516820914097143
12.023326170154629	1.5281489168080666
12.035771303240963	1.5501945286646643
12.060661569413632	1.5912182057900104
12.0668841359568	1.600695374811691
12.073106702499967	1.6098125394740173
12.085551835586301	1.6268529170501314
12.091774402129468	1.6347288799020046
12.097996968672636	1.6421448307297108
12.104219535215803	1.649071499195875
12.11044210175897	1.6554839304068487
12.116664668302137	1.6613556419821789
12.122887234845305	1.66665197087503
12.129109801388472	1.6713614317890215
12.135332367931639	1.675459855798552
12.141554934474806	1.6789172263519374
12.147777501017973	1.6817168509852887
12.154000067561139	1.68383657804677
12.160222634104306	1.685246769021214
12.166445200647473	1.6859312692290538
12.172667767190639	1.685879730741898
12.178890333733806	1.6850595699659845
12.185112900276973	1.683478653304431
12.19133546682014	1.6811052636910904
12.197558033363308	1.6779314025941208
12.203780599906475	1.6739382998814114
12.210003166449642	1.66912387050154
12.21622573299281	1.6634814383741046
12.222448299535976	1.6569946665895143
12.228670866079144	1.6496811052566556
12.23489343262231	1.6415211558516059
12.241115999165478	1.632520732844399
12.247338565708645	1.622669587632502
12.25978369879498	1.6004643431343943
12.26558762129775	1.5889757082949902
12.271391543800519	1.576784019807676
12.282999388806058	1.5503016167066002
12.288803311308827	1.5360332462648585
12.294607233811597	1.5210956103536604
12.306215078817134	1.489280261847786
12.312019001319904	1.472438008859967
12.317822923822671	1.4549938405741343
12.32943076882821	1.418377120186837
12.352646458839288	1.3388098541268683
12.358450381342058	1.317736747897202
12.364254303844827	1.2962416540352448
12.375862148850366	1.2520780751692246
12.399077838861443	1.1598131501925604
12.445509218883597	0.9656832970967897
12.451313141386366	0.941051742000234
12.457117063889136	0.9164281112765558
12.468724908894675	0.867309486223899
12.491940598905751	0.7702731865348325
12.49774452140852	0.7464035634093165
12.503548443911289	0.7227375705731598
12.515156288916828	0.6760922667714415
12.538371978927906	0.5861036420509569
12.544175901430675	0.5644010727755151
12.549979823933445	0.5430562429877792
12.561587668938982	0.5014797386602856
12.584803358950058	0.42317812321684256
12.590607281452828	0.4046936121906235
12.596411203955597	0.38665677010409505
12.608019048961136	0.35198044348824453
12.631234738972212	0.28841480105233375
12.637528818454992	0.2725495492386272
12.64382289793777	0.2572764797798177
12.65641105690333	0.2285135236838789
12.66270513638611	0.2150272084178213
12.66899921586889	0.20214062239096586
12.68158737483445	0.17816171994053498
12.68788145431723	0.16706227966405418
12.69417553380001	0.15654763962272344
12.700469613282788	0.14661877956838998
12.706763692765568	0.13726606417977694
12.713057772248348	0.12848683398010508
12.719351851731126	0.12027366258176464
12.731940010696686	0.1055098795041367
12.738234090179466	0.0989403381947378
12.744528169662246	0.09290179563339773
12.750822249145024	0.08738421827222442
12.757116328627804	0.08237698684509365
12.763410408110584	0.07787128151799383
12.769704487593362	0.07385398947741484
12.775998567076142	0.07031520565865712
12.782292646558922	0.06724315962510996
12.788586726041702	0.06462661093700017
12.794880805524482	0.062454792366260836
12.801174885007262	0.06071701097306459
12.807468964490042	0.05940144068265685
12.813763043972822	0.058498088914409774
12.820057123455602	0.05799554348433844
12.82635120293838	0.05788102895275138
12.83264528242116	0.058146869883274555
12.83893936190394	0.05878355481854802
12.845233441386718	0.059779695862280935
12.851527520869498	0.061127680704287535
12.857821600352278	0.06281760109283896
12.864115679835058	0.06484012267028794
12.870409759317837	0.06718763330410082
12.876703838800617	0.06985308969550585
12.882997918283397	0.07282818391472201
12.889291997766177	0.07610745728822144
12.895586077248957	0.07968327968538835
12.901880156731735	0.08354952936222171
12.908174236214515	0.08769851114154514
12.914468315697295	0.09212646681588454
12.920762395180073	0.09682731814706624
12.933350554145633	0.10703004020132711
12.939644633628413	0.11252142484634708
12.945938713111193	0.11826678295317317
12.958526872076751	0.13049590206801298
12.98370319000787	0.15778910389121714
12.98999726949065	0.16517390376600138
12.996291348973429	0.17277002014932652
13.008879507938989	0.1885780675480122
13.034055825870107	0.22245716894834455
13.03993126131249	0.23075510205709637
13.04580669675487	0.23918527454890315
13.057557567639634	0.25640849897169415
13.081059309409161	0.29205213846747924
13.128062792948215	0.36562316420406527
13.133938228390598	0.3747863541139642
13.139813663832978	0.38389266773778274
13.151564534717743	0.4018751520567836
13.17506627648727	0.4365178155484841
13.180941711929652	0.4448097477571671
13.186817147372032	0.45291971164610256
13.198568018256797	0.46854476979870974
13.222069760026324	0.49699423068994975
13.227945195468706	0.5034342993258512
13.233820630911087	0.5095791322211469
13.239696066353469	0.5154131447088603
13.245571501795851	0.5209271277065972
13.251446937238233	0.5261145238891565
13.257322372680616	0.5309601867513492
13.263197808122996	0.5354507166428404
13.269073243565378	0.539575880270595
13.27494867900776	0.543327024006194
13.28082411445014	0.5466990900637323
13.286699549892523	0.5496827473069656
13.292574985334905	0.5522768306654458
13.298450420777288	0.554469731124043
13.30432585621967	0.5562596137344173
13.31020129166205	0.5576428188612861
13.316076727104432	0.5586100930572202
13.321952162546815	0.5591661311328247
13.327827597989195	0.5593095291142418
13.333703033431577	0.559037269597058
13.33957846887396	0.5583532335999686
13.345453904316342	0.5572578934141759
13.351329339758724	0.5557538620381004
13.357204775201104	0.553842615762107
13.363080210643487	0.5515304174161024
13.368955646085869	0.5488224850336991
13.37483108152825	0.5457236335716866
13.380706516970632	0.5422437854208391
13.386581952413014	0.5383882570116152
13.392457387855396	0.5341659998455375
13.398332823297778	0.5295856191434527
13.410083694182541	0.5193909576115943
13.415843419257996	0.5139115908738661
13.42160314433345	0.5081295288135066
13.433122594484356	0.4957040746681243
13.45616149478617	0.4677535946803433
13.461921219861622	0.4601959842133376
13.467680944937076	0.4524363119036292
13.479200395087982	0.4363724471499446
13.502239295389796	0.4024568898970047
13.507999020465249	0.39368455561721216
13.513758745540702	0.38482638192609997
13.525278195691609	0.3668990568690038
13.548317095993422	0.330587496583828
13.594394896597048	0.2588774174164836
13.600154621672502	0.25021326542373834
13.605914346747955	0.24164659447192727
13.617433796898862	0.224847508896032
13.640472697200675	0.19276439051717298
13.646232422276128	0.18509452084642186
13.651992147351582	0.1775781570800956
13.663511597502488	0.1630145613489995
13.686550497804301	0.13587137402878668
13.692310222879755	0.12951068693267165
13.698069947955208	0.12332442520286402
13.709589398106115	0.11148100144926953
13.715349123181568	0.10582164293027807
13.721108848257021	0.10033643048903951
13.732628298407928	0.08988995093547802
13.738388023483381	0.084924929041299
13.744147748558834	0.08013318522296853
13.755667198709741	0.0710557493021251
13.778706099011554	0.0548669250177507
13.784955981067018	0.05091195766797241
13.791205863122482	0.04713729784070764
13.803705627233409	0.04011435581752498
13.809955509288873	0.03685930127703463
13.816205391344337	0.03377026880105749
13.828705155455264	0.028077315667936587
13.834955037510728	0.025467262837291615
13.841204919566191	0.023010833841160094
13.847454801621655	0.020705316773850457
13.853704683677119	0.018549057322131635
13.859954565732583	0.01653864435728658
13.866204447788046	0.014672299846106629
13.87245432984351	0.012948373010126302
13.878704211898974	0.011365662446915614
13.884954093954438	0.009923052928406895
13.891203976009901	0.008620120730699288
13.897453858065365	0.007455863463159407
13.903703740120829	0.006430082143650262
13.909953622176292	0.005543116487153332
13.916203504231756	0.004794762297741562
13.92245338628722	0.00418647118253479
13.928703268342684	0.003718936196744682
13.934953150398147	0.0033937134364392385
13.941203032453611	0.00321183472165254
13.947452914509075	0.0031750253414466467
13.953702796564539	0.003285144068414514
13.959952678620002	0.0035441491581624796
13.966202560675466	0.003954406081449369
13.97245244273093	0.004518029711022331
13.978702324786392	0.005237341515026861
13.984952206841854	0.006114580714175366
13.991202088897317	0.0071520829562194965
13.997451970952781	0.008352125838313684
14.003701853008245	0.009717012844757456
14.009951735063709	0.011248801385967067
14.016201617119172	0.012949377874165835
14.022451499174636	0.01482025653070762
14.0287013812301	0.01686303829379243
14.034951263285564	0.019078926782622574
14.041201145341027	0.021468713839762454
14.047451027396491	0.024033132065459428
14.053700909451955	0.026772275269405066
14.059950791507418	0.029685882882492187
14.066200673562882	0.03277346001537751
14.07870043767381	0.039464520214837595
14.084950319729273	0.043064264266970964
14.091200201784737	0.04682976192917532
14.103699965895665	0.05484601455888871
14.12869949411752	0.07269310422445652
14.134949376172983	0.07749907361502495
14.141199258228447	0.08242960561135515
14.153699022339374	0.09263089126362534
14.17869855056123	0.11414170797535084
14.184529788576295	0.11931776559101115
14.190361026591361	0.12453718619843457
14.202023502621493	0.13506374576666347
14.225348454681756	0.15618305494457352
14.23117969269682	0.16141916697518255
14.237010930711886	0.1666152593144412
14.248673406742018	0.17685141820841865
14.271998358802282	0.1963862327984165
14.277829596817348	0.20101484726282015
14.283660834832414	0.20552740452008278
14.295323310862546	0.21414495137038325
14.301154548877612	0.21823284719143987
14.306985786892678	0.2221625753971419
14.318648262922808	0.2295151599250842
14.324479500937873	0.23292543009715172
14.330310738952939	0.23614713120380482
14.336141976968005	0.23917396137456604
14.34197321498307	0.24200042921167153
14.347804452998137	0.24461724794760764
14.353635691013203	0.24702398869011977
14.359466929028269	0.24921518496326533
14.365298167043335	0.2511889294423457
14.3711294050584	0.25293965125937445
14.376960643073467	0.2544648349196321
14.382791881088533	0.25576399053759347
14.388623119103599	0.2568330311595024
14.394454357118665	0.2576727472518603
14.400285595133731	0.2582828571738587
14.406116833148797	0.258663398676926
14.411948071163861	0.25881645975963785
14.417779309178925	0.2587425090442881
14.423610547193991	0.2584436022066463
14.429441785209058	0.2579226065327309
14.435273023224124	0.2571821897813249
14.44110426123919	0.2562263902004227
14.446935499254256	0.25505934664221774
14.452766737269322	0.25368533462791176
14.458597975284388	0.2521100912626397
14.464429213299454	0.2503390419099567
14.47026045131452	0.24837795222613646
14.476091689329586	0.24623373419653727
14.481922927344652	0.24391249465131093
14.487754165359718	0.2414212302134915
14.493585403374784	0.23876635908838684
14.505247879404916	0.23300040449423087
14.511079117419982	0.22990376376486
14.516910355435048	0.22667846486618926
14.52857283146518	0.21986638812976822
14.551897783525442	0.2050400363035878
14.558219178520517	0.20080503701610075
14.564540573515593	0.19649647285663097
14.577183363505746	0.18770468200897716
14.602468943486052	0.16970254477081137
14.608790338481128	0.16517496151270117
14.615111733476205	0.16065276872032563
14.627754523466356	0.15166448506848118
14.65304010344666	0.13411324686859682
14.659361498441736	0.1298547246917423
14.665682893436813	0.12565720782275758
14.678325683426966	0.11746789789335721
14.70361126340727	0.10202574425129018
14.709932658402344	0.09837596036585872
14.71625405339742	0.0948127117854245
14.728896843387574	0.08795196953465823
14.75418242336788	0.07530598708641034
14.760503818362956	0.07236263484990269
14.766825213358032	0.06950448498525219
14.779468003348185	0.06403602526666119
14.80475358332849	0.05402523902769363
14.811074978323564	0.05170020810067921
14.81739637331864	0.0494408320676476
14.830039163308793	0.04510714304059538
14.8553247432891	0.03710653521092344
14.861646138284176	0.035229181415226574
14.867967533279252	0.03339731080126884
14.880610323269403	0.029861990744378897
14.905895903249707	0.023265635648785032
14.912217298244784	0.021710939485445446
14.91853869323986	0.020192919810106402
14.931181483230013	0.01727369750900165
14.956467063210317	0.011925238180718334
14.962369814164994	0.010780814795934401
14.968272565119673	0.009679712716687883
14.98007806702903	0.007617810232228406
14.985980817983709	0.006662437090150242
14.991883568938388	0.005760141253691398
15.003689070847745	0.004131029038668688
15.009591821802424	0.0034101003397655205
15.015494572757103	0.002756377223819495
15.021397323711781	0.0021730898257081854
15.027300074666458	0.001663667036998162
15.033202825621135	0.0012312243927298239
15.039105576575814	0.0008800680313145737
15.045008327530493	0.000613088428098818
15.050911078485171	0.0004340734944582314
15.05681382943985	0.00034645206817129903
15.062716580394529	0.00035321093231777123
15.068619331349208	0.0004575855931655548
15.074522082303885	0.0006624606178745607
15.080424833258562	0.000970802574475127
15.08632758421324	0.00138523394431056
15.092230335167919	0.0019081136252457886
15.098133086122598	0.0025416356424182718
15.104035837077276	0.003287689179709563
15.109938588031955	0.004147991702085796
15.115841338986634	0.005123804593456627
15.121744089941311	0.006215864208957589
15.127646840895988	0.007425300581700878
15.133549591850667	0.008752471716860666
15.145355093760024	0.011759254737001457
15.151257844714703	0.013437818716537042
15.157160595669382	0.015231632998387923
15.168966097578737	0.019158363650642496
15.174868848533414	0.02128789941186504
15.180771599488093	0.023523226512826234
15.19257710139745	0.028305268120570992
15.19847985235213	0.030842923869012884
15.204382603306808	0.033471734092842986
15.216188105216164	0.038988478836531226
15.239799109034877	0.050909727008640715
15.245701859989556	0.054040076749017674
15.251604610944234	0.057213943619567886
15.26341011285359	0.06367763985821284
15.287021116672303	0.07685114549759742
15.292923867626982	0.08014797055489109
15.29882661858166	0.08343318865444549
15.310632120491016	0.0899341243787346
15.33424312430973	0.1024384105438716
15.34003016489748	0.1053582086834367
15.345817205485229	0.10820612681649444
15.357391286660729	0.1136673603092564
15.363178327248479	0.11626628035487319
15.368965367836228	0.11877038700798725
15.380539449011728	0.12346918992106748
15.386326489599478	0.12565394542477282
15.392113530187228	0.12772266860973025
15.397900570774977	0.1296731099266818
15.403687611362727	0.13149965475823888
15.409474651950477	0.13319916815322186
15.415261692538227	0.1347689759274373
15.421048733125978	0.13620424693680921
15.426835773713728	0.13750483967496396
15.432622814301478	0.13866827564861461
15.43840985488923	0.1396929900433591
15.44419689547698	0.14057919287208753
15.44998393606473	0.14132499776532637
15.45577097665248	0.14193033795722632
15.461558017240229	0.1423955372555663
15.467345057827979	0.14272080986149738
15.473132098415729	0.1429074945326837
15.478919139003478	0.1429566825714843
15.484706179591228	0.14287047791330054
15.490493220178978	0.14265103196674211
15.496280260766728	0.142300666303121
15.502067301354478	0.14182214378384206
15.507854341942227	0.1412189827057163
15.513641382529977	0.1404941675453495
15.519428423117727	0.1396516605360597
15.525215463705477	0.13869551188529272
15.531002504293227	0.13762863095148647
15.536789544880977	0.13645714298728662
15.542576585468726	0.13518589047462637
15.548363626056476	0.13381953216228737
15.554150666644226	0.13236233792278362
15.565724747819726	0.12919980066932946
15.571511788407475	0.12750270958123266
15.577298828995225	0.1257372085891063
15.588872910170725	0.12202360953123736
15.612021072521724	0.11401841460991846
15.617808113109474	0.11192828579207192
15.623595153697224	0.10981346757978716
15.635169234872723	0.10553472097861782
15.658317397223723	0.09690592374713003
15.704613721925723	0.08031437746644365
15.710890919493483	0.07820476099519291
15.717168117061242	0.07613848397760814
15.729722512196762	0.07214779422292872
15.754831302467803	0.06475415130491069
15.761108500035563	0.06303203075222297
15.767385697603324	0.06136191914024225
15.779940092738844	0.058169797791449485
15.805048883009885	0.05234539100372271
15.811326080577645	0.05099610300257629
15.817603278145405	0.04968504022966369
15.830157673280926	0.04716813534268993
15.855266463551967	0.04247773015929468
15.905484044094049	0.03385774582595946
15.911761241661809	0.032802795238127236
15.91803843922957	0.03174624471567622
15.93059283436509	0.029622402998466746
15.95570162463613	0.025303780667604414
15.961978822203891	0.02420872445196809
15.968256019771651	0.02310777914033324
15.980810414907172	0.020891617268683715
16.005919205178213	0.016445849543176183
16.01219640274597	0.015344045303413933
16.018473600313733	0.014251274114786328
16.031027995449254	0.012103729120893858
16.037305193017012	0.011056736834827552
16.043582390584774	0.010032873319836377
16.056136785720295	0.008068480735307082
16.062413983288053	0.007136045301150751
16.068691180855815	0.006242197059459276
16.074968378423577	0.005391746304562073
16.081245575991336	0.004588483330177362
16.087522773559094	0.003837812905693516
16.093799971126856	0.0031432082043042486
16.100077168694618	0.0025092809073458122
16.106354366262376	0.0019399697862695353
16.11221291978974	0.0014708922584228956
16.1180714733171	0.0010650994571069772
16.123930026844462	0.000725914716541487
16.129788580371823	0.0004564508901191422
16.135647133899184	0.0002594335841523687
16.141505687426548	0.00013757043352613518
16.147364240953912	0.00009345241072600263
16.153222794481273	0.00012930501445607145
16.159081348008634	0.0002472869191681992
16.164939901536	0.00044930839061807504
16.170798455063363	0.0007370701560485138
16.176657008590723	0.0011117988868931672
16.182515562118084	0.0015746286554146893
16.18837411564545	0.0021264657007193932
16.194232669172813	0.002767462116543995
16.200091222700173	0.003498065835710107
16.205949776227534	0.004318276298826973
16.2118083297549	0.0052276110469212655
16.217666883282263	0.0062260395804705215
16.223525436809624	0.0073115947974464746
16.229383990336984	0.008482951165407204
16.23524254386435	0.009739095103731166
16.246959650919074	0.012496095142175756
16.252818204446434	0.013992115286818207
16.2586767579738	0.015563353219513631
16.270393865028524	0.018917260039939765
16.293828079137974	0.026363813710540973
16.299686632665335	0.02835472701498143
16.3055451861927	0.03038795073364553
16.317262293247424	0.03456346763888224
16.340696507356874	0.04318692302695071
16.346555060884235	0.04536909752106305
16.3524136144116	0.047550344850703696
16.364130721466324	0.051885374856238675
16.38756493557577	0.060290803809131155
16.393423489103135	0.062305400944837885
16.399282042630496	0.06427540509595031
16.410999149685217	0.06805641279028901
16.416857703212578	0.06985946015307587
16.422716256739943	0.07159670286302133
16.434433363794668	0.07486517807786497
16.44029191732203	0.07638619151579218
16.446150470849393	0.07782785445088575
16.452009024376757	0.07918514794329701
16.457867577904118	0.08045728077839193
16.46372613143148	0.081640167080067
16.469584684958843	0.08273324280247046
16.475443238486207	0.08373365526912718
16.481301792013568	0.08464007868011197
16.487650502520943	0.08551452662944492
16.493999213028314	0.08627549201796475
16.500347923535685	0.08692213825475248
16.50669663404306	0.08745449246581688
16.513045344550434	0.08787258942290649
16.519394055057806	0.08817736735807014
16.525742765565177	0.08836965637631466
16.53209147607255	0.08845087230627907
16.538440186579926	0.088423446775307
16.544788897087297	0.08828890131955308
16.55113760759467	0.08805013607443324
16.557486318102043	0.08770953104928492
16.563835028609414	0.08727144335961118
16.570183739116786	0.08673934245784548
16.57653244962416	0.08611676275356295
16.58288116013153	0.08540904720249848
16.589229870638903	0.08462013935394719
16.595578581146277	0.0837543336340133
16.60827600216102	0.08181013834462098
16.614624712668395	0.08074281204503048
16.620973423175766	0.07962070624074935
16.63367084419051	0.07722902622642769
16.640019554697886	0.07597074306773505
16.646368265205258	0.07467545945665055
16.659065686220003	0.07200537139358199
16.684460528249495	0.06648557046544451
16.69080923875687	0.06509585563612769
16.69715794926424	0.06371244657848552
16.709855370278987	0.060978285108349906
16.73525021230848	0.05574618756625849
16.741598922815854	0.05450529047757591
16.747947633323225	0.05329656833200369
16.76064505433797	0.050982693350253405
16.78603989636746	0.0467990998852435
16.79238860687483	0.04585026064166253
16.798737317382205	0.044939957438157485
16.811434738396947	0.04323207235969978
16.817783448904322	0.04243236629680025
16.824132159411693	0.04166732937320172
16.83682958042644	0.04023450142436574
16.843178290933814	0.03956304125532911
16.849527001441185	0.03891850366976185
16.86222442245593	0.03770087943557776
16.887619264485423	0.03547524660310003
16.893852264625867	0.0349556815075075
16.90008526476631	0.03444208909047103
16.9125512650472	0.03341865487417939
16.937483265608975	0.03131410179352029
16.94371626574942	0.03076398167188943
16.949949265889863	0.03019849561929494
16.96241526617075	0.029016643300561418
16.98734726673253	0.026412709850441196
16.993580266872975	0.02570689207801713
16.999813267013423	0.02497834093141804
17.01227926729431	0.02344984841739811
17.037211267856087	0.020138238460385316
17.08707526897964	0.012848778130479188
17.093308269120083	0.011923623747036594
17.099541269260527	0.01100609283369336
17.112007269541415	0.00920912935848689
17.11824026968186	0.008337185926446555
17.124473269822303	0.0074878649302629885
17.13693927010319	0.005872902422285442
17.143172270243635	0.005115229757488959
17.14940527038408	0.004396041961998776
17.155638270524523	0.0037191574372963943
17.161871270664967	0.003088443397940066
17.16810427080541	0.002507548408761884
17.174337270945855	0.001980104961126661
17.180570271086303	0.0015093420492173215
17.186803271226747	0.0010987216577341141
17.19303627136719	0.0007513288922690875
17.19926927150764	0.00047006649890712904
17.205502271648083	0.0002576155075985076
17.211735271788527	0.00011639238326732748
17.21796827192897	0.00004856587334861606
17.224201272069415	0.00005604114189217135
17.23043427220986	0.00014047895752028472
17.236667272350303	0.00030325394269892225
17.242900272490747	0.0005453398749957761
17.24913327263119	0.0008675005665231272
17.255366272771635	0.0012701435471064726
17.26159927291208	0.001753019975091863
17.267832273052523	0.0023161536065386956
17.274065273192967	0.0029588294182888997
17.28029827333341	0.0036801250565351995
17.286531273473855	0.004479341477102994
17.2923456295739	0.00529285287205733
17.298159985673948	0.006171270941642382
17.30978869787404	0.008112145705623297
17.315603053974087	0.009170942898221845
17.321417410074133	0.01028531875245331
17.333046122274226	0.012671896940740723
17.338860478374272	0.013937268280694914
17.34467483447432	0.015246320704697558
17.35630354667441	0.01797888207278875
17.379560971074596	0.023807214044579583
17.385375327174643	0.02531700412555765
17.39118968327469	0.02683638022735252
17.40281839547478	0.02989666939444202
17.426075819874967	0.035976515272167275
17.431890175975013	0.037461090112350104
17.43770453207506	0.03892365163188688
17.449333244275152	0.041767161898267735
17.47259066867534	0.047018477370476985
17.47840502477539	0.048219210804712365
17.484219380875437	0.049368961555282864
17.490033736975484	0.05046455744103928
17.49584809307553	0.05150468444079831
17.501662449175576	0.05248607614736128
17.507476805275623	0.053406744355267655
17.519105517475715	0.055057218368371574
17.52491987357576	0.05578373654263097
17.530734229675808	0.05644310112294387
17.536548585775854	0.057034372301475456
17.5423629418759	0.05755698404075088
17.548177297975947	0.058010369913150006
17.553991654075993	0.05839422466865729
17.55980601017604	0.05870878253895312
17.565620366276086	0.0589540220334242
17.571434722376132	0.05913087106374315
17.57724907847618	0.059239974531288264
17.583063434576225	0.059281958885350816
17.58887779067627	0.059258784781604845
17.594692146776318	0.05917176009773828
17.600506502876364	0.05902208170991258
17.60632085897641	0.05881285206084924
17.612135215076457	0.05854482203948075
17.617949571176503	0.05822131909379097
17.62376392727655	0.05784314961275616
17.629578283376595	0.057414169685853444
17.635392639476642	0.05693672677951811
17.641206995576688	0.05641325513582163
17.647021351676734	0.05584834351154255
17.658650063876827	0.05460270848707127
17.664954576956884	0.0538688276261699
17.67125909003694	0.05310045788240941
17.683868116197054	0.05147483602702141
17.70908616851728	0.047987474572359246
17.715390681597338	0.04708936000390179
17.721695194677395	0.046188560197397144
17.734304220837508	0.04439621151181439
17.759522273157735	0.04093372788124072
17.765826786237792	0.040110291039592405
17.77213129931785	0.03931054792817712
17.784740325477962	0.03778686946660542
17.79104483855802	0.0370655170313397
17.797349351638076	0.03637361563400976
17.80995837779819	0.03508153754246218
17.816262890878246	0.0344843567034715
17.822567403958303	0.03391921196429304
17.82887191703836	0.033386727702235275
17.835176430118416	0.0328855387126476
17.841480943198473	0.03241642002614775
17.84778545627853	0.03197806204533471
17.860394482438643	0.03119081389462519
17.8666989955187	0.03083940315960715
17.873003508598757	0.03051399648631742
17.879308021678813	0.030212832792737898
17.88561253475887	0.029933882635894082
17.891917047838927	0.029675121130650073
17.898221560918984	0.029434383710199907
17.910830587079097	0.028997284522168654
17.917135100159154	0.028795860532389694
17.92343961323921	0.028603306905560955
17.936048639399324	0.028230733569699185
17.94235315247938	0.02804498492392027
17.948657665559438	0.027857043041987495
17.96126669171955	0.027462582241292777
17.967571204799608	0.027251057069713758
17.973875717879665	0.027026741117328723
17.98018023095972	0.026787197537038954
17.986484744039778	0.026529154279149647
17.992789257119835	0.026251646802081474
17.99909377019989	0.02595293770080298
18.011702796360005	0.02528564549451684
18.018007309440062	0.024913264467593454
18.02431182252012	0.024514569082859927
18.030616335600175	0.024085572168311475
18.036920848680232	0.023629148636262753
18.04322536176029	0.023142232070308022
18.049529874840346	0.022627468341921808
18.06213890100046	0.021509499022572598
18.068024770040118	0.020948029873133878
18.073910639079777	0.020361901567675533
18.085682377159095	0.019120082622744283
18.10922585331773	0.016398613806952567
18.11511172235739	0.015676502194244823
18.12099759139705	0.014941916623158635
18.132769329476368	0.013444975717961383
18.156312805635004	0.01040569967664462
18.162198674674663	0.009651824278136767
18.168084543714322	0.008906058668140593
18.17985628179364	0.007450818374532653
18.1857421508333	0.006747143432616565
18.191628019872958	0.006063385919186759
18.203399757952276	0.004767048193389356
18.209285626991935	0.004160411318254731
18.215171496031594	0.003585234011327154
18.221057365071253	0.00304433090467765
18.226943234110912	0.0025403093643476815
18.23282910315057	0.0020757078337590995
18.23871497219023	0.001653006113228106
18.24460084122989	0.0012744458537749526
18.250486710269545	0.0009422791979417089
18.2563725793092	0.0006584903453920599
18.26225844834886	0.00042492978987096475
18.26814431738852	0.0002433550231096815
18.274030186428178	0.00011524540789953353
18.279916055467837	0.00004192028693444927
18.285801924507496	0.000024445784061133402
18.291687793547155	0.00006380548319989687
18.297573662586814	0.0001605765429314454
18.303459531626473	0.0003154865097400039
18.309345400666132	0.0005286488593931882
18.31523126970579	0.0008000929071625973
18.32111713874545	0.0011297457625293328
18.32700300778511	0.0015167979670104303
18.332888876824768	0.0019610436324537517
18.338774745864427	0.0024614688212556413
18.344660614904086	0.0030170343666766075
18.350546483943745	0.003626589561486593
18.356432352983404	0.004288521397257217
18.368204091062722	0.005761930150636391
18.37408996010238	0.006569370163185401
18.37997582914204	0.0074211270123684114
18.39174756722136	0.009247585390098373
18.397633436261017	0.010216779954465433
18.403519305300676	0.011219720036171998
18.415291043379995	0.013311803265781436
18.43883451953863	0.017754683376982272
18.444604678211363	0.018876803821509636
18.45037483688409	0.020003815071516495
18.46191515422955	0.02226293285162695
18.484995788920475	0.02670534602504887
18.490765947593204	0.027780643715736936
18.496536106265935	0.02883385627596674
18.5080764236114	0.03086731805822962
18.51384658228413	0.03184190735296963
18.51961674095686	0.03278406172728926
18.53115705830232	0.034562769861003206
18.53692721697505	0.03539306547141216
18.54269737564778	0.036182036638276766
18.54846753432051	0.03692762809416175
18.55423769299324	0.03762732982638317
18.560007851665972	0.03828152570412946
18.565778010338704	0.03888709944229221
18.571548169011436	0.039443427884847254
18.577318327684164	0.03994916460052328
18.583088486356893	0.040403713722184875
18.588858645029624	0.04080647131095683
18.594628803702356	0.041157168873503736
18.60039896237509	0.041455644015032794
18.60616912104782	0.041702005273257015
18.61193927972055	0.04189632892797898
18.617709438393277	0.04203917910235411
18.62347959706601	0.0421309374640044
18.62924975573874	0.0421723714669123
18.63501991441147	0.04216493738119101
18.640790073084197	0.04210895617875379
18.64656023175693	0.04200631021872542
18.65233039042966	0.04185853402784051
18.658100549102393	0.04166740242164854
18.663870707775125	0.04143445214885394
18.669640866447853	0.04116130057991768
18.67541102512058	0.04085082507842078
18.681181183793313	0.04050451244244019
18.686951342466045	0.040123680013683855
18.692721501138777	0.039711975988041104
18.69849165981151	0.039271554058266184
18.704261818484238	0.03880584254846217
18.715802135829698	0.03780449697504451
18.72157229450243	0.03727571505694435
18.727342453175158	0.03672900890972486
18.73888277052062	0.03559980173771346
18.76196340521154	0.03326583737618993
18.76773356388427	0.03268004071436856
18.773503722557	0.03209839223994679
18.78504403990246	0.0309560758871546
18.808124674593383	0.028816033757814496
18.814384990246126	0.02827736429746805
18.820645305898864	0.027761945673058563
18.826905621551607	0.027269584645021383
18.83316593720435	0.026803363573206812
18.839426252857088	0.02636293419394828
18.84568656850983	0.02595015991126265
18.85820719981531	0.025206580186950628
18.86446751546805	0.024877263175182907
18.870727831120792	0.024576269446883514
18.876988146773535	0.024304409205124694
18.883248462426273	0.02406011237620309
18.889508778079012	0.023842931804325923
18.895769093731754	0.02365176788508397
18.902029409384497	0.02348599222692499
18.908289725037235	0.023344226821923608
18.914550040689974	0.023225181886300156
18.920810356342717	0.023127407500933395
18.92707067199546	0.023049026824005198
18.933330987648198	0.022988392642717653
18.93959130330094	0.022943209810333903
18.945851618953682	0.02291158211895955
18.95211193460642	0.022891119668534965
18.958372250259163	0.022879539429670026
18.964632565911906	0.022874644536788558
18.970892881564644	0.02287428692618343
18.977153197217387	0.022874650172526906
18.98341351287013	0.022876325786732626
18.989673828522868	0.022873960841105295
18.99593414417561	0.022866591931125835
19.002194459828353	0.022850072578363495
19.00845477548109	0.022823956271526225
19.01471509113383	0.0227852044952791
19.020975406786572	0.022731518534547857
19.027235722439315	0.022661312881369355
19.033496038092053	0.02257233015298926
19.039756353744792	0.02246274726451758
19.046016669397535	0.02232929841344622
19.052276985050277	0.02217185268929439
19.058537300703016	0.021988646390350003
19.064797616355754	0.021780344242329386
19.071057932008497	0.021543522441362012
19.07731824766124	0.021277773902995734
19.083578563313978	0.020983238015259087
19.08983887896672	0.020657058685427415
19.096099194619462	0.02030119504323033
19.108619825924944	0.019500454603139483
19.114880141577686	0.0190552543942252
19.121140457230425	0.0185810350058645
19.13366108853591	0.017548429943846644
19.139921404188648	0.016992266634398928
19.14618171984139	0.016412413439571588
19.15870235114687	0.01518583686936309
19.16496266679961	0.014543183990726266
19.171222982452353	0.013883161063440591
19.183743613757834	0.012522712826435023
19.208784876368796	0.009714416525270192
19.21462654798114	0.009057514087706137
19.22046821959348	0.008405156677094017
19.232151562818167	0.007124047388837623
19.237993234430512	0.006500641375945776
19.243834906042853	0.005891978385363927
19.25551824926754	0.004729020929522265
19.261359920879883	0.004179674562394042
19.267201592492224	0.0036550177169444864
19.273043264104565	0.00315741293591143
19.27888493571691	0.002689165621642703
19.284726607329254	0.0022524197092035347
19.2905682789416	0.0018492763338006923
19.296409950553944	0.0014817188482339205
19.302251622166285	0.0011515482677724176
19.308093293778626	0.0008605167579606721
19.31393496539097	0.0006101610273053226
19.319776637003315	0.0004019887983823245
19.32561830861566	0.00023725728590992534
19.331459980228004	0.00011711405571562805
19.337301651840345	0.000042492893446932634
19.343143323452686	0.000014157030489625466
19.34898499506503	0.00003269117322649007
19.354826666677376	0.00009853028034151334
19.360668338289717	0.00021205630366943895
19.366510009902058	0.00037318920508130904
19.372351681514402	0.0005817986576753809
19.378193353126747	0.000837610316294729
19.384035024739088	0.0011397794011768492
19.38987669635143	0.00148802736385506
19.395718367963774	0.0018812396236201345
19.40156003957612	0.002319008800570871
19.40740171118846	0.002799287853780169
19.4132433828008	0.0033212441711049923
19.419085054413145	0.003882856821177977
19.42492672602549	0.004482306689016585
19.43076839763783	0.005117803387904962
19.442451740862516	0.006490041702496674
19.44829341247486	0.007221961577912744
19.454135084087202	0.00798185724878897
19.465818427311888	0.009572626173971033
19.48918511376126	0.012966383023053335
19.495026785373604	0.013842865712379415
19.500868456985945	0.014725055164337114
19.51255180021063	0.01649233020043045
19.53591848666	0.01996407442937989
19.541760158272346	0.020801906786538454
19.547601829884687	0.02162230758268993
19.559285173109373	0.02320031054814367
19.565126844721718	0.02395300747754789
19.570968516334062	0.02467972299715593
19.582651859558748	0.026042722341521884
19.58917291819447	0.026747040381408488
19.59569397683019	0.027406920867129897
19.60221503546591	0.028021191507212856
19.60873609410163	0.028587773183616744
19.61525715273735	0.0291061851987586
19.621778211373073	0.029573632531029376
19.628299270008796	0.029989697631444323
19.634820328644516	0.030352993956023006
19.641341387280235	0.030663454221013686
19.64786244591596	0.030920768040528762
19.65438350455168	0.031125046073678775
19.6609045631874	0.03127664453316159
19.66742562182312	0.03137606169733337
19.673946680458844	0.03142439581904444
19.680467739094567	0.031422384707442325
19.686988797730287	0.03137146113104697
19.693509856366006	0.03127293353986613
19.70003091500173	0.031129050362328187
19.706551973637453	0.03094155099865234
19.713073032273172	0.03071310385146303
19.719594090908892	0.03044576554366818
19.72611514954461	0.030142378522447028
19.73263620818033	0.02980525498548886
19.739157266816054	0.029436347179043226
19.745678325451777	0.029040096522682052
19.752199384087497	0.028618272530723216
19.765241501358936	0.027714845410096
19.79132573590182	0.025744938707406156
19.79784679453754	0.025237294426580348
19.804367853173265	0.024731134937341248
19.817409970444707	0.02373046180387589
19.823931029080427	0.023240209987148458
19.83045208771615	0.02276211915050927
19.843494204987593	0.02185059658102184
19.850015263623312	0.021421141831762636
19.856536322259036	0.021011595110040304
19.86305738089476	0.020624258167138393
19.86957843953048	0.020259984112613538
19.876099498166198	0.01992058501809449
19.882620556801918	0.019606948300736976
19.889141615437637	0.01932094401441034
19.89566267407336	0.019061716273377882
19.902183732709084	0.018830731029838732
19.908704791344803	0.01862744233621083
19.915225849980523	0.018451955773867212
19.921746908616242	0.018304350166317762
19.928267967251962	0.018184407236559064
19.934789025887685	0.01809110160341104
19.94131008452341	0.018023402430690588
19.947831143159128	0.01798008058858988
19.954352201794848	0.017960003548946696
19.96087326043057	0.01796166919436637
19.967394319066294	0.01798350296292056
19.973915377702014	0.01802356325066143
19.980436436337733	0.0180798007830002
19.986957494973456	0.018150673880298784
19.99347855360918	0.018233416271008468
19.9999996122449	0.01832574807633905