1.000000387755102	0.15413870123596984
1.005827640490633	0.1604389618672699
1.0116548932261638	0.16683941729067753
1.0233093986972257	0.17987866406422448
1.0466184096393492	0.20643835001425392
1.05244566237488	0.21307740990976187
1.0582729151104109	0.2196808732641755
1.0699274205814726	0.23270957134708814
1.093236431523596	0.25754902872796004
1.0990636842591268	0.26339816689021145
1.1048909369946578	0.2690652350975222
1.1165454424657195	0.2797779523685011
1.1223726952012503	0.2847850895029449
1.1281999479367812	0.28953350904367436
1.139854453407843	0.2981779902788606
1.1456817061433737	0.3020359947492177
1.1515089588789047	0.30555953039718364
1.1573362116144357	0.3087305077144218
1.1631634643499664	0.31153142335089656
1.1689907170854972	0.31394547573387843
1.1748179698210282	0.315956496394862
1.1806452225565591	0.31754967061602546
1.1864724752920899	0.3187109155586638
1.1922997280276206	0.3194278009554168
1.1981269807631516	0.31968906903488215
1.2039542334986826	0.31948512862460854
1.2097814862342133	0.3188080511453095
1.215608738969744	0.31765178212718626
1.221435991705275	0.3160121267974829
1.227263244440806	0.31388720038377516
1.2330904971763368	0.3112770565646179
1.2389177499118675	0.30818431170891936
1.2447450026473985	0.30461404017683735
1.2505722553829295	0.3005729744435057
1.2563995081184602	0.29607262019369696
1.262226760853991	0.29112388421662105
1.268054013589522	0.2857438841234434
1.2797085190605837	0.27376182692015316
1.2855357717961144	0.2672043661777801
1.2913630245316454	0.2603028921563295
1.3030175300027071	0.24558450353944217
1.3263265409448306	0.2134167174044661
1.3321537936803614	0.2050198297776058
1.3379810464158923	0.19655822573479753
1.349635551886954	0.1796007241427482
1.3729445628290775	0.14661758540866066
1.3792619725446187	0.1381222720536015
1.3855793822601599	0.1298910324087963
1.3982142016912422	0.11434716782501964
1.4045316114067834	0.1070865155345051
1.4108490211223246	0.10019335140951746
1.4234838405534072	0.08756058769310027
1.4298012502689486	0.0818350101987142
1.4361186599844897	0.07650532740316462
1.442436069700031	0.07156857757623847
1.448753479415572	0.06701793722678406
1.4550708891311133	0.06284437290817291
1.4613882988466544	0.059035950680076166
1.4677057085621956	0.0555793496420347
1.4740231182777368	0.0524597666967912
1.480340527993278	0.04966150160661087
1.4866579377088192	0.047168855150484745
1.4929753474243603	0.0449653922712705
1.4992927571399015	0.043035670497543865
1.5056101668554427	0.041364292758804044
1.5119275765709839	0.039936779236546815
1.518244986286525	0.038739705555434156
1.5245623960020662	0.03776045846560949
1.5308798057176074	0.03698764664647847
1.5371972154331486	0.0364104235458651
1.5435146251486898	0.036020029800476916
1.549832034864231	0.03580822415865503
1.5561494445797721	0.03576773761341068
1.5624668542953133	0.035892587065340376
1.5687842640108545	0.0361781214251482
1.5751016737263959	0.036619950744146035
1.5814190834419373	0.03721526851135648
1.5877364931574784	0.03796228304273441
1.5940539028730196	0.03885955276163067
1.6003713125885608	0.03990769939443828
1.606688722304102	0.04110767276279992
1.6130061320196432	0.042461591988501635
1.6193235417351843	0.043973106396742345
1.6256409514507255	0.04564565918824748
1.6319583611662667	0.047486519931564164
1.6382757708818079	0.04950189389924242
1.644593180597349	0.05169958709453315
1.6509105903128902	0.05408758622654952
1.6572280000284314	0.056677016008751746
1.6635454097439726	0.05947820553513372
1.676180229175055	0.06576199523391413
1.6824976388905961	0.0692671168414436
1.6888150486061373	0.07303097507154543
1.6951324583216785	0.07706373103567543
1.7014498680372196	0.0813757177608525
1.7077672777527608	0.08597573736027497
1.714084687468302	0.09087003878090716
1.7267195068993846	0.10155814010697162
1.733036916614926	0.10735366743659203
1.7393543263304672	0.11344567669176131
1.7519891457615495	0.12648719893917093
1.7772587846237142	0.1555806797428163
1.7831575502988577	0.16283600141672538
1.789056315974001	0.17022072201380745
1.8008538473242877	0.18527773780497014
1.824448910024861	0.21579750172100098
1.8303476757000046	0.22335605900564426
1.8362464413751478	0.2308342868971578
1.8480439727254345	0.24545935764191995
1.871639035426008	0.2728092467043508
1.8775378011011514	0.2791496447734545
1.8834365667762947	0.28526129811459455
1.8952340981265814	0.2967450151774411
1.9011328638017249	0.3020924573649375
1.907031629476868	0.3071601239501729
1.9188291608271548	0.3164045835576359
1.9247279265022983	0.32055462927946055
1.9306266921774415	0.32437089359972315
1.9365254578525848	0.32783807654551644
1.9424242235277283	0.3309408916316898
1.9483229892028717	0.33366258015199257
1.9542217548780152	0.3359872836823121
1.9601205205531587	0.3378973239502252
1.966019286228302	0.3393769702948011
1.9719180519034452	0.34041081658933203
1.9778168175785886	0.3409826912550753
1.983715583253732	0.3410816936005596
1.9896143489288756	0.3406941959542156
1.995513114604019	0.3398116645213616
2.0014118802791625	0.3384271813563249
2.0073106459543055	0.33653106564708013
2.013209411629449	0.3341316726499306
2.0191081773045925	0.33122770482344066
2.0250069429797355	0.32782108012371225
2.030905708654879	0.3239218840868987
2.0368044743300224	0.31955355283401143
2.042703240005166	0.31470621159289713
2.0486020056803094	0.30941021151951587
2.060399537030596	0.2975525410515423
2.0662983027057393	0.29103358006252833
2.0721970683808824	0.2841641469008249
2.0839945997311693	0.269484838307009
2.1075896624317427	0.2372466789200467
2.1547797878328896	0.16899478589068373
2.160562843141104	0.16093591608991087
2.166345898449319	0.15304412801217238
2.177912009065749	0.1378638449725904
2.183695064373964	0.13062117729527634
2.189478119682179	0.12363752342789436
2.201044230298609	0.11051292128191204
2.206827285606824	0.10439914970335007
2.212610340915039	0.09859790763157994
2.218393396223254	0.0931160976780201
2.2241764515314686	0.08795793436080812
2.229959506839683	0.08312529186293904
2.235742562147898	0.07861738043300681
2.247308672764328	0.07056240831520455
2.253091728072543	0.06700362540334925
2.258874783380758	0.06374672556517202
2.264657838688973	0.060782130370856446
2.270440893997188	0.05809939253427876
2.276223949305403	0.05568636202515442
2.282007004613618	0.05353112623748135
2.287790059921833	0.05162090314395096
2.2935731152300476	0.049944033204771365
2.299356170538262	0.04848706674917125
2.305139225846477	0.04723796941734193
2.310922281154692	0.04618431987231242
2.316705336462907	0.04531540239300513
2.322488391771122	0.04461946484922663
2.328271447079337	0.0440874488421259
2.334054502387552	0.04370944724389503
2.339837557695767	0.043476991062924686
2.345620613003982	0.04338310612707197
2.351403668312197	0.0434209398581995
2.357186723620412	0.04358506427852982
2.362969778928627	0.043871051947907524
2.368752834236842	0.04427834318511881
2.374535889545057	0.04480210424140374
2.380318944853272	0.04544343517475502
2.3861020001614865	0.04620424579644622
2.391885055469701	0.047085734548859115
2.397668110777916	0.048093122059153615
2.403451166086131	0.04923128223030915
2.409234221394346	0.050507087794992245
2.415017276702561	0.0519285877268052
2.420800332010776	0.05350620283822405
2.426583387318991	0.05525083518168383
2.432366442627206	0.057173798987135704
2.438149497935421	0.0592878860033057
2.443932553243636	0.061606437428322725
2.449715608551851	0.06414313484857903
2.455498663860066	0.06691320325138195
2.461281719168281	0.06992832273148064
2.467064774476496	0.07320321323949797
2.4786308850929255	0.08058035113858697
2.48441394040114	0.08470509456611852
2.490196995709355	0.08913266264488895
2.49598005101757	0.09386965967512095
2.501763106325785	0.0989214026361136
2.507546161634	0.10429155336563811
2.513329216942215	0.10997952343314044
2.524895327558645	0.12229762753833695
2.5311685398468704	0.1294889593149633
2.5374417521350954	0.1370217824411073
2.5499881767115458	0.1530359518191582
2.575081025864447	0.18809546565421975
2.581354238152672	0.1972923378429119
2.5876274504408974	0.20658227019594255
2.600173875017348	0.22526489937347316
2.625266724170249	0.2617710098309658
2.6315399364584744	0.27046010240562435
2.6378131487466994	0.27889113016852196
2.6503595733231498	0.29484242310714004
2.656632785611375	0.30230052783480055
2.6629059978996006	0.3093817899820541
2.675452422476051	0.3223344747957837
2.681725634764276	0.3281801711747905
2.6879988470525014	0.3335945069426738
2.6942720593407268	0.3385750216614647
2.700545271628952	0.34312188280093414
2.7068184839171776	0.3472382141087631
2.7130916962054026	0.35092942986997677
2.7193649084936276	0.35420176745197596
2.725638120781853	0.35706360731819853
2.7319113330700784	0.3595225743915682
2.7381845453583034	0.3615853959570816
2.7444577576465283	0.36325637467863503
2.7507309699347537	0.36454101233161706
2.757004182222979	0.365439670804232
2.7632773945112046	0.36595230371550924
2.76955060679943	0.36607355493078675
2.775823819087655	0.365793941822786
2.78209703137588	0.36510814613983866
2.7883702436641054	0.3640032120405676
2.7946434559523308	0.3624665291878477
2.800916668240556	0.36048221936459557
2.8071898805287816	0.35803202819108915
2.8134630928170066	0.35510665570646793
2.8197363051052315	0.3516868017906649
2.826009517393457	0.34775587366670324
2.8322827296816824	0.3433092463915748
2.8385559419699073	0.3383365379946648
2.8448291542581323	0.3328348155723404
2.8511023665463577	0.3268080785230696
2.857375578834583	0.32025953357007575
2.8636487911228086	0.3132042867545852
2.876195215699259	0.29764409595285946
2.882468427987484	0.28919007201686453
2.8887416402757093	0.2803371091559028
2.90128806485216	0.26159073922773635
2.926380914005061	0.22135930099535406
2.9322354822528887	0.21174554589796113
2.938090050500716	0.20214791912127517
2.949799186996371	0.1831881794141368
2.955653755244198	0.1739189321534087
2.9615083234920254	0.1648480184154768
2.9732174599876804	0.14745659240592168
2.9790720282355077	0.13920713997615186
2.9849265964833354	0.13129608887370736
2.9907811647311626	0.12374866544254992
2.99663573297899	0.11658644141703256
3.0024903012268176	0.10982648564993669
3.008344869474645	0.10348189456679613
3.0200540059703	0.0920699473507951
3.0259085742181275	0.08700875006315956
3.031763142465955	0.08237539913244252
3.037617710713782	0.07816407828628069
3.0434722789616098	0.07436697510383938
3.049326847209437	0.0709731573163852
3.0551814154572643	0.0679692695137386
3.061035983705092	0.06533883812714869
3.0668905519529193	0.06306680161549583
3.0727451202007465	0.06113335650464613
3.0785996884485742	0.059519564352388254
3.0844542566964015	0.058203719699616574
3.0903088249442288	0.05716517919826103
3.0961633931920565	0.05638305945746902
3.1020179614398837	0.05583071552316676
3.107872529687711	0.05548818036885761
3.1137270979355387	0.05532849813352536
3.1195816661833664	0.055328711010692366
3.1254362344311937	0.055463459395581616
3.131290802679021	0.05570986838348002
3.1371453709268486	0.05604110229009018
3.142999939174676	0.05643394343156105
3.148854507422503	0.05686186304109864
3.160563643918158	0.05773888862715415
3.1664182121659854	0.0581429775314839
3.172272780413813	0.058501256601082297
3.1781273486616404	0.058793882863519276
3.1839819169094676	0.059009410662726136
3.1898364851572953	0.05913805000409411
3.1956910534051226	0.05917401431508473
3.20154562165295	0.05911517262495103
3.2074001899007776	0.058968175713710824
3.213254758148605	0.058739166669095955
3.219109326396432	0.05844635510644336
3.22496389464426	0.05810845361343908
3.230818462892087	0.057755387590964435
3.2366730311399143	0.05741946607369197
3.242527599387742	0.057141493500079577
3.2483821676355693	0.05696902690737726
3.2542367358833966	0.0569532094054912
3.2600913041312243	0.057150953885073186
3.2659458723790515	0.057624807525627375
3.271800440626879	0.05843974290411902
3.2776550088747065	0.05966314362657377
3.2835095771225338	0.06136783335975027
3.289364145370361	0.0636222369320314
3.2952187136181887	0.06649675868147975
3.301073281866016	0.07006061664742402
3.3074180070938537	0.07477472201817914
3.313762732321692	0.08045010083081117
3.3201074575495295	0.08715548731938094
3.326452182777367	0.09494857518811228
3.332796908005205	0.10387578915990048
3.3391416332330426	0.11397016968641926
3.3454863584608803	0.1252473840013142
3.351831083688718	0.13771248724599028
3.3581758089165556	0.15134719178729883
3.3645205341443933	0.16612007370220772
3.377209984600069	0.19885667611361146
3.383554709827907	0.21666446765304492
3.389899435055745	0.23530050440491612
3.4025888855114204	0.2745648879906173
3.408933610739258	0.29491397122535323
3.4152783359670957	0.31553270414572765
3.427967786422771	0.35691795537227167
3.434312511650609	0.37733280394089297
3.4406572368784465	0.39732936236203376
3.4533466873341223	0.4353647716380067
3.45969141256196	0.45306943264281196
3.466036137789798	0.4696903544183155
3.472380863017636	0.4850868085270128
3.4787255882454735	0.4991307186022662
3.485070313473311	0.5117113944948088
3.491415038701149	0.5227377014102861
3.4977597639289866	0.5321362710867654
3.5041044891568243	0.5398552681721918
3.510449214384662	0.5458636711967442
3.5167939396124996	0.550151253756415
3.5231386648403373	0.5527310059156316
3.529483390068175	0.5536326097731905
3.5358281152960127	0.5529084060652965
3.5421728405238504	0.5506254953294256
3.5485175657516885	0.5468685056824443
3.554862290979526	0.5417395814132671
3.561207016207364	0.5353427415879213
3.567551741435202	0.5278025403594433
3.5738964666630397	0.5192436149317619
3.5802411918908774	0.5097951051423628
3.586585917118715	0.49959022367513617
3.592930642346553	0.48875887258893025
3.605620092802228	0.4657249298220201
3.611964818030066	0.45375682263140504
3.6183095432579035	0.44163717798718904
3.6309989937135794	0.4173086509846846
3.6563778946249306	0.37028413141781824
3.6627226198527683	0.3591460008241434
3.669067345080606	0.3483036327965716
3.6817567955362813	0.3275368116073252
3.7071356964476325	0.2894526185588573
3.713364711308542	0.280713453684573
3.7195937261694514	0.27217110515740917
3.73205175589127	0.25559921718623624
3.7569678153349066	0.22403816439779822
3.763196830195816	0.2164109651153865
3.769425845056725	0.20887932143840304
3.781883874778544	0.1941061853214361
3.806799934222181	0.16590769757448376
3.8130289490830904	0.1592018259319068
3.8192579639439996	0.15266072882041692
3.8317159936658185	0.14013376121580334
3.837945008526728	0.13417799767380467
3.8441740233876374	0.12844949188774146
3.856632053109456	0.11773098955773342
3.862861067970365	0.11277378855895126
3.869090082831274	0.10810042119958974
3.8753190976921834	0.10372921722364392
3.881548112553093	0.09967091295355601
3.8877771274140027	0.09594079899799901
3.894006142274912	0.09255378215202015
3.900235157135821	0.08952168010027606
3.9064641719967304	0.08685815046352596
3.9126931868576396	0.08457696577594209
3.9189222017185488	0.0826867901189865
3.925151216579458	0.08120291856784512
3.9313802314403676	0.08013495235981782
3.9376092463012773	0.07949189562557768
3.9438382611621865	0.07928376576775698
3.9500672760230957	0.07951520956966185
3.956296290884005	0.08019288156172522
3.962525305744914	0.08131825135135573
3.9687543206058233	0.0828942589835231
3.9749833354667325	0.08491525510482978
3.981212350327642	0.08738310942158067
3.987441365188552	0.09028764495743724
3.993670380049461	0.09362178508110697
3.9998993949103703	0.09737417599630582
4.0061284097712795	0.10153390769981341
4.012357424632189	0.10608526309429855
4.018586439493099	0.11101335434531467
4.031044469214917	0.12193173545161207
4.037273484075826	0.12788710306343587
4.043502498936736	0.13415231751041912
4.055960528658554	0.14754629091303562
4.062189543519463	0.15464576562384957
4.0684185583803725	0.161998389813649
4.080876588102191	0.17742570631919863
4.105792647545829	0.2110366999940081
4.11160301836634	0.21940085689475008
4.117413389186851	0.22796900727187586
4.129034130827874	0.2457335642471694
4.15227561410992	0.2838755935241446
4.198758580674012	0.37012813520288645
4.204568951494523	0.38159698105069406
4.210379322315035	0.39313292239154185
4.222000063956058	0.4162554203978681
4.227810434776569	0.4277572703702166
4.233620805597081	0.43915778032886355
4.245241547238104	0.46145125736592485
4.251051918058615	0.4722385735591583
4.256862288879127	0.4827132188694816
4.26848303052015	0.5025031632953532
4.274293401340661	0.5117094559475248
4.280103772161173	0.5203858698022121
4.285914142981684	0.5284823365950597
4.291724513802196	0.5359521811848564
4.297534884622707	0.5427500587177243
4.303345255443219	0.5488390896674256
4.30915562626373	0.5541828014535981
4.314965997084242	0.5587522808466527
4.320776367904753	0.5625230683272933
4.326586738725265	0.5654775364594777
4.332397109545776	0.5676033665602973
4.338207480366288	0.5688940531346822
4.344017851186799	0.5693466837423098
4.349828222007311	0.5689688686587457
4.355638592827822	0.5677705628162775
4.361448963648334	0.5657714779563126
4.367259334468845	0.5629893220217839
4.373069705289357	0.5594520211598617
4.378880076109868	0.5551903729319898
4.38469044693038	0.5502377931755524
4.390500817750891	0.5446333069947746
4.396311188571403	0.5384171222664027
4.402121559391914	0.531631005420584
4.407931930212426	0.5243217337323305
4.413742301032937	0.5165278839747107
4.419552671853449	0.5082983684921523
4.431173413494472	0.4907198128690071
4.436983784314983	0.4814582218103678
4.442794155135495	0.4719381265977356
4.454414896776518	0.45228528959393755
4.477656380058563	0.4115727507228688
4.483956907859085	0.4004228348328276
4.490257435659606	0.38929188062970477
4.50285849126065	0.36720243969408095
4.5280606024627374	0.3243841360829016
4.534361130263259	0.3140743205890395
4.540661658063781	0.30395201164285934
4.553262713664824	0.2843185850568646
4.578464824866911	0.2477592900518455
4.584765352667433	0.23922850991071787
4.591065880467955	0.2309529330140303
4.603666936068999	0.21518973875745884
4.609967463869521	0.20771264771647324
4.616267991670043	0.20050974885959505
4.628869047271086	0.18694911164536387
4.6351695750716075	0.1806007441146824
4.641470102872129	0.1745467671448413
4.6477706306726505	0.16879349888780926
4.654071158473172	0.16334550770817957
4.660371686273694	0.15821140419516233
4.666672214074216	0.15339774999504874
4.67927326967526	0.144770047391102
4.685573797475782	0.14097409136589922
4.691874325276304	0.13753903339286655
4.698174853076826	0.13447323587229
4.704475380877348	0.13179238950679784
4.71077590867787	0.12950888368651947
4.717076436478392	0.12763322685681988
4.723376964278913	0.1261804472445367
4.729677492079435	0.12516508235178048
4.735978019879957	0.12459789661969323
4.742278547680478	0.12449047922608703
4.748579075481	0.12485581837795312
4.7548796032815215	0.1257022873048932
4.761180131082043	0.12704055912373935
4.767480658882565	0.1288770935193444
4.773781186683087	0.13121805882452353
4.780081714483609	0.1340672098642992
4.786382242284131	0.1374284093015774
4.792682770084653	0.14130091100757003
4.798983297885175	0.14568422410710014
4.805283825685697	0.15057559057622338
4.811584353486219	0.1559708452194437
4.817884881286741	0.1618647883403277
4.830485936887784	0.1751206951644626
4.836786464688306	0.1824658434415829
4.843086992488827	0.19027825136408083
4.8556880480898705	0.2072672229479826
4.8619885758903925	0.216425051436687
4.868289103690914	0.2260122262476978
4.880890159291958	0.24644095789552445
4.8867720430520825	0.2565334171769216
4.892653926812207	0.2669708204223653
4.904417694332454	0.28885273641799003
4.92794522937295	0.33643493104718614
4.933827113133074	0.34907393028764977
4.939708996893199	0.3619877878383986
4.951472764413446	0.3885821923059227
4.975000299453942	0.44430384774167964
4.980882183214066	0.4586198910381776
4.986764066974191	0.4730297845566134
4.998527834494438	0.501986496308795
5.022055369534934	0.5592719531047425
5.027937253295058	0.57318800105049
5.033819137055183	0.586839713921627
5.04558290457543	0.6131356818926172
5.051464788335554	0.6256717559522316
5.057346672095678	0.6377281108928479
5.069110439615926	0.6601916919849513
5.07499232337605	0.6704981447207321
5.0808742071361745	0.6801244981881345
5.086756090896298	0.6890275592484718
5.092637974656422	0.6971677262864522
5.098519858416546	0.704508999950817
5.10440174217667	0.7110177925022261
5.110283625936794	0.7166693168165863
5.116165509696918	0.7214419092299691
5.122047393457042	0.7253187788889854
5.1279292772171665	0.7282863375183695
5.13381116097729	0.7303428316991942
5.139693044737414	0.7314839539528917
5.145574928497538	0.7317168224286865
5.151456812257662	0.7310482531893081
5.157338696017786	0.7295025232266008
5.16322057977791	0.7270874164322843
5.169102463538034	0.7238350241694027
5.1749843472981585	0.7197700923677273
5.180866231058282	0.7149297909438461
5.186748114818406	0.709342780475164
5.19262999857853	0.7030542353075795
5.198511882338654	0.6960989438374021
5.210275649858902	0.6803657660992357
5.216157533619025	0.6716772690814947
5.22203941737915	0.6625015432165018
5.233803184899397	0.6428691579553796
5.257330719939893	0.5997315969639363
5.263096893333088	0.5886126309190987
5.268863066726285	0.5773537465056355
5.280395413512675	0.5545497731907645
5.303460107085458	0.5086400950906862
5.309226280478653	0.4972517691645155
5.314992453871849	0.4859434498962747
5.32652480065824	0.4636417181695238
5.349589494231022	0.4207274898902469
5.3553556676242176	0.41042313190870416
5.361121841017413	0.40030936906287806
5.372654187803804	0.3806791677795154
5.395718881376586	0.34399311347409434
5.401485054769782	0.33538805140301875
5.407251228162977	0.3270188904051059
5.4187835749493685	0.3110081529265818
5.4418482685221505	0.28203780881807106
5.447614441915346	0.2754698516970544
5.453380615308541	0.26918473524455244
5.459146788701737	0.2631943012583706
5.464912962094933	0.2575096045297167
5.470679135488128	0.2521405436400519
5.476445308881324	0.24709545912227604
5.482211482274519	0.24239312554723913
5.487977655667715	0.2380424162908028
5.49374382906091	0.23406229360416564
5.499510002454105	0.23046182354081868
5.5052761758473014	0.2272592399875224
5.511042349240497	0.22447108465981191
5.516808522633692	0.22211203331101448
5.522574696026888	0.22019596717839462
5.5283408694200835	0.21874216541839964
5.534107042813279	0.21776004720099618
5.539873216206474	0.21726694234618105
5.545639389599669	0.21727673803984704
5.551405562992866	0.21780125356533997
5.557171736386061	0.21885154990320466
5.562937909779256	0.22044068213062307
5.568704083172452	0.22257282459020278
5.574470256565648	0.22526053486418807
5.580236429958843	0.22850648339341273
5.586002603352038	0.23231793841091353
5.5917687767452335	0.23669762619919865
5.59753495013843	0.2416478238417401
5.603301123531625	0.2471698878287265
5.60906729692482	0.25326121755430453
5.6148334703180165	0.2599225654370372
5.626365817104407	0.2749410726155901
5.632622147477613	0.2840250227813179
5.6388784778508185	0.2937600173368118
5.65139113859723	0.3151503692184914
5.657647468970436	0.3267888902722689
5.663903799343641	0.3390431498125892
5.676416460090054	0.3653576884034493
5.6826727904632595	0.37939597389160795
5.688929120836466	0.39400482889939337
5.7014417815828775	0.42488240792727705
5.7264671030757	0.4928151960533427
5.732723433448906	0.5109694691853806
5.738979763822112	0.5295421322460392
5.751492424568524	0.5678207272894653
5.776517746061348	0.6478517693415347
5.826568389046995	0.8101821723048204
5.8328247194202	0.82942803065413
5.839081049793407	0.848199610139285
5.851593710539818	0.884023511159346
5.857850040913024	0.9009301685855178
5.86410637128623	0.917073563864899
5.876619032032641	0.946807588452562
5.882875362405847	0.9602771371132794
5.889131692779053	0.9727410300987831
5.895388023152259	0.9841540543353515
5.901644353525465	0.9944729282459317
5.907900683898671	1.0036655879309855
5.914157014271877	1.0116982632195004
5.920413344645083	1.0185550569285553
5.926669675018289	1.0242204199003195
5.9329260053914945	1.0286894230359014
5.9391823357647	1.031960919889653
5.945438666137906	1.0340356829021662
5.951694996511112	1.0349400563582831
5.957951326884317	1.0346894411135192
5.964207657257523	1.0333084550914524
5.97046398763073	1.0308367783474859
5.976720318003935	1.0273014469792452
5.982976648377141	1.0227552318855269
5.989232978750348	1.0172404092024783
5.9954893091235535	1.0108071251361705
6.001745639496759	1.003507628057796
6.008001969869965	0.9953993323474135
6.014258300243171	0.9865382695405076
6.026770960989582	0.9667868464203693
6.03260864732239	0.95674957881167
6.038446333655198	0.9462569451837339
6.050121706320814	0.9240811020207742
6.073472451652046	0.876180533312966
6.12017394231451	0.7742954499527235
6.126011628647318	0.7615408351959854
6.131849314980126	0.748850540294864
6.143524687645742	0.7237259519660331
6.166875432976974	0.6748380348589587
6.213576923639439	0.5844555281796122
6.219414609972247	0.5740038318797724
6.225252296305056	0.5637716665970762
6.236927668970672	0.544009944345814
6.24276535530348	0.534518988285023
6.248603041636288	0.5252969601014694
6.260278414301904	0.5077565366492642
6.266116100634712	0.49947586324437765
6.27195378696752	0.4915590230346707
6.277791473300328	0.4840162863051569
6.283629159633136	0.4768810476687726
6.289466845965944	0.47017653736146325
6.295304532298752	0.4639285063651801
6.30114221863156	0.45817242140999515
6.3069799049643684	0.4529234541216969
6.3128175912971765	0.4482166435594195
6.3186552776299845	0.44407873834187495
6.3244929639627925	0.4405351478883688
6.3303306502956005	0.4376180885602494
6.3361683366284085	0.4353445605862776
6.3420060229612165	0.4337428538752599
6.3478437092940245	0.43283804184456365
6.3536813956268325	0.4326478116628243
6.3595190819596406	0.4331965800791284
6.365356768292449	0.4344978525938288
6.371194454625257	0.4365703899939204
6.377032140958065	0.43942755589825033
6.382869827290873	0.4430824961506641
6.388707513623681	0.44754453494588553
6.394545199956489	0.45282348779238024
6.400382886289297	0.45892524098923637
6.406710729602115	0.4664746181551749
6.4130385729149335	0.47500198482152545
6.419366416227752	0.48450744203671103
6.42569425954057	0.4949945904753612
6.432022102853389	0.5064604622416677
6.438349946166207	0.5189022191383605
6.451005632791844	0.5466980931904857
6.457333476104663	0.5620416917335396
6.463661319417481	0.5783371323294064
6.476317006043118	0.6137522415881911
6.482644849355936	0.6328497699864117
6.488972692668755	0.6528573439179386
6.501628379294391	0.6955380841611118
6.507956222607209	0.7181750017924955
6.514284065920027	0.7416471872768291
6.526939752545664	0.790990539040707
6.552251125796937	0.8983080276112974
6.602873872299485	1.1357953037252733
6.609201715612303	1.1662439172484529
6.615529558925122	1.1965737041035265
6.628185245550759	1.2564953078311811
6.634513088863577	1.2858914045533458
6.6408409321763955	1.3147795435563365
6.6534966188020315	1.3706462810299875
6.65982446211485	1.3974312863376346
6.6661523054276675	1.4233340534831367
6.678807992053304	1.4721447123429376
6.685135835366123	1.494898923351398
6.691463678678941	1.5164503577860513
6.704119365304578	1.5557355768349295
6.7104472086173965	1.5733626347159282
6.716775051930215	1.5895978692511026
6.723102895243033	1.6044009913815067
6.729430738555852	1.617766803670861
6.73575858186867	1.6296725010786446
6.742086425181489	1.640119956351036
6.748414268494307	1.649112046071652
6.754742111807126	1.656662304524505
6.761069955119944	1.6627916278059933
6.7673977984327625	1.6675283565840244
6.773725641745581	1.6709147585657007
6.780053485058399	1.6729796588179964
6.786381328371218	1.6737730567764242
6.792709171684036	1.6733472652313042
6.799037014996854	1.6717573540323194
6.805364858309672	1.6690645019124748
6.811576991255562	1.6653978772477958
6.817789124201452	1.6607816622714209
6.824001257147342	1.6552746170892778
6.830213390093231	1.6489372852301862
6.8364255230391215	1.641829684187119
6.842637655985011	1.6340064275857777
6.855061921876791	1.6164474310552208
6.861274054822681	1.606819306143441
6.867486187768571	1.5966939635233057
6.879910453660351	1.575135127795285
6.904758985443911	1.5279086190987767
6.910971118389801	1.5154386414987
6.917183251335691	1.5027563124621208
6.9296075172274705	1.4768318602255963
6.95445604901103	1.4231525976466628
7.00415311257815	1.3104526538658696
7.01036524552404	1.2960297278981283
7.01657737846993	1.2815607790555665
7.02900164436171	1.2526273570156334
7.05385017614527	1.1954616307436927
7.06006230909116	1.1815248351121763
7.06627444203705	1.1678130908361917
7.0786987079288295	1.1412637926474574
7.084910840874719	1.1285390775558675
7.0911229738206085	1.1162512449941158
7.103547239712388	1.0932142732335333
7.109759372658278	1.082586679553316
7.115971505604168	1.0726391435411777
7.122183638550058	1.063426723158372
7.128395771495947	1.0550087388117078
7.134607904441838	1.047443168979422
7.140820037387727	1.0407845635808854
7.147032170333617	1.0350911107782252
7.153244303279507	1.0304127995446688
7.159456436225398	1.0267973729578106
7.165668569171287	1.0242922514093333
7.171880702117177	1.0229392665328447
7.178092835063067	1.022777695302052
7.1843049680089575	1.0238471063801473
7.190517100954847	1.0261815107653085
7.1967292339007365	1.0298119388169908
7.202941366846627	1.0347682022064237
7.208734855752119	1.040602364905327
7.2145283446576105	1.0476357017548725
7.220321833563103	1.0558822924996747
7.226115322468595	1.0653622665260212
7.231908811374087	1.0760887687180798
7.2377023002795795	1.0880732769712242
7.243495789185071	1.1013340137711154
7.249289278090563	1.11588821361382
7.255082766996056	1.1317423039437635
7.260876255901548	1.1489149672074799
7.266669744807039	1.1674054820614952
7.272463233712532	1.1872308039881414
7.278256722618024	1.2084013960357751
7.284050211523516	1.2309189406026722
7.2956371893345	1.2800308091013033
7.301430678239992	1.3066222044900737
7.307224167145485	1.3345724775411014
7.318811144956468	1.394531131316496
7.324604633861961	1.42652483915999
7.330398122767453	1.4598331358232084
7.341985100578437	1.5303341704982394
7.347778589483929	1.5674688331003601
7.353572078389421	1.605818861579369
7.3651590562004055	1.6859829268827475
7.388333011822374	1.858686417098827
7.394126500727865	1.9040587614529105
7.399919989633357	1.950156625217689
7.411506967444342	2.0441804279023916
7.43468092306631	2.236878193445989
7.4404744119718025	2.285430194275623
7.446267900877294	2.33392298595461
7.457854878688279	2.4303018300061563
7.481028834310247	2.617746614389926
7.486822323215739	2.662922702413333
7.492615812121231	2.7072492898122764
7.504202789932215	2.7930247709696747
7.509996278837708	2.834331896378206
7.5157897677431995	2.874496340412401
7.527376745554184	2.9511969514839524
7.533170234459676	2.987650919401519
7.538963723365168	3.022794997097545
7.550550701176152	3.0890588719053103
7.556344190081644	3.120159450847547
7.562137678987137	3.149899667852605
7.57372465679812	3.205338773731377
7.5800083026836225	3.233178137028357
7.586291948569125	3.2594935413800314
7.592575594454628	3.2843198067003776
7.59885924034013	3.3077039640054426
7.605142886225632	3.3296919224137316
7.611426532111135	3.3503308283842763
7.62399382388214	3.387797542096399
7.630277469767642	3.4047396786114064
7.636561115653144	3.4205642576538455
7.6428447615386474	3.435326007013435
7.64912840742415	3.449080554041169
7.655412053309652	3.461880603677537
7.661695699195155	3.4737731720211755
7.6742629909661595	3.4950154497168935
7.680546636851662	3.5044381858162215
7.686830282737164	3.513104114929421
7.693113928622667	3.52103219018988
7.699397574508169	3.5282448705364136
7.7056812203936715	3.534758361687656
7.711964866279175	3.5405706901859446
7.718248512164677	3.5456815644837576
7.724532158050179	3.5500912742388167
7.730815803935681	3.5537809141417966
7.737099449821184	3.556755993108288
7.743383095706686	3.5589748935622065
7.749666741592188	3.5604245704535504
7.75595038747769	3.5610785090751715
7.7622340333631925	3.5609078336417657
7.768517679248696	3.5599071037549574
7.774801325134198	3.558020488726097
7.7810849710197	3.5552337070693376
7.787368616905203	3.5515141718111476
7.793652262790705	3.546844602232733
7.799935908676208	3.541227849784434
7.80621955456171	3.5346251850756243
7.812503200447212	3.527028433881231
7.818786846332714	3.518439286558314
7.825070492218217	3.508875564736499
7.831354138103719	3.4983451293486905
7.837637783989221	3.4868685112368656
7.850205075760226	3.4611809878477278
7.856488721645729	3.4470715292358456
7.862772367531232	3.432184024647956
7.875339659302236	3.4003511954790753
7.8816233051877385	3.383546912054898
7.887906951073241	3.3662744413356247
7.900474242844246	3.330700488803382
7.925608826386256	3.2583320046281496
7.931892472271758	3.2406365345976518
7.93817611815726	3.223328500471581
7.950743409928266	3.190343451230536
7.957027055813768	3.1748840578517186
7.963310701699271	3.160272615625768
7.969594347584773	3.1466168095856553
7.9758779934702755	3.134031009077429
7.98174299531538	3.12334268600053
7.9876079971604845	3.113745296959374
7.99347299900559	3.10534035024177
7.9993380008506945	3.098215467355482
8.005203002695799	3.0924579930424283
8.011068004540904	3.088141188426915
8.016933006386008	3.085331799037613
8.022798008231113	3.084131051846187
8.028663010076219	3.084622991175827
8.034528011921322	3.086888541418837
8.040393013766426	3.091016625566292
8.046258015611532	3.0970798825547945
8.052123017456637	3.105168824025135
8.05798801930174	3.115373054865479
8.063853021146844	3.127791079092363
8.06971802299195	3.1425110149904185
8.075583024837055	3.1596134784097547
8.081448026682159	3.1791843064507503
8.087313028527262	3.201327724652069
8.093178030372368	3.2261288035541558
8.099043032217473	3.2536848690014857
8.104908034062577	3.28407572938446
8.11077303590768	3.317382689533119
8.116638037752786	3.3536954023373973
8.122503039597891	3.3930858811691422
8.128368041442995	3.4356300313559984
8.134233043288098	3.481393430375899
8.140098045133204	3.530434649085434
8.14596304697831	3.5828005849543665
8.151828048823413	3.6385362097037444
8.163558052513622	3.7602383381873583
8.169423054358727	3.82623727562906
8.175288056203831	3.895670866151475
8.18701805989404	4.0447674948845584
8.192883061739145	4.124364303038938
8.19874806358425	4.207259746391458
8.210478067274458	4.382670045142472
8.216343069119564	4.475010950256088
8.222208070964667	4.570299960113557
8.233938074654876	4.769233193852749
8.257398082035296	5.1965858126239155
8.2632630838804	5.308620825569548
8.269128085725505	5.422393787020134
8.280858089415716	5.65442291717406
8.304318096796134	6.131335103221577
8.35123811155697	7.100123804413013
8.357593270382086	7.23009731023857
8.3639484292072	7.359424381579707
8.37665874685743	7.615895738261235
8.40207938215789	8.119439260246686
8.45292065275881	9.094463033199798
8.459275811583925	9.21436973742027
8.46563097040904	9.334023383833971
8.47834128805927	9.572728813653452
8.503761923359729	10.048147525534374
8.554603193960649	10.98184641577675
8.560958352785764	11.09502365423205
8.567313511610879	11.206912018457015
8.580023829261108	11.426114621090898
8.605444464561568	11.841051349628138
8.611799623386684	11.938795688420402
8.618154782211798	12.033794061124981
8.630865099862028	12.214987619948356
8.637220258687144	12.300869967137237
8.643575417512258	12.383437881278653
8.656285735162488	12.5383285487533
8.662640893987604	12.610508852311531
8.668996052812718	12.67912696722795
8.675351211637832	12.74416819652337
8.681706370462948	12.805646026305766
8.688061529288063	12.863600054624287
8.694416688113177	12.91809068178144
8.707127005763407	13.017036229569939
8.713482164588523	13.061721171257307
8.719837323413637	13.103378798594255
8.726192482238751	13.142198233141393
8.732547641063867	13.178353181341095
8.738902799888983	13.212057742357187
8.745257958714097	13.243514070871115
8.757968276364327	13.300506512276465
8.764207724822514	13.32612254608078
8.7704471732807	13.350472737401054
8.782926070197073	13.396423014932825
8.78916551865526	13.418518734423712
8.795404967113445	13.440377695322587
8.807883864029819	13.484518268714098
8.814123312488006	13.507311909810394
8.820362760946193	13.530954481335938
8.826602209404378	13.555741719874735
8.832841657862565	13.581976123928783
8.839081106320752	13.609924809002088
8.845320554778937	13.639871325451672
8.85779945169531	13.706965084389623
8.864038900153497	13.744736232534834
8.870278348611684	13.785731635764787
8.87651779706987	13.83025542821478
8.882757245528056	13.878623570434183
8.888996693986243	13.93116484623193
8.895236142444428	13.988200114264686
8.907715039360802	14.117055425237943
8.91395448781899	14.18952364420997
8.920193936277176	14.2677846916656
8.926433384735361	14.352157626873616
8.932672833193548	14.442962808517699
8.938912281651735	14.540505059030284
8.94515173010992	14.645097388966501
8.957630627026294	14.876520780160934
8.963870075484481	15.00389120871412
8.970109523942668	15.13934579709851
8.98258842085904	15.435438220325196
8.988827869317227	15.596409458153229
8.995067317775412	15.76617392097975
9.007546214691786	16.132527007577274
9.013785663149973	16.329219545393876
9.02002511160816	16.534932666502083
9.032504008524532	16.97308076713531
9.057461802357277	17.95295224700758
9.063701250815464	18.218215167616407
9.069940699273651	18.49100855183652
9.082419596190023	19.057823592092184
9.10737739002277	20.264929694521054
9.157292977688263	22.87601281026195
9.163113782106052	23.190457892751475
9.16893458652384	23.506070787632858
9.180576195359418	24.140301696365814
9.203859413030571	25.418728227788982
9.250425848372881	28.028746410587342
9.3435587190575	33.85258030414592
9.349379523475289	34.2570279124341
9.355200327893076	34.66631032870518
9.366841936728655	35.49869671217454
9.390125154399808	37.21057642073521
9.436691589742118	40.727772553839515
9.442512394159907	41.166045111081026
9.448333198577696	41.602126785630205
9.459974807413273	42.46561751733989
9.483258025084428	44.14371531147119
9.529824460426736	47.21909136066134
9.536135421824536	47.60239678912094
9.542446383222334	47.97757463361404
9.555068306017933	48.70398809259059
9.580312151609128	50.06825028629175
9.630799842791522	52.54074851028426
9.63711080418932	52.83628665167823
9.643421765587119	53.130686443525185
9.656043688382717	53.71807893463044
9.681287533973913	54.899179163050384
9.731775225156305	57.33868222913904
9.738086186554103	57.650763705852434
9.744397147951902	57.963615004738564
9.7570190707475	58.58993496733967
9.782262916338697	59.829491706308026
9.788573877736496	60.13287734250203
9.794884839134294	60.43221162176632
9.807506761929893	61.015550095637934
9.832750607521088	62.09830150037798
9.839061568918886	62.34680148474646
9.845372530316686	62.584856340731996
9.851683491714486	62.81175360322844
9.857994453112283	63.02680596585161
9.864305414510083	63.229343192857385
9.870616375907883	63.418764911988575
9.87692733730568	63.59451006381691
9.88323829870348	63.75608234766534
9.88954926010128	63.90307091372529
9.895860221499078	64.03510578363905
9.902171182896877	64.15190090205144
9.908482144294677	64.25325698959773
9.914793105692475	64.33900504365924
9.921104067090274	64.4090334249665
9.927415028488074	64.46337844776976
9.933725989885872	64.50215169415125
9.939618307243272	64.52442063235718
9.945510624600674	64.53341137223244
9.951402941958076	64.52930970392917
9.957295259315476	64.5124339593291
9.963187576672876	64.4831034351633
9.969079894030278	64.44170362126549
9.97497221138768	64.38866797240281
9.98086452874508	64.3244161745499
9.98675684610248	64.2494017986698
9.992649163459882	64.16415945319704
9.998541480817284	64.06922178421037
10.004433798174684	63.965148960254105
10.010326115532086	63.852523482637864
10.016218432889488	63.731878828334935
10.02800306760429	63.46891347859486
10.033895384961692	63.32776017088242
10.039787702319092	63.180938118399965
10.051572337033896	62.8724141917229
10.0751416064635	62.21011441679489
10.122280145322708	60.79098863016577
10.128172462680109	60.609327935729816
10.13406478003751	60.42696322963104
10.145849414752313	60.05991821242214
10.169418684181919	59.312771959206536
10.17531100153932	59.12195159725718
10.18120331889672	58.92899284658317
10.192987953611524	58.535195637606265
10.216557223041129	57.705481279776066
10.222449540398529	57.486973495232164
10.22834185775593	57.26322405247315
10.240126492470733	56.798375585099365
10.263695761900337	55.78919608299583
10.269588079257737	55.518487804592134
10.275480396615139	55.2398473450261
10.287265031329941	54.65784036955633
10.310834300759547	53.39288622397949
10.316610907750018	53.06203790358314
10.322387514740491	52.72307281259067
10.333940728721437	52.02141560655266
10.357047156683329	50.528959606374194
10.40326001260711	47.2619697830867
10.495685724454674	40.377942214737374
10.501462331445147	39.95939024955847
10.50723893843562	39.54359226329796
10.518792152416566	38.72043774312235
10.541898580378456	37.107677883008535
10.588111436302238	33.99058124124841
10.680537148149801	27.839309029519555
10.686803912120283	27.41574347848499
10.693070676090766	26.991487546373477
10.705604204031733	26.1417073272778
10.730671259913667	24.445129556941918
10.73693802388415	24.02364025638908
10.743204787854634	23.604003724516822
10.755738315795599	22.772036359779754
10.78080537167753	21.14964198857864
10.787072135648014	20.75524981579526
10.793338899618497	20.36616705210471
10.805872427559462	19.605464922162795
10.830939483441394	18.16309528224486
10.837206247411878	17.82052505649609
10.843473011382361	17.485577485825534
10.856006539323326	16.839041962234425
10.881073595205258	15.641196488885079
10.887340359175742	15.361553809469868
10.893607123146225	15.089715772772625
10.90614065108719	14.56899536982311
10.931207706969122	13.615092044829709
10.937474470939605	13.393814804444016
10.943741234910089	13.179003969571887
10.956274762851054	12.768006577573036
10.981341818732986	12.014849158859118
10.98760858270347	11.839812857417868
10.993875346673953	11.66974374405472
11.006408874614918	11.343906237222608
11.0126756385854	11.187886865929777
11.018942402555883	11.03631313241743
11.03147593049685	10.746100707672603
11.037742694467333	10.607304913402515
11.044009458437817	10.472618553047912
11.056542986378783	10.215344658791349
11.081610042260715	9.74798475316286
11.0874581621908	9.647795304099198
11.093306282120885	9.550891325304864
11.105002521981056	9.36681959578674
11.110850641911142	9.279584269288428
11.116698761841226	9.195503949080571
11.128395001701396	9.03661389478642
11.134243121631481	8.961717075087488
11.140091241561567	8.889786445948616
11.151787481421737	8.75457363867153
11.15763560135182	8.69117992792657
11.163483721281906	8.63049473966938
11.175179961142078	8.51697920997455
11.181028081072164	8.464020207852057
11.18687620100225	8.413456088061182
11.198572440862419	8.319310827717405
11.204420560792503	8.275558863804596
11.210268680722589	8.233910307955897
11.22196492058276	8.156638230252764
11.227813040512846	8.12085002224617
11.233661160442932	8.086866840661239
11.245357400303101	8.023982496128722
11.251205520233185	7.994943315817874
11.25705364016327	7.9674105023871835
11.268749880023442	7.916554214151308
11.274597999953528	7.893076608317909
11.280446119883614	7.870819203151008
11.292142359743783	7.829640413997227
11.297990479673867	7.810575578109184
11.303838599603953	7.792417658584672
11.315534839464124	7.758496783112635
11.32138295939421	7.742577410119802
11.327231079324296	7.727230984833886
11.338927319184466	7.697899690165624
11.362319798904807	7.641903979312797
11.368167918834892	7.627844770995287
11.374016038764978	7.613538337343247
11.385712278625148	7.583700538598071
11.391560398555232	7.567926722395562
11.397408518485317	7.551416220721157
11.409104758345489	7.515675554466608
11.414952878275574	7.496192874930157
11.420800998205658	7.47546463468791
11.426649118135742	7.453365911339265
11.432497238065828	7.42975947930052
11.438345357995914	7.404552747615844
11.444193477926	7.3775937624749215
11.45588971778617	7.318021121523794
11.462227994696264	7.28232364915689
11.46856627160636	7.244095464443847
11.474904548516456	7.203186542832073
11.481242825426552	7.159509150269654
11.487581102336648	7.112958967186618
11.493919379246742	7.063480213849239
11.506595933066933	6.9554119227790405
11.512934209977029	6.896745343449501
11.519272486887125	6.834960253893879
11.531949040707316	6.701980293324219
11.53828731761741	6.630827733547164
11.544625594527506	6.556603756340909
11.557302148347699	6.399181454532053
11.563640425257795	6.316129168371164
11.569978702167889	6.230299742945091
11.58265525598808	6.050754273108678
11.608008363628462	5.6637184203025885
11.658714578909226	4.812605877050544
11.665052855819322	4.702256158782657
11.671391132729418	4.591583285661983
11.684067686549609	4.36989963575974
11.709420794189992	3.9293646999675165
11.715759071100088	3.8206302550812428
11.722097348010182	3.712707222405454
11.734773901830373	3.499774916292491
11.760127009470756	3.0885541693587406
11.76646528638085	2.9893722042695963
11.772803563290946	2.8918126781832783
11.785480117111138	2.7019314056918677
11.81083322475152	2.3452349865515423
11.817171501661615	2.2612870096354847
11.823509778571712	2.1795742296098126
11.836186332391902	2.023104365444002
11.861539440032285	1.7396043431484838
11.867762006575452	1.6763285323968748
11.87398457311862	1.61562791786978
11.886429706204954	1.5020602051285135
11.892652272748121	1.449270021019652
11.898874839291288	1.3991675303131679
11.911319972377623	1.3071026826089156
11.91754253892079	1.2651588768058133
11.923765105463957	1.2259434103757023
11.929987672007124	1.1894560154586067
11.936210238550292	1.155695616772901
11.942432805093459	1.1246297823480216
11.948655371636626	1.096252668138673
11.954877938179791	1.0705370671489316
11.961100504722959	1.047451718495438
11.967323071266126	1.0269658962978987
11.973545637809291	1.0090406108322494
11.979768204352458	0.9936308315954037
11.985990770895626	0.980692397126953
11.992213337438793	0.9701738577623686
11.99843590398196	0.9620236674908664
12.004658470525127	0.9561877545736852
12.010881037068295	0.9526036013832222
12.017103603611462	0.9512120998643372
12.023326170154629	0.9519488107498688
12.029548736697796	0.9547509354903436
12.035771303240963	0.9595533826628007
12.04199386978413	0.9662861115419119
12.048216436327298	0.9748807708752771
12.054439002870465	0.9852681691925955
12.060661569413632	0.9973769136448016
12.0668841359568	1.011135439130248
12.073106702499967	1.0264721443069664
12.079329269043134	1.0433126541387079
12.085551835586301	1.0615832902616145
12.091774402129468	1.0812088136652047
12.097996968672636	1.102113280557468
12.11044210175897	1.1474488258565998
12.116664668302137	1.1717221664771724
12.122887234845305	1.1969590675505035
12.135332367931639	1.249992808572662
12.160222634104306	1.3639007207965346
12.166445200647473	1.3934918607271793
12.172667767190639	1.4233460823198918
12.185112900276973	1.4834572266482535
12.210003166449642	1.6025529036181299
12.21622573299281	1.6315165726141885
12.222448299535976	1.6599534884530058
12.23489343262231	1.7148399122475997
12.241115999165478	1.7410991930556126
12.247338565708645	1.7664345802866128
12.25978369879498	1.8139877621852518
12.26558762129775	1.8345741963207738
12.271391543800519	1.8540542533661082
12.277195466303288	1.8723640382774986
12.282999388806058	1.8894336827457003
12.288803311308827	1.9052162525501473
12.294607233811597	1.9196482680997056
12.300411156314365	1.9326819636828052
12.306215078817134	1.9442751241206695
12.312019001319904	1.9543802876617224
12.317822923822671	1.9629672017150641
12.32362684632544	1.969998767957514
12.32943076882821	1.9754543328407896
12.33523469133098	1.9793139515495373
12.34103861383375	1.9815610134080526
12.346842536336519	1.982186145014504
12.352646458839288	1.981185092920656
12.358450381342058	1.978560743207816
12.364254303844827	1.9743194499122252
12.370058226347597	1.9684732793122706
12.375862148850366	1.961039663540883
12.381666071353136	1.952039700402489
12.387469993855905	1.941501863474695
12.393273916358673	1.929455784530104
12.399077838861443	1.915937384733108
12.404881761364212	1.9009857794529017
12.41068568386698	1.8846437673994103
12.41648960636975	1.8669574297840237
12.422293528872519	1.847975702567644
12.428097451375288	1.8277504068824628
12.433901373878058	1.8063349887789801
12.445509218883597	1.7601615834385278
12.451313141386366	1.7355167687238842
12.457117063889136	1.7099155663456669
12.468724908894675	1.656081538742094
12.491940598905751	1.5395978017412029
12.538371978927906	1.2845651443868613
12.544175901430675	1.2516965426678395
12.549979823933445	1.2187716729888818
12.561587668938982	1.1529453351437438
12.584803358950058	1.0225881235579601
12.631234738972212	0.7753802714789053
12.637528818454992	0.7439418339982646
12.64382289793777	0.7131144182263682
12.65641105690333	0.6533949353862809
12.66270513638611	0.6245634769183281
12.66899921586889	0.5964546492183693
12.68158737483445	0.5425018782650843
12.68788145431723	0.5167033020469463
12.69417553380001	0.4917206062448054
12.706763692765568	0.44427969060636663
12.713057772248348	0.42185807340381487
12.719351851731126	0.40032523915531026
12.731940010696686	0.359987645750774
12.738234090179466	0.34120950339550227
12.744528169662246	0.3233770529413649
12.750822249145024	0.30650075671983146
12.757116328627804	0.2905921289826239
12.763410408110584	0.2756590496836724
12.769704487593362	0.26171472679205987
12.782292646558922	0.2368147362706603
12.788586726041702	0.2258737105161588
12.794880805524482	0.2159458755887913
12.801174885007262	0.20703735050916716
12.807468964490042	0.19915089544664433
12.813763043972822	0.19229109992636761
12.820057123455602	0.18645761659547144
12.82635120293838	0.18165296849727586
12.83264528242116	0.17787635867982043
12.83893936190394	0.17512645677487448
12.845233441386718	0.17340028303043553
12.851527520869498	0.17269330666749472
12.857821600352278	0.17300016039822363
12.864115679835058	0.17431329651265948
12.870409759317837	0.1766234881424147
12.876703838800617	0.1799187254680401
12.882997918283397	0.18418668048382347
12.889291997766177	0.1894120006617639
12.895586077248957	0.19557656193024275
12.901880156731735	0.20265987732392166
12.908174236214515	0.21063987218955127
12.914468315697295	0.2194924962332001
12.920762395180073	0.22918962771709328
12.933350554145633	0.2509911087546035
12.939644633628413	0.26302722041088344
12.945938713111193	0.2757697205197047
12.958526872076751	0.3032059291742195
12.98370319000787	0.3645576448499579
12.98999726949065	0.3809429751593649
12.996291348973429	0.39763005186371103
13.008879507938989	0.43168197064006986
13.034055825870107	0.5007374662100439
13.03993126131249	0.5166945927717208
13.04580669675487	0.5324826353876073
13.057557567639634	0.5633457037831091
13.063433003082016	0.5783204407031031
13.069308438524398	0.5929249405874666
13.081059309409161	0.6208415997645442
13.086934744851543	0.6340661713627167
13.092810180293924	0.6467406677810574
13.098685615736306	0.6588341878435324
13.104561051178688	0.6703074976042243
13.11043648662107	0.6811283256057554
13.116311922063453	0.6912643913192009
13.122187357505833	0.7006929933292301
13.128062792948215	0.7093873347460056
13.133938228390598	0.7173266358856836
13.139813663832978	0.7244944826294994
13.14568909927536	0.7308766682207577
13.151564534717743	0.7364631628111273
13.157439970160125	0.7412461933373673
13.163315405602507	0.7452223811429279
13.169190841044887	0.7483902216474623
13.17506627648727	0.750753964897215
13.180941711929652	0.7523172134049374
13.186817147372032	0.7530896312875077
13.192692582814415	0.7530826637837977
13.198568018256797	0.7523093601124158
13.204443453699179	0.7507872278789911
13.210318889141561	0.7485352980213786
13.216194324583942	0.7455704542015233
13.222069760026324	0.7419187719443459
13.227945195468706	0.7376051597700002
13.233820630911087	0.7326538573912957
13.239696066353469	0.7270909384777928
13.245571501795851	0.7209457043447918
13.251446937238233	0.7142462082214855
13.257322372680616	0.7070226020753165
13.269073243565378	0.6911197945383112
13.27494867900776	0.6825026159828704
13.28082411445014	0.6734772464111463
13.292574985334905	0.6543321982074564
13.316076727104432	0.6124448094080805
13.321952162546815	0.6013809256910001
13.327827597989195	0.5901287075681134
13.33957846887396	0.5671571067319481
13.363080210643487	0.5199029438319345
13.410083694182541	0.42381079085366036
13.415843419257996	0.41212483235811215
13.42160314433345	0.40048763683062916
13.433122594484356	0.37738659517059236
13.45616149478617	0.3320464588701113
13.461921219861622	0.32092302710934284
13.467680944937076	0.3098954889573329
13.479200395087982	0.2881465783159647
13.502239295389796	0.24604249494622366
13.507999020465249	0.2358451478684649
13.513758745540702	0.2257933029871788
13.525278195691609	0.20616016579782448
13.548317095993422	0.16904155322052805
13.554076821068875	0.1602711611137666
13.559836546144329	0.15172684979151496
13.571355996295235	0.13537153763391885
13.577115721370689	0.12758779138784293
13.582875446446142	0.12008345044395519
13.594394896597048	0.10597162403228877
13.600154621672502	0.09939139405226971
13.605914346747955	0.0931534954162907
13.611674071823408	0.08726578657649098
13.617433796898862	0.08174543670500922
13.623193521974315	0.07660626583425856
13.628953247049768	0.07186300051086336
13.634712972125222	0.06752522960731033
13.640472697200675	0.06361046525747183
13.646232422276128	0.06012785080720251
13.651992147351582	0.057090997609396954
13.657751872427035	0.05450793168052792
13.663511597502488	0.05239092742162743
13.669271322577941	0.05074399332185475
13.675031047653395	0.04957815758235773
13.680790772728848	0.04889767587148697
13.686550497804301	0.04870747250388163
13.692310222879755	0.04901024466309156
13.698069947955208	0.049806142801347875
13.703829673030661	0.05109656534347984
13.709589398106115	0.052878695571652035
13.715349123181568	0.05514914991821973
13.721108848257021	0.0579015203258928
13.726868573332474	0.06113020890495502
13.732628298407928	0.06482444018977906
13.738388023483381	0.06897391307257239
13.744147748558834	0.07356546223024285
13.749907473634288	0.07858501503935678
13.755667198709741	0.08401525176023616
13.761426923785194	0.08984005287699937
13.767186648860648	0.09603802091142377
13.778706099011554	0.10946678078384053
13.784955981067018	0.1172769845200552
13.791205863122482	0.1254095313986121
13.803705627233409	0.1425192682129679
13.828705155455264	0.17904291257433558
13.834955037510728	0.18842694821922645
13.841204919566191	0.1978300610370769
13.853704683677119	0.21654010172663973
13.878704211898974	0.2524898851009043
13.884954093954438	0.26095963327837524
13.891203976009901	0.269155885416724
13.903703740120829	0.2846093679686792
13.909953622176292	0.29181390428967857
13.916203504231756	0.298639035414471
13.928703268342684	0.31107281803924014
13.934953150398147	0.3166490726468085
13.941203032453611	0.3217813224284538
13.947452914509075	0.32645994382070054
13.953702796564539	0.3306791608032089
13.959952678620002	0.3344337593082276
13.966202560675466	0.33772380686758696
13.97245244273093	0.3405502101462967
13.978702324786392	0.3429168730790715
13.984952206841854	0.3448316268544498
13.991202088897317	0.3462976408946039
13.997451970952781	0.34732971680256863
14.003701853008245	0.3479395684669244
14.009951735063709	0.348139941465504
14.016201617119172	0.3479457722996422
14.022451499174636	0.3473756854218166
14.0287013812301	0.3464452991017444
14.034951263285564	0.3451728048271119
14.041201145341027	0.3435776350551172
14.047451027396491	0.3416819428804181
14.053700909451955	0.3394998168980221
14.059950791507418	0.3370563577118082
14.066200673562882	0.33436862827847413
14.07870043767381	0.32833820270758185
14.084950319729273	0.3250327070899024
14.091200201784737	0.3215580258111821
14.103699965895665	0.3141662341856857
14.12869949411752	0.298010808798153
14.17869855056123	0.26241262536528653
14.184529788576295	0.25806906619205083
14.190361026591361	0.25369018288537726
14.202023502621493	0.24481936759489065
14.225348454681756	0.2265754479047981
14.271998358802282	0.1875217049079252
14.277829596817348	0.1823606329050662
14.283660834832414	0.177136727809442
14.295323310862546	0.1665045864480308
14.318648262922808	0.14459274947012712
14.365298167043335	0.09970753264434462
14.3711294050584	0.09419748256807825
14.376960643073467	0.08875538650077885
14.388623119103599	0.07813268357565883
14.394454357118665	0.07298259832102216
14.400285595133731	0.06796362006468781
14.411948071163861	0.05838152646995054
14.417779309178925	0.05385149471145256
14.423610547193991	0.04951706157854385
14.429441785209058	0.04539454592977066
14.435273023224124	0.0414995978111925
14.44110426123919	0.037847304767698375
14.446935499254256	0.03445228424843583
14.452766737269322	0.03132815108280429
14.458597975284388	0.02848822770428905
14.464429213299454	0.025944060762119303
14.47026045131452	0.02370628973103317
14.476091689329586	0.021785837564336052
14.481922927344652	0.020190396607965067
14.487754165359718	0.018926820789503918
14.493585403374784	0.01800135850773943
14.49941664138985	0.017418850341439196
14.505247879404916	0.01718093255826414
14.511079117419982	0.01729002200833385
14.516910355435048	0.017745454991302534
14.522741593450114	0.01854528002423317
14.52857283146518	0.019686091698138952
14.534404069480246	0.0211628608734864
14.540235307495312	0.022968592280554256
14.546066545510378	0.025095516448712996
14.551897783525442	0.027533193085703678
14.558219178520517	0.03051483752348183
14.564540573515593	0.033833206664118265
14.57086196851067	0.037467931983463876
14.577183363505746	0.041400971446174495
14.583504758500823	0.045611149750401925
14.589826153495899	0.05007473620281755
14.602468943486052	0.05966405136517605
14.608790338481128	0.06473863143610314
14.615111733476205	0.06996258906267205
14.627754523466356	0.08075087003111814
14.65304010344666	0.10289982017894705
14.659361498441736	0.108395297544575
14.665682893436813	0.11382090169593795
14.678325683426966	0.12436661497622614
14.684647078422042	0.1294406649906581
14.690968473417119	0.134354122899345
14.70361126340727	0.14362591151825255
14.709932658402344	0.14795171029327348
14.71625405339742	0.1520524742795335
14.722575448392497	0.1559166780379866
14.728896843387574	0.15953533493950944
14.73521823838265	0.16290074573947289
14.741539633377727	0.16600807590494204
14.747861028372803	0.1688542887337221
14.75418242336788	0.17143753740733136
14.760503818362956	0.17375972280783558
14.766825213358032	0.17582053362179506
14.773146608353109	0.1776265005675739
14.779468003348185	0.179182757635306
14.785789398343262	0.1804964862609082
14.792110793338338	0.1815751092374005
14.798432188333415	0.1824312808343984
14.80475358332849	0.18307273727212636
14.811074978323564	0.1835121178164303
14.81739637331864	0.18376049349565116
14.823717768313717	0.18383381702997403
14.830039163308793	0.1837423363775732
14.83636055830387	0.1835000930452384
14.842681953298946	0.18311980774015235
14.849003348294023	0.18261699405791232
14.8553247432891	0.18200336678406503
14.861646138284176	0.18128933257952595
14.867967533279252	0.18048957357437323
14.874288928274328	0.17961412132167753
14.880610323269403	0.1786747166084255
14.886931718264478	0.17767910256699415
14.893253113259554	0.1766374878943302
14.905895903249707	0.174443658749176
14.912217298244784	0.17330429991472895
14.91853869323986	0.17214087580825677
14.931181483230013	0.16975702172210183
14.956467063210317	0.16476584153840879
14.962369814164994	0.1635478875721612
14.968272565119673	0.16230344095959737
14.98007806702903	0.15971678956243962
14.985980817983709	0.15836461881092578
14.991883568938388	0.15696462909025444
15.003689070847745	0.15399928002518326
15.009591821802424	0.1524209024160199
15.015494572757103	0.1507702298089426
15.027300074666458	0.14722299864995403
15.033202825621135	0.1453148796067274
15.039105576575814	0.14330926763513063
15.050911078485171	0.13898433918491304
15.05681382943985	0.13665764107886447
15.062716580394529	0.13421373690356342
15.074522082303885	0.12896908505494853
15.080424833258562	0.12616640553138958
15.08632758421324	0.12324005228962931
15.098133086122598	0.11702741073610023
15.104035837077276	0.11374613588931104
15.109938588031955	0.11035260603111641
15.121744089941311	0.10324683532484435
15.145355093760024	0.08798299421260625
15.151257844714703	0.08400014876576867
15.157160595669382	0.0799751316260795
15.168966097578737	0.07184609394316532
15.19257710139745	0.05566874829206636
15.19847985235213	0.051729430827771816
15.204382603306808	0.04786280587776259
15.216188105216164	0.040413222542253324
15.22209085617084	0.03686064966628333
15.22799360712552	0.03344346195739334
15.239799109034877	0.027073440735790433
15.245701859989556	0.02414840261276141
15.251604610944234	0.021414100474403508
15.257507361898913	0.01888229914438133
15.26341011285359	0.01656388977255019
15.269312863808267	0.014469149215306176
15.275215614762946	0.012606892392012181
15.281118365717624	0.01098478664799396
15.287021116672303	0.009609539771294973
15.292923867626982	0.008486144812446472
15.29882661858166	0.007618596208817774
15.30472936953634	0.007009633705917562
15.310632120491016	0.00666018363823806
15.316534871445693	0.006570283127520948
15.322437622400372	0.00673816358860746
15.32834037335505	0.007160858579456031
15.33424312430973	0.007834222996356832
15.34003016489748	0.00873248329237497
15.345817205485229	0.00985864439441464
15.351604246072979	0.011206327615850942
15.357391286660729	0.012766266018175765
15.363178327248479	0.01452859809356366
15.368965367836228	0.016482491925519316
15.374752408423978	0.018616323078926023
15.380539449011728	0.020917090769825508
15.386326489599478	0.023372398313427967
15.392113530187228	0.025967201189609268
15.403687611362727	0.03151921858878248
15.426835773713728	0.04364422268796475
15.432622814301478	0.04679791001592326
15.43840985488923	0.04996966792726454
15.44998393606473	0.05630715489844551
15.45577097665248	0.05944448181718709
15.461558017240229	0.06254277426136601
15.473132098415729	0.06857145787947005
15.478919139003478	0.07147840789114435
15.484706179591228	0.0742997692931262
15.496280260766728	0.07964874257001275
15.502067301354478	0.08216078979868868
15.507854341942227	0.08455516068104862
15.519428423117727	0.0889725677133415
15.525215463705477	0.09098796160463651
15.531002504293227	0.09287226384529967
15.536789544880977	0.09462224387078244
15.542576585468726	0.09624020226768559
15.548363626056476	0.09772645675751757
15.554150666644226	0.09908300480087062
15.559937707231976	0.10031220146468645
15.565724747819726	0.10141908230165475
15.571511788407475	0.10240562920197349
15.577298828995225	0.10327947377765079
15.583085869582975	0.10404500597962651
15.588872910170725	0.10470850576312496
15.594659950758475	0.10527734140321221
15.600446991346224	0.10575998807100517
15.606234031933974	0.10616139659071133
15.612021072521724	0.10648951884505875
15.617808113109474	0.10675314451353635
15.623595153697224	0.10695930697536049
15.629382194284974	0.10711575122441519
15.635169234872723	0.10722998761191538
15.640956275460473	0.10730890921757585
15.646743316048223	0.10736070744134496
15.652530356635973	0.10739109159256177
15.658317397223723	0.10740654361055779
15.664104437811472	0.10740976096595123
15.669891478399222	0.10741066497824403
15.675678518986972	0.10741142445405516
15.681465559574722	0.10741502976048034
15.687252600162472	0.10742603123424899
15.693039640750222	0.10744747313734826
15.698826681337973	0.10747740103989867
15.704613721925723	0.10751961179518466
15.710890919493483	0.10757949879327233
15.717168117061242	0.10765191315446887
15.723445314629002	0.1077358556586101
15.729722512196762	0.10782853811114546
15.735999709764522	0.10792557838712535
15.742276907332283	0.10802239775350597
15.748554104900043	0.1081132226397381
15.754831302467803	0.10819191504152181
15.761108500035563	0.1082511190219384
15.767385697603324	0.10828323183361244
15.773662895171084	0.10827988866239813
15.779940092738844	0.1082322909262523
15.786217290306604	0.10813173619020233
15.792494487874364	0.10796719879326089
15.798771685442125	0.10773249782679972
15.805048883009885	0.10741572637730723
15.811326080577645	0.10700831691354917
15.817603278145405	0.10650219929513716
15.823880475713166	0.10588458519077437
15.830157673280926	0.10515464691815679
15.836434870848686	0.10429904489294217
15.842712068416446	0.10331371752889806
15.848989265984207	0.10219029584156902
15.855266463551967	0.10092557683578596
15.861543661119727	0.09951489762716559
15.867820858687487	0.09795486550640065
15.874098056255248	0.09624421758778445
15.880375253823008	0.09438120051122789
15.886652451390768	0.09236825939837146
15.892929648958528	0.09020399381277922
15.905484044094049	0.0854422439600453
15.911761241661809	0.08285281595019667
15.91803843922957	0.08013525378734987
15.93059283436509	0.07434138913965249
15.95570162463613	0.06163219102561657
15.961978822203891	0.05829525689591408
15.968256019771651	0.054923101996009915
15.980810414907172	0.04813587961116794
16.005919205178213	0.03484929102196355
16.01219640274597	0.031683975819497556
16.018473600313733	0.028614010608107865
16.031027995449254	0.02282177368802296
16.037305193017012	0.020128953155814422
16.043582390584774	0.017589906158116175
16.049859588152536	0.015217371812399128
16.056136785720295	0.013022835083561501
16.062413983288053	0.011016795471024965
16.068691180855815	0.009208479812985892
16.074968378423577	0.007605890528018966
16.081245575991336	0.006215579959229389
16.087522773559094	0.005042737631368199
16.093799971126856	0.004091192775508068
16.100077168694618	0.003363230210559842
16.106354366262376	0.0028596917383721943
16.11221291978974	0.0025916534321474005
16.1180714733171	0.0025168625986280446
16.123930026844462	0.0026325711650900807
16.129788580371823	0.002934902142680107
16.135647133899184	0.0034190816854935413
16.141505687426548	0.004079052559172847
16.147364240953912	0.004908309521479581
16.153222794481273	0.005898921767605647
16.159081348008634	0.007042336826028062
16.164939901536	0.008329420349573513
16.170798455063363	0.00975013717056128
16.176657008590723	0.011294186473802759
16.182515562118084	0.01295009717919493
16.18837411564545	0.01470645937903925
16.200091222700173	0.018473422817017693
16.205949776227534	0.020459259725564283
16.2118083297549	0.022497626734331866
16.223525436809624	0.026680887824780064
16.246959650919074	0.035145813917857094
16.252818204446434	0.03721799411080229
16.2586767579738	0.039252399720403064
16.270393865028524	0.043173084629648084
16.276252418555885	0.04504384697464503
16.28211097208325	0.046845721255478034
16.293828079137974	0.050221103266412825
16.299686632665335	0.05178580217805062
16.3055451861927	0.053264162175903906
16.311403739720063	0.05465406994209776
16.317262293247424	0.05595416144733034
16.323120846774785	0.057164718528567304
16.32897940030215	0.05828515724450245
16.334837953829513	0.05931734298125624
16.340696507356874	0.06026401711443574
16.346555060884235	0.06112725571618416
16.3524136144116	0.061910972265575626
16.358272167938964	0.06261904458653422
16.364130721466324	0.0632564034801334
16.369989274993685	0.06382812790672887
16.375847828521046	0.0643399449880886
16.381706382048407	0.06479802227781106
16.38756493557577	0.06520796593278966
16.393423489103135	0.06557744665861753
16.399282042630496	0.06591189682186915
16.410999149685217	0.06650298425621914
16.416857703212578	0.06677334953894054
16.422716256739943	0.06703443590578972
16.434433363794668	0.06755331250357843
16.44029191732203	0.06782238753314895
16.446150470849393	0.06810410985768012
16.452009024376757	0.0684026978277803
16.457867577904118	0.06872214747804939
16.46372613143148	0.06906512353695293
16.469584684958843	0.06943506858983117
16.481301792013568	0.07025975538681717
16.487650502520943	0.07075562499742305
16.493999213028314	0.0712858131698263
16.50669663404306	0.07244167087020514
16.53209147607255	0.07503542449373912
16.538440186579926	0.07571100187607505
16.544788897087297	0.07638332665206882
16.55113760759467	0.0770442104870176
16.557486318102043	0.07768520207900187
16.563835028609414	0.07829676804198415
16.570183739116786	0.07886978100687492
16.57653244962416	0.07939410483071518
16.58288116013153	0.07985962367183097
16.589229870638903	0.08025661651759852
16.595578581146277	0.08057555803186622
16.60192729165365	0.08080762381924356
16.60827600216102	0.08094201309194282
16.614624712668395	0.08097067520346024
16.620973423175766	0.08088387320839874
16.627322133683137	0.08067634100733889
16.63367084419051	0.08034061385574676
16.640019554697886	0.07986848371505184
16.646368265205258	0.07925646575306389
16.65271697571263	0.07850081353609695
16.659065686220003	0.07759580011236089
16.66541439672738	0.07654211411567935
16.67176310723475	0.07533757694878296
16.67811181774212	0.07398275610087102
16.684460528249495	0.07247961496418975
16.69080923875687	0.07082998376902105
16.69715794926424	0.06903946018687002
16.709855370278987	0.0650530515338642
16.716204080786362	0.06287234901374306
16.722552791293733	0.060575437138520094
16.73525021230848	0.055682598381726844
16.741598922815854	0.053106519052861456
16.747947633323225	0.050460512109816835
16.76064505433797	0.04501188191283578
16.78603989636746	0.03388466214374897
16.79238860687483	0.031141421376063794
16.798737317382205	0.02844307791532774
16.811434738396947	0.023239898576787654
16.817783448904322	0.02076303957775405
16.824132159411693	0.018387020082575423
16.83682958042644	0.013986812770944046
16.843178290933814	0.011984991208479956
16.849527001441185	0.010128875802967507
16.855875711948556	0.008427008307763328
16.86222442245593	0.0068871153113651
16.868573132963306	0.005515543374498555
16.874921843470677	0.00431735599094385
16.881270553978048	0.003296894538555528
16.887619264485423	0.0024562434569072034
16.893852264625867	0.0018074200443585209
16.90008526476631	0.0013334169242765759
16.906318264906755	0.001033108611541489
16.9125512650472	0.0009041105950100548
16.918784265187643	0.0009429343077387298
16.925017265328087	0.0011449729483183901
16.93125026546853	0.0015045340904427107
16.937483265608975	0.0020150738695757786
16.94371626574942	0.002668917043581631
16.949949265889863	0.0034576263645325067
16.956182266030307	0.004372130007629926
16.96241526617075	0.005402608155748223
16.968648266311195	0.0065385243839678475
16.97488126645164	0.0077688250522560676
16.98734726673253	0.010467468601903951
16.993580266872975	0.011912785029159156
16.999813267013423	0.013406251984516615
17.01227926729431	0.0164911566114313
17.037211267856087	0.022740955708669186
17.04344426799653	0.024260066132858582
17.049677268136975	0.0257438757725843
17.062143268417863	0.028574423748764177
17.068376268558307	0.029908179390607748
17.07460926869875	0.031180424915087213
17.08707526897964	0.03352386039677657
17.093308269120083	0.03458956629861776
17.099541269260527	0.03558250962402687
17.10577426940097	0.03650200555722016
17.112007269541415	0.03734888601211772
17.11824026968186	0.03812413931413938
17.124473269822303	0.038830631283138795
17.130706269962747	0.03947104832213344
17.13693927010319	0.04004865157280413
17.143172270243635	0.04056915806218153
17.14940527038408	0.04103652853408335
17.155638270524523	0.04145697136278137
17.161871270664967	0.041835942314982444
17.16810427080541	0.04218032604404853
17.174337270945855	0.042496336779254684
17.186803271226747	0.04307181669268634
17.19303627136719	0.0433451032934461
17.19926927150764	0.043617329021678364
17.205502271648083	0.04389497207948345
17.211735271788527	0.04418479392958696
17.21796827192897	0.04449207930178556
17.224201272069415	0.044823719682533514
17.236667272350303	0.04557545538672547
17.242900272490747	0.04600334922717275
17.24913327263119	0.04647088768920682
17.255366272771635	0.04698037402082855
17.26159927291208	0.047532871514311625
17.267832273052523	0.04812969514705623
17.274065273192967	0.04876935487477341
17.286531273473855	0.050175318622199705
17.2923456295739	0.05088466365161659
17.298159985673948	0.051624479571131476
17.30978869787404	0.053181348912522686
17.333046122274226	0.05647560438178645
17.338860478374272	0.057303913084702174
17.34467483447432	0.058122384444227126
17.35630354667441	0.059699010232568295
17.362117902774457	0.060444364567972086
17.367932258874504	0.061148816024654606
17.37374661497455	0.061807871148711
17.379560971074596	0.06241346518268365
17.385375327174643	0.06295759359184017
17.39118968327469	0.06343430149919027
17.397004039374735	0.06383765340899639
17.40281839547478	0.06415836255581753
17.408632751574828	0.06439327583126198
17.414447107674874	0.06453450945104389
17.42026146377492	0.06457900390291682
17.426075819874967	0.06452014456668453
17.431890175975013	0.064353991430525
17.43770453207506	0.06407854506011967
17.443518888175106	0.06369053141509673
17.449333244275152	0.06318714130508185
17.4551476003752	0.06256799660647361
17.460961956475245	0.06183232466707056
17.46677631257529	0.06097900093274167
17.47259066867534	0.060009528771854836
17.47840502477539	0.058926898685355056
17.484219380875437	0.057732501661212465
17.490033736975484	0.05642876414305109
17.49584809307553	0.05502183442686648
17.501662449175576	0.053514905478595165
17.507476805275623	0.051913137545895105
17.519105517475715	0.04845239538967916
17.52491987357576	0.04660743587497074
17.530734229675808	0.044695943056849874
17.5423629418759	0.04070793422841512
17.565620366276086	0.032328808863757885
17.571434722376132	0.03020658519693853
17.57724907847618	0.02809327914574533
17.58887779067627	0.023933095405160643
17.594692146776318	0.02190571209726966
17.600506502876364	0.01992613456169401
17.612135215076457	0.016146454372464314
17.617949571176503	0.014363293094524998
17.62376392727655	0.012662097010379236
17.629578283376595	0.011049854804557668
17.635392639476642	0.009533239556679174
17.641206995576688	0.008118353796141009
17.647021351676734	0.006810800496304226
17.65283570777678	0.00561495620319985
17.658650063876827	0.004534684785405307
17.664954576956884	0.003497866163024277
17.67125909003694	0.0026038237906141903
17.677563603116997	0.001854263910060383
17.683868116197054	0.0012505492703823728
17.69017262927711	0.0007918418777899117
17.696477142357168	0.0004772701285078451
17.702781655437224	0.0003043441987546913
17.70908616851728	0.0002697124117260197
17.715390681597338	0.0003690589700398039
17.721695194677395	0.0005972290990290396
17.72799970775745	0.0009480934478732772
17.734304220837508	0.0014148343309486888
17.740608733917565	0.0019899999928419954
17.74691324699762	0.002665143954019622
17.75321776007768	0.003431749425666153
17.759522273157735	0.004280753848562302
17.765826786237792	0.005202361623049989
17.77213129931785	0.00618721344749984
17.784740325477962	0.008305252509347105
17.80995837779819	0.012861628207396114
17.816262890878246	0.014011823334479812
17.822567403958303	0.01514912679570024
17.835176430118416	0.01735418737406791
17.841480943198473	0.018408018228299072
17.84778545627853	0.019421508234896523
17.860394482438643	0.021307984029404814
17.8666989955187	0.022173325743980565
17.873003508598757	0.022983366240817094
17.879308021678813	0.02373619001835303
17.88561253475887	0.024431153183720578
17.891917047838927	0.025068117922152133
17.898221560918984	0.025648457566534333
17.90452607399904	0.026173157354607568
17.910830587079097	0.026645154166379303
17.917135100159154	0.02706756648154085
17.92343961323921	0.027444038692140182
17.929744126319267	0.02777915004778503
17.936048639399324	0.028077678810254247
17.94235315247938	0.028344374718734244
17.948657665559438	0.028585811064910815
17.96126669171955	0.029016913225823115
17.967571204799608	0.029218428723070455
17.973875717879665	0.029419421828521808
17.98018023095972	0.02962607386833843
17.986484744039778	0.029844517197733234
17.992789257119835	0.030080688732998295
17.99909377019989	0.030340212579499592
18.00539828327995	0.030628388570701992
18.011702796360005	0.030949784948682946
18.018007309440062	0.031308948360422084
18.02431182252012	0.031709474629056156
18.030616335600175	0.03215443050374067
18.036920848680232	0.032646215033960035
18.04322536176029	0.03318637346168113
18.049529874840346	0.03377596282087025
18.06213890100046	0.03510288081919649
18.068024770040118	0.03578825054934559
18.073910639079777	0.036512955434181704
18.085682377159095	0.03807080529487478
18.10922585331773	0.04151808161277709
18.11511172235739	0.0424218476327034
18.12099759139705	0.043331108781099525
18.132769329476368	0.045141301395682676
18.138655198516027	0.046028870323791604
18.144541067555686	0.04689557100557923
18.156312805635004	0.04853947791553459
18.162198674674663	0.04930119298490371
18.168084543714322	0.050014664504174466
18.17397041275398	0.05067153248001338
18.17985628179364	0.05126575539943157
18.1857421508333	0.05179170313450049
18.191628019872958	0.052241457035771544
18.197513888912617	0.052610841459093505
18.203399757952276	0.05289296046475905
18.209285626991935	0.05308414892710933
18.215171496031594	0.05317999728958672
18.221057365071253	0.05317650497141185
18.226943234110912	0.053069327234677555
18.23282910315057	0.05285784403083216
18.23871497219023	0.05253848087388241
18.24460084122989	0.052111066866925126
18.250486710269545	0.05157479959223665
18.2563725793092	0.05092991118431589
18.26225844834886	0.050177465494684326
18.26814431738852	0.049318833846914656
18.274030186428178	0.04835684298479587
18.279916055467837	0.04729459100832789
18.285801924507496	0.04613627317688024
18.297573662586814	0.04354667114744887
18.303459531626473	0.042127759283154376
18.309345400666132	0.04063380560323471
18.32111713874545	0.0374495520602674
18.344660614904086	0.03051395817545799
18.350546483943745	0.02871134600779246
18.356432352983404	0.026899005517522834
18.368204091062722	0.023281476424099112
18.37408996010238	0.021494270023081186
18.37997582914204	0.019733264050437238
18.39174756722136	0.01632406678941256
18.397633436261017	0.014692273660568744
18.403519305300676	0.013119336803538495
18.409405174340336	0.011612260235152216
18.415291043379995	0.010178584643577238
18.421176912419654	0.008823294824696626
18.427062781459313	0.007552703381275783
18.43294865049897	0.00637180970456952
18.43883451953863	0.00528476953961754
18.444604678211363	0.004314014336535943
18.45037483688409	0.00343986984936423
18.45614499555682	0.0026645522554617496
18.46191515422955	0.001989655950079716
18.467685312902283	0.0014160314338033109
18.473455471575015	0.0009438631665606434
18.479225630247747	0.000572536783704225
18.484995788920475	0.0003015000625799513
18.490765947593204	0.00012852572500465786
18.496536106265935	0.000051434935789851366
18.502306264938667	0.0000673573880223266
18.5080764236114	0.00017285267679750804
18.51384658228413	0.0003640685100558816
18.51961674095686	0.0006364167982726432
18.525386899629588	0.0009852033269008853
18.53115705830232	0.0014051743674608486
18.53692721697505	0.0018905623989597387
18.54269737564778	0.0024359319683158742
18.54846753432051	0.003034684209646754
18.55423769299324	0.003681007508108791
18.560007851665972	0.00436822152529226
18.565778010338704	0.0050899372561579725
18.577318327684164	0.006611384345624527
18.583088486356893	0.007398224465013814
18.588858645029624	0.00819412131038405
18.60039896237509	0.009789395638408027
18.62347959706601	0.01284384024583568
18.62924975573874	0.013552050887287004
18.63501991441147	0.014230461611799305
18.640790073084197	0.014876153065693787
18.64656023175693	0.015486642256196614
18.65233039042966	0.016059996974227386
18.658100549102393	0.01659477740625226
18.663870707775125	0.01709010259005389
18.669640866447853	0.01754544080756859
18.67541102512058	0.017961537213387613
18.681181183793313	0.01833825542659745
18.686951342466045	0.01867741762798597
18.692721501138777	0.018979919310436466
18.69849165981151	0.019248769020152323
18.704261818484238	0.0194857490771837
18.710031977156966	0.01969392485159599
18.715802135829698	0.019876522265073027
18.72157229450243	0.02003733306643002
18.727342453175158	0.020178852989953422
18.733112611847886	0.02030671747229501
18.73888277052062	0.020425277393939234
18.74465292919335	0.020537202400994103
18.75042308786608	0.020648026260527308
18.756193246538807	0.02076196388563234
18.76196340521154	0.020882585092537265
18.76773356388427	0.021015853249590655
18.773503722557	0.02116463749623837
18.779273881229727	0.021333103574933177
18.78504403990246	0.021525895440456244
18.79081419857519	0.02174587952779783
18.796584357247923	0.021995978780785463
18.802354515920655	0.022280646760331646
18.808124674593383	0.022601134262779154
18.814384990246126	0.022992186190450514
18.820645305898864	0.023430497294341546
18.826905621551607	0.023917872757659997
18.83316593720435	0.02445512721262194
18.839426252857088	0.025042422546111553
18.84568656850983	0.025679510337187017
18.85820719981531	0.027097351970827577
18.86446751546805	0.0278737904944924
18.870727831120792	0.028691128322336945
18.883248462426273	0.03043251984143508
18.908289725037235	0.03419588353362596
18.914550040689974	0.03515921372585856
18.920810356342717	0.03611630830027934
18.933330987648198	0.03798606672820409
18.93959130330094	0.038882035957960415
18.945851618953682	0.03974159440348596
18.958372250259163	0.04132070930729137
18.964632565911906	0.04202508393941029
18.970892881564644	0.042662373826383326
18.977153197217387	0.04322593202680941
18.98341351287013	0.04370810450800944
18.989673828522868	0.0441064205022631
18.99593414417561	0.04441145023189691
19.002194459828353	0.04461959847400987
19.00845477548109	0.044727131486711647
19.01471509113383	0.04472890643564975
19.020975406786572	0.0446252865765383
19.027235722439315	0.044411487483209
19.033496038092053	0.04408650475570075
19.039756353744792	0.04365020182882312
19.046016669397535	0.04310444753926257
19.052276985050277	0.04244792953805332
19.058537300703016	0.041684515874555295
19.064797616355754	0.040816300138461326
19.071057932008497	0.039847702530032336
19.07731824766124	0.03878327540756732
19.083578563313978	0.037627376235650656
19.08983887896672	0.036386729469230106
19.096099194619462	0.03506764797769252
19.108619825924944	0.03222363360171798
19.114880141577686	0.030714997668974398
19.121140457230425	0.02915980640127469
19.13366108853591	0.025946326231366112
19.15870235114687	0.01937144171617644
19.16496266679961	0.01775253524695103
19.171222982452353	0.01616207702901934
19.183743613757834	0.013102933695895935
19.190003929410572	0.011650567625792363
19.196264245063315	0.010260217927951953
19.208784876368796	0.007692827127710911
19.21462654798114	0.006603628821083063
19.22046821959348	0.005589358262368227
19.226309891205823	0.004654054417827125
19.232151562818167	0.003800227905497111
19.237993234430512	0.0030311484227254493
19.243834906042853	0.002347748448494391
19.249676577655194	0.0017519701949959
19.25551824926754	0.0012443889677434816
19.261359920879883	0.0008248727724655125
19.267201592492224	0.0004930793113379628
19.273043264104565	0.00024760988785327287
19.27888493571691	0.00008705634694028408
19.284726607329254	9.026155657509971e-6
19.2905682789416	0.000010788556003171745
19.296409950553944	0.00008906100672800843
19.302251622166285	0.00024026033383606205
19.308093293778626	0.0004600547813950473
19.31393496539097	0.0007440693850964131
19.319776637003315	0.0010874768983165084
19.32561830861566	0.0014850804327923295
19.331459980228004	0.001931707548844197
19.337301651840345	0.0024216829339626655
19.34898499506503	0.003509000044867927
19.354826666677376	0.004094589473864707
19.360668338289717	0.004700660549630087
19.372351681514402	0.005951123100635669
19.395718367963774	0.008455995494906332
19.40156003957612	0.009054806786781944
19.40740171118846	0.009633982450028167
19.4132433828008	0.010190259941018631
19.419085054413145	0.010720494328583907
19.42492672602549	0.011221928817889026
19.43076839763783	0.011692392934157747
19.43661006925017	0.012130143270257354
19.442451740862516	0.012533954474329256
19.44829341247486	0.012903057806012697
19.454135084087202	0.013237154958935238
19.459976755699543	0.013536658654748013
19.465818427311888	0.013802023339485547
19.471660098924232	0.0140345795258352
19.477501770536573	0.014235922495960451
19.483343442148914	0.014407875276482296
19.48918511376126	0.014553077748259813
19.495026785373604	0.014674085931853154
19.500868456985945	0.014774223285777488
19.506710128598286	0.014856526411268722
19.51255180021063	0.014925143526236584
19.518393471822975	0.01498321061580371
19.524235143435316	0.015035429002148326
19.530076815047657	0.015085211865714376
19.53591848666	0.015137372902688129
19.541760158272346	0.015195621863365094
19.547601829884687	0.015264284453236743
19.55344350149703	0.015347746518347305
19.559285173109373	0.015449062448767481
19.565126844721718	0.015572868850728339
19.570968516334062	0.015722400369725886
19.576810187946407	0.015901461351630786
19.582651859558748	0.01611289825009976
19.58917291819447	0.01639024129507427
19.59569397683019	0.016714478798263155
19.60221503546591	0.017088424610917974
19.60873609410163	0.01751414030796511
19.61525715273735	0.017992969005154957
19.621778211373073	0.018525131783744264
19.628299270008796	0.019110955841111554
19.634820328644516	0.019749549631292773
19.641341387280235	0.020439269659101644
19.64786244591596	0.02117768170361245
19.6609045631874	0.022787777301266854
19.66742562182312	0.02365098566574525
19.673946680458844	0.024546527889225234
19.686988797730287	0.026410931311093566
19.693509856366006	0.027366547557054643
19.70003091500173	0.02832837357051532
19.713073032273172	0.030240628918644763
19.719594090908892	0.031173980001342583
19.72611514954461	0.032082419889910896
19.739157266816054	0.0337901179291441
19.745678325451777	0.034573197427832214
19.752199384087497	0.03529855137219323
19.758720442723217	0.03595846999933455
19.765241501358936	0.03654669090778756
19.771762559994656	0.03705536882569732
19.77828361863038	0.037478907511242276
19.784804677266102	0.037811712861887226
19.79132573590182	0.03804900735191902
19.79784679453754	0.03818629598809792
19.804367853173265	0.03822121494987468
19.810888911808988	0.03814862426861654
19.817409970444707	0.037969191210655395
19.823931029080427	0.03768105215536205
19.83045208771615	0.03728448846686183
19.836973146351873	0.03678003144645581
19.843494204987593	0.0361704650775701
19.850015263623312	0.035457271363655174
19.856536322259036	0.03464389946431656
19.86305738089476	0.03373529959541838
19.86957843953048	0.03273658125189455
19.876099498166198	0.03165304097667526
19.882620556801918	0.030491799079849002
19.89566267407336	0.02796510629510629
19.902183732709084	0.026615975456131036
19.908704791344803	0.025220761697919813
19.921746908616242	0.02232960670852341
19.947831143159128	0.016409381084595
19.954352201794848	0.014956339912792604
19.96087326043057	0.013532308924062042
19.973915377702014	0.01080756793903176
19.980436436337733	0.00952272477906202
19.986957494973456	0.00829946074424942
19.99347855360918	0.007144513260292085
19.9999996122449	0.006063869862698856