4.0816326530612243e-7	16.99171653783523
0.006134358411192534	16.979367336708307
0.012268308659119763	16.94234950288693
0.01840225890704699	16.88073438819859
0.02453620915497422	16.794614832822155
0.03067015940290145	16.68406913991426
0.03680410965082868	16.54911666141553
0.042938059898755904	16.3896706319759
0.04907201014668314	16.205494916042888
0.055205960394610364	15.996171878568994
0.06133991064253759	15.761088521930887
0.06747386089046481	15.499447238562283
0.07360781113839204	15.21030594472538
0.07974176138631928	14.892649994293045
0.08587571163424651	14.54549523200814
0.09814361213010096	13.759704785927696
0.10427756237802818	13.320509276901678
0.11041151262595542	12.851005380988195
0.12267941312180988	11.827227946187506
0.1472152141135188	9.53255226900266
0.15334916436144602	8.935988023463429
0.15948311460937326	8.342369464111519
0.17175101510522772	7.189446195358409
0.17788496535315496	6.642180983648258
0.1840189156010822	6.12148692953601
0.19628681609693663	5.176325051726746
0.20242076634486383	4.757716558856938
0.20855471659279107	4.377320327307366
0.2146886668407183	4.03558899936828
0.22082261708864553	3.73209414546291
0.22695656733657277	3.4656482887423907
0.2330905175845	3.234450599621402
0.23922446783242723	3.0362443435098028
0.24535841808035447	2.8684748164339195
0.2514923683282817	2.7284380361636247
0.2576263185762089	2.6134126098820216
0.2637602688241361	2.5207696690319903
0.26989421907206335	2.448058243187556
0.2760281693199906	2.393065674954438
0.2821621195679178	2.35385446834702
0.28829606981584505	2.3287782156699652
0.2944300200637723	2.3164799540336842
0.3005639703116995	2.3158765274567656
0.30669792055962675	2.3261323881438054
0.312831870807554	2.3466258959858717
0.3189658210554812	2.376910699085931
0.32509977130340845	2.4166743073282335
0.3312337215513357	2.4656955779292558
0.3373676717992629	2.523802551165547
0.34350162204719015	2.590831905744361
0.3496355722951174	2.666591220108522
0.3557695225430446	2.7508251859110953
0.36190347279097185	2.843186876502809
0.3680374230388991	2.943215085795085
0.3741713732868263	3.0503185942781013
0.38030532353475355	3.163767979583282
0.39257322403060796	3.4061014355360566
0.39922312899433554	3.5436499166940507
0.40587303395806307	3.6836043276602926
0.41917284388551823	3.9641436058840345
0.4258227488492458	4.101377401638617
0.4324726538129734	4.234418377925733
0.44577246374042856	4.48207989625932
0.45242236870415614	4.594220842952923
0.4590722736678837	4.697289058696825
0.4657221786316113	4.790651926039985
0.4723720835953389	4.873964459480259
0.47902198855906647	4.947180670737204
0.48567189352279405	5.010555743927068
0.49232179848652163	5.064638901112625
0.4989717034502492	5.110256977698121
0.5056216084139769	5.14848887188549
0.5122715133777044	5.180631211606672
0.5189214183414319	5.2081558195649045
0.5255713233051595	5.232659865672007
0.5322212282688872	5.255809976030479
0.5388711332326147	5.279282001498082
0.5455210381963422	5.304698602411458
0.5521709431600699	5.3335672285754185
0.5588208481237975	5.36722140229177
0.565470753087525	5.406768379400555
0.5721206580512526	5.453046205987237
0.5787705630149802	5.506592860459374
0.5854204679787077	5.56762955492203
0.5920703729424353	5.636059388915356
0.5987202779061629	5.7114814704795975
0.6053701828698904	5.793219456580285
0.6120200878336179	5.880362361823673
0.6186699927973456	5.971814598408581
0.6319698027248006	6.162677957137683
0.6386197076885283	6.25948309332908
0.6452696126522558	6.355494868949564
0.658569422579711	6.540520190563033
0.6652193275434386	6.627580988749226
0.6718692325071661	6.710012246115521
0.6785191374708937	6.787342809313283
0.6851690424346213	6.8593522538625615
0.6918189473983489	6.926091057674628
0.6984688523620765	6.987893922065612
0.7117686622895316	7.099459570473999
0.7184185672532593	7.151275473489526
0.7250684722169868	7.202191766200339
0.7317183771807143	7.253714893168827
0.738368282144442	7.307417816598493
0.7450181871081696	7.364848118927028
0.7516680920718971	7.427429048168739
0.7583179970356246	7.496360412048856
0.7649679019993523	7.572526652760965
0.7716178069630799	7.656419034446593
0.7782677119268074	7.7480777345482705
0.7915675218542626	7.952421986601605
0.8181671417091729	8.403387618928612
0.8243763687356396	8.504885897812311
0.8305855957621063	8.600362914166205
0.8367948227885731	8.687526621933976
0.8430040498150397	8.764141473460883
0.8492132768415064	8.828089385438455
0.8554225038679731	8.87742369852617
0.8616317308944399	8.910414721035865
0.8678409579209065	8.925585979501168
0.8740501849473732	8.92174079837852
0.88025941197384	8.897979277143612
0.8864686390003067	8.853706112707341
0.8926778660267733	8.788630021679449
0.89888709305324	8.702755748776188
0.9050963200797068	8.596369806522024
0.9113055471061735	8.470021181857264
0.9175147741326402	8.324498273369986
0.9237240011591068	8.160803295535857
0.9299332281855736	7.980125311477204
0.942351682238507	7.5733476486307705
0.9485609092649736	7.350318341302881
0.9547701362914404	7.116397849230951
0.9671885903443738	6.622869176095405
0.9733978173708404	6.366847470119588
0.9796070443973072	6.107077704433388
0.9920254984502406	5.583584333272231
1.0168624065561074	4.571173357755798
1.0230716335825742	4.335565136499897
1.029280860609041	4.110410484451478
1.0354900876355075	3.8974136915771425
1.0416993146619742	3.6982728896183694
1.0479085416884408	3.514684892910102
1.0541177687149075	3.3483487153823273
1.0603269957413741	3.200966331528946
1.066536222767841	3.074239056540307
1.0727454497943079	2.969857866257829
1.0789546768207745	2.8894861126695073
1.0851639038472412	2.834733449919355
1.0913731308737078	2.8071203775981264
1.0975823579001744	2.808033607889037
1.103791584926641	2.8386734111575898
1.1100008119531077	2.8999950994047463
1.1162100389795746	2.9926477547549393
1.1224192660060415	3.1169140786086427
1.1286284930325081	3.272655713178402
1.1348377200589748	3.4592684841613295
1.1410469470854414	3.6756516860583535
1.147256174111908	3.9201947856847195
1.1534654011383747	4.190783812732395
1.1658838551913082	4.799308505167193
1.172093082217775	5.130839976029826
1.1783023092442417	5.4757537063761905
1.190720763297175	6.190174918155593
1.2155576714030418	7.608258108779738
1.2216450980432683	7.933208714159655
1.2277325246834945	8.2434383641855
1.2338199513237207	8.536667751009333
1.239907377963947	8.810986568227676
1.2459948046041731	9.064857724731846
1.2520822312443993	9.297112153169607
1.2581696578846255	9.506936117181892
1.2642570845248517	9.693852972571106
1.270344511165078	9.857701244530654
1.2764319378053042	9.998610680340647
1.2825193644455304	10.116977660905134
1.2886067910857566	10.213441040228428
1.2946942177259828	10.288859159969357
1.300781644366209	10.344288480791594
1.3068690710064352	10.380964001260736
1.3129564976466614	10.400281409336529
1.3190439242868877	10.403780736628597
1.3251313509271139	10.393131162092681
1.33121877756734	10.370116537216838
1.3373062042075663	10.336621173941692
1.3433936308477925	10.29461544368021
1.3494810574880187	10.24614077414331
1.355568484128245	10.19329369375183
1.3616559107684714	10.138208655079755
1.3677433374086978	10.083039463078034
1.373830764048924	10.029939235560406
1.3799181906891502	9.98103892756756
1.3860056173293764	9.93842455338074
1.3920930439696027	9.904113335916756
1.3981804706098289	9.880029099716339
1.404267897250055	9.867977297702014
1.4103553238902813	9.869620121178382
1.4164427505305075	9.886452185892889
1.4225301771707337	9.919777313634214
1.42861760381096	9.970686938932921
1.4347050304511861	10.040040664661955
1.4407924570914123	10.128449469659316
1.4468798837316386	10.236262037226046
1.4529673103718648	10.363554626805914
1.4590547370120912	10.510124853432103
1.4651421636523176	10.675489671947853
1.4712295902925439	10.858887786351378
1.47731701693277	11.059286620215623
1.4834044435729963	11.275393892942446
1.4894918702132225	11.50567375036231
1.4955792968534487	11.748367298508242
1.5077541501339011	12.262996601995026
1.5138415767741273	12.53054008816031
1.5199290034143536	12.801779220525578
1.532103856694806	13.345576106455578
1.5381912833350322	13.613218507793064
1.5442787099752584	13.874804164789534
1.556453563255711	14.370676615503818
1.5625409898959375	14.600746524047281
1.5686284165361637	14.816391315161376
1.57471584317639	15.015990787483734
1.5808032698166161	15.198165142192689
1.5868906964568423	15.361792437073715
1.5929781230970685	15.50602048033577
1.5990655497372948	15.63027288383037
1.605152976377521	15.734249162655534
1.6117563577335474	15.824082555893735
1.618359739089574	15.890330368951089
1.6249631204456008	15.93362993691488
1.6315665018016272	15.954918823437913
1.6381698831576539	15.955396294378183
1.6447732645136806	15.93648040223022
1.651376645869707	15.899762388651068
1.6579800272257337	15.846960146064625
1.6645834085817603	15.779872421634325
1.6711867899377868	15.700335306193995
1.6777901712938135	15.610182340746837
1.6843935526498401	15.511209312898833
1.6909969340058666	15.405144525152384
1.6976003153618933	15.293625016882531
1.7108070780739464	15.060213935225876
1.7174104594299728	14.941011412432688
1.7240138407859995	14.82172585586828
1.7372206034980526	14.586916858426397
1.743823984854079	14.473121899671812
1.7504273662101058	14.362724381620398
1.7636341289221589	14.154629608665298
1.7702375102781853	14.058042373917132
1.776840891634212	13.96709976396821
1.7834442729902387	13.882271650488036
1.7900476543462651	13.804013035796794
1.7966510357022918	13.732771497562208
1.8032544170583185	13.668992303660067
1.809857798414345	13.613121181115812
1.8164611797703716	13.565604832407566
1.8230645611263983	13.526889384245798
1.8296679424824247	13.497417026730304
1.8362713238384514	13.477621153528077
1.842874705194478	13.467920347325721
1.8494780865505045	13.468711570628777
1.8560814679065312	13.480362921800477
1.8626848492625578	13.503206301673073
1.8692882306185843	13.537530308265136
1.8758916119746107	13.583573637198326
1.8824949933306374	13.641519213919883
1.889098374686664	13.711489222263262
1.8957017560426905	13.79354112409825
1.902305137398717	13.887664690594187
1.9089085187547437	13.99377999155753
1.9155119001107703	14.111736222235667
1.9221152814667968	14.24131119376114
1.9287186628228232	14.382211281325816
1.93532204417885	14.534071619044427
1.948528806890903	14.868858839914429
1.9551321882469297	15.0507016881021
1.9617355696029564	15.24133678073818
1.9749423323150095	15.646038386787975
1.9815457136710362	15.858457767657498
1.9881490950270626	16.07637836155937
2.001355857739116	16.52471083236634
2.027769383163222	17.440469401311265
2.033932086581988	17.651599607487668
2.0400947900007536	17.859765516228276
2.052420196838285	18.26352527426541
2.0585829002570506	18.457381600710598
2.0647456036758163	18.644822478695744
2.0770710105133476	18.99768383428608
2.0832337139321133	19.161930222041363
2.089396417350879	19.317431198565334
2.0955591207696447	19.46385219387454
2.1017218241884104	19.600973210287588
2.107884527607176	19.728695271913274
2.1140472310259417	19.847046254304853
2.1263726378634735	20.056411428854208
2.1325353412822396	20.148159267822567
2.1386980447010053	20.232009984222245
2.144860748119771	20.308688903288626
2.1510234515385367	20.379066471350953
2.1571861549573024	20.444156582071493
2.163348858376068	20.50511274284751
2.1756742652135994	20.619894821441058
2.181836968632365	20.676655434330918
2.1879996720511308	20.73512478509617
2.1941623754698965	20.797003947718295
2.200325078888662	20.864053495300855
2.206487782307428	20.938070685990322
2.2126504857261935	21.020864646033047
2.218813189144959	21.114230044159736
2.224975892563725	21.21991981679661
2.2311385959824905	21.339617541381934
2.237301299401256	21.474910064484046
2.243464002820022	21.62726097353118
2.2496267062387876	21.797985459287652
2.2557894096575533	21.988227055917605
2.261952113076319	22.198936672429785
2.2681148164950846	22.430854250771958
2.2742775199138503	22.684493307782077
2.280440223332616	22.960128546810548
2.2866029267513817	23.25778666443704
2.298928333588913	23.918006090544054
2.3050910370076787	24.279344109766644
2.3112537404264444	24.66026329098679
2.323579147263976	25.475670400939784
2.3297418506827423	25.90700206250792
2.335904554101508	26.351634327037992
2.3482299609390394	27.27236785567475
2.372880774614102	29.173552985607703
2.3790434780328678	29.64667773739366
2.3852061814516334	30.113887958821987
2.397531588289165	31.02098306503462
2.4036942917079305	31.456397818541856
2.409856995126696	31.87702384936795
2.4221824019642275	32.66705947807084
2.4288610600987934	33.06342535374222
2.4355397182333594	33.43575363604996
2.4422183763679257	33.783147084249165
2.4488970345024916	34.10509493157884
2.4555756926370575	34.40146846197304
2.462254350771624	34.672508394861694
2.46893300890619	34.91880494416445
2.4756116670407557	35.14127168347311
2.482290325175322	35.34111454980669
2.488968983309888	35.519797442721135
2.495647641444454	35.679005918998755
2.5023262995790203	35.82061044507848
2.5090049577135862	35.94663055411765
2.515683615848152	36.05920107075618
2.5223622739827185	36.1605413268357
2.5290409321172844	36.25292801047802
2.5357195902518503	36.338671986949144
2.5423982483864167	36.42009912124404
2.5557555646555485	36.57929188939458
2.562434222790115	36.66166059702056
2.569112880924681	36.74890066010846
2.5757915390592467	36.84323356302446
2.582470197193813	36.946834584438946
2.589148855328379	37.06182348283117
2.595827513462945	37.190253059585835
2.6025061715975113	37.334094988006576
2.609184829732077	37.495222526134036
2.615863487866643	37.675389988317136
2.6225421460012095	37.876209116964304
2.6292208041357754	38.09912275508027
2.6358994622703413	38.34537645730748
2.6425781204049072	38.61598887844134
2.649256778539473	38.91172193566001
2.6559354366740395	39.23305184689495
2.6626140948086054	39.580142200984014
2.6692927529431714	39.95282021526166
2.6759714110777377	40.350557285598626
2.6893287273468696	41.217236344807084
2.696007385481436	41.68324622516071
2.702686043616002	42.16845609274107
2.716043359885134	43.186589388242
2.7427579924233982	45.32744414396502
2.749436650557964	45.86374346423816
2.7561153086925305	46.392793836022776
2.7694726249616624	47.41351661301527
2.7761512830962287	47.897564737758564
2.7828299412307946	48.3592383946923
2.796187257499927	49.20236574812745
2.802865915634493	49.57804746822098
2.8095445737690588	49.91990846969107
2.816223231903625	50.22604805585122
2.822901890038191	50.49502404142492
2.829580548172757	50.72587533676105
2.8362592063073233	50.91813455797655
2.8429378644418892	51.071829798023025
2.849616522576455	51.187474920381405
2.8561733803247806	51.26493924752485
2.862730238073106	51.308000244594965
2.8692870958214316	51.31834796659761
2.8758439535697575	51.29798282664126
2.8824008113180835	51.249158190388684
2.888957669066409	51.174317003439995
2.8955145268147344	51.076024654320534
2.90207138456306	50.95690058202951
2.9086282423113854	50.81955132703992
2.915185100059711	50.66650777397181
2.9282988155563623	50.32275672692104
2.934855673304688	50.136277522639055
2.9414125310530137	49.942502271075966
2.9545262465496647	49.538920900072775
2.96108310429799	49.33145692298505
2.9676399620463156	49.12142814557543
2.980753677542967	48.696406408850144
3.0069811085362694	47.84259330348714
3.013537966284595	47.632189105924866
3.0200948240329204	47.42482518719635
3.033208539529572	47.024387124848865
3.0397653972778977	46.834420603793646
3.0463222550262232	46.653681818291275
3.0528791127745487	46.4841589091355
3.059435970522874	46.327937222716734
3.0659928282711997	46.18713657918445
3.072549686019525	46.06383848027504
3.0791065437678506	45.9600060902065
3.0856634015161766	45.87740025225469
3.0922202592645025	45.817495083630746
3.098777117012828	45.78139680264284
3.1053339747611535	45.76976937484867
3.111890832509479	45.78277032066504
3.1184476902578044	45.81999961840811
3.12500454800613	45.88046408894963
3.1315614057544554	45.96255899358431
3.1381182635027813	46.064067855969
3.1446751212511073	46.18218077396925
3.1512319789994327	46.31353076088716
3.1643456944960837	46.60002319212872
3.170902552244409	46.74619912690217
3.1774594099927347	46.88785240794323
3.18401626774106	47.019898097617684
3.190573125489386	47.13719309124457
3.197129983237712	47.23464245631473
3.2036868409860375	47.30730494233668
3.210243698734363	47.3504950452968
3.2168005564826885	47.35987922666888
3.223357414231014	47.33156413856386
3.2299142719793394	47.262174980148984
3.236471129727665	47.148922395567865
3.2430279874759904	46.98965661349205
3.249584845224316	46.78290782025201
3.2561417029726414	46.52791205062553
3.262698560720967	46.22462217441999
3.269255418469293	45.87370385330689
3.2753715982803575	45.504624047898496
3.2814877780914222	45.09690223719447
3.2937201377135517	44.174320394805775
3.2998363175246164	43.66487188616278
3.305952497335681	43.127500892797684
3.3181848569578105	41.983111310959444
3.3243010367688752	41.38358203958512
3.33041721657994	40.77097437062152
3.3426495762020694	39.52193982479348
3.3671142954463282	37.029390097410136
3.373230475257393	36.42581838251591
3.3793466550684577	35.835211559695104
3.391579014690587	34.70043056853602
3.397695194501652	34.1591368639175
3.4038113743127165	33.63658463743584
3.416043733934846	32.649813166914385
3.4221599137459107	32.18594139221622
3.4282760935569754	31.74157248433796
3.440508453179105	30.90967569544199
3.4466246329901695	30.520967830504695
3.4527408128012342	30.14947570408158
3.4649731724233637	29.455011534792305
3.4710893522344284	29.130450140544788
3.477205532045493	28.819968180737465
3.4894378916676225	28.238349692717538
3.4955540714786872	27.965879524644947
3.501670251289752	27.70482265955186
3.5139026109118814	27.214741859984144
3.520018790722946	26.984676244174924
3.526134970534011	26.76391398048392
3.5383673301561402	26.348185015779777
3.562832049400399	25.602698570093064
3.568948229211464	25.429877729417647
3.5750644090225285	25.26065176645545
3.587296768644658	24.9286216288272
3.5934129484557227	24.763429966355336
3.5995291282667874	24.597078478701384
3.611761487888917	24.255474175212072
3.6178776676999815	24.077454646549093
3.6239938475110463	23.892787093302054
3.6362262071331757	23.498235340337835
3.6423423869442404	23.285903066483936
3.648458566755305	23.062076809946166
3.6606909263774345	22.576399845707037
3.6673230609043	22.29034393952262
3.673955195431165	21.987593151251385
3.687219464484895	21.33140423659455
3.6938515990117597	20.978379217485422
3.700483733538625	20.609480377301693
3.7137480025923555	19.82789997361614
3.7203801371192204	19.41773500954445
3.7270122716460854	18.996675953118796
3.7402765406998157	18.128913883296136
3.766805078807276	16.345058672865818
3.773437213334141	15.9005702342675
3.780069347861006	15.460452023122082
3.7933336169147363	14.60001619809872
3.7999657514416016	14.182654904079246
3.8065978859684666	13.775538579967925
3.8198621550221965	12.995885834249128
3.8264942895490615	12.624758580037147
3.8331264240759264	12.26669350851267
3.8463906931296568	11.590343928930222
3.872919231237117	10.391044020452952
3.879551365763982	10.120264251274184
3.886183500290847	9.859650185159467
3.8994477693445773	9.365433873701498
3.9259763074520375	8.459286335474118
3.979033383666958	6.793930057697132
3.985665518193823	6.588618255526612
3.9922976527206884	6.383146662627354
4.005561921774419	5.971965997081263
4.0320904598818785	5.155317633719033
4.0387225944087435	4.9545985013476255
4.045354728935608	4.756250878495212
4.058618997989338	4.368911130936592
4.085147536096799	3.6474424726673824
4.091338992686403	3.4920811713449744
4.097530449276007	3.342431403475562
4.109913362455217	3.0614617091586886
4.116104819044821	2.9306350506433283
4.122296275634425	2.8065038270478198
4.134679188813633	2.578835163762406
4.140870645403238	2.4754438769955094
4.147062101992842	2.379042510751489
4.1532535585824455	2.2896019594604127
4.15944501517205	2.2070550478175903
4.165636471761655	2.1312982558278204
4.1718279283512585	2.0621934758105525
4.178019384940862	1.9995697817656364
4.184210841530467	1.943225214709594
4.1904022981200715	1.892928607772994
4.196593754709675	1.8484214907143652
4.202785211299279	1.8094201243168637
4.208976667888884	1.7756177203692012
4.215168124478488	1.7466869023532894
4.221359581068092	1.7222824558038141
4.227551037657696	1.7020444058617183
4.2337424942473	1.6856014435722564
4.239933950836905	1.6725747028816969
4.246125407426509	1.6625818681189308
4.252316864016112	1.655241568416928
4.258508320605717	1.6501779922588504
4.264699777195322	1.6470256336259101
4.270891233784925	1.645434062393461
4.277082690374529	1.6450725967922608
4.283274146964134	1.6456347459763645
4.289465603553738	1.6468422865738113
4.295657060143342	1.6484488389033487
4.301848516732946	1.6502428162231872
4.3080399733225505	1.652049633548554
4.314231429912155	1.6537330805338453
4.320422886501759	1.6551957847186216
4.326614343091363	1.656378716175844
4.332805799680967	1.6572597110819345
4.338997256270572	1.6578510192241165
4.345188712860176	1.6581959080214688
4.351380169449779	1.6583643827985668
4.357571626039384	1.658448109403059
4.363763082628989	1.6585546505231896
4.369954539218592	1.6588011511527032
4.376145995808196	1.6593076312932862
4.382337452397801	1.6601900648909442
4.388528908987405	1.6615534425977945
4.394720365577009	1.663485031343063
4.400911822166613	1.666048054764989
4.407103278756217	1.6692760238030129
4.413294735345822	1.673167944620058
4.419486191935426	1.67768461990695
4.4256776485250295	1.6827462381514309
4.431869105114634	1.6882314127190252
4.438060561704239	1.6939777883736813
4.4442520182938425	1.6997842778140466
4.450443474883446	1.7054149265906453
4.456634931473051	1.7106043340881332
4.4628263880626555	1.7150644847542988
4.469017844652259	1.7184927717846712
4.475209301241863	1.720580929830227
4.481400757831468	1.7210245387934844
4.487470414034831	1.7195824830011937
4.493540070238195	1.7160276914889465
4.499609726441559	1.7101368734031865
4.505679382644923	1.7017232927412138
4.511749038848286	1.6906428332118537
4.51781869505165	1.6767986853687873
4.523888351255014	1.6601444873435582
4.529958007458378	1.6406858242286742
4.536027663661741	1.618480068461043
4.542097319865105	1.5936346195868119
4.548166976068469	1.5663036718691252
4.554236632271833	1.5366836983307852
4.560306288475196	1.5050078868033623
4.56637594467856	1.4715397953814744
4.578515257085288	1.400391590056289
4.584584913288651	1.3633280622327781
4.590654569492015	1.3256917185995754
4.602793881898743	1.249941011129561
4.608863538102106	1.2124196583659899
4.61493319430547	1.1755028554972515
4.627072506712198	1.10446550047938
4.633142162915561	1.0707779324571565
4.639211819118925	1.0385590011789674
4.645281475322289	1.0079638805688411
4.651351131525653	0.9791238272531135
4.657420787729016	0.95214728990228
4.66349044393238	0.9271213527983928
4.669560100135744	0.9041134027150193
4.675629756339107	0.8831729144333611
4.68169941254247	0.8643332591036845
4.687769068745833	0.8476134503469535
4.693838724949197	0.8330197548187392
4.699908381152561	0.820547106326103
4.705978037355925	0.8101802750915752
4.712047693559288	0.8018947560591645
4.718117349762652	0.7956573520504229
4.724187005966016	0.791426438959629
4.73025666216938	0.7891519110450815
4.736326318372743	0.7887748147299138
4.742395974576107	0.7902266893067722
4.748465630779471	0.7934286426884896
4.754535286982835	0.7982902000243968
4.760604943186198	0.8047079727683837
4.766674599389562	0.8125642057320093
4.772744255592926	0.821725269797323
4.77881391179629	0.8320401781410407
4.784883567999653	0.843339213730653
4.797022880406381	0.868110473912326
4.803092536609745	0.8811408067766564
4.809162192813108	0.8942711578295555
4.821301505219836	0.9197213485200564
4.8273711614231996	0.9314411227555688
4.833440817626563	0.9420663019211837
4.839510473829927	0.9512660754186353
4.845580130033291	0.9587054852414578
4.8516497862366545	0.9640513499276153
4.857719442440018	0.9669789756113438
4.863789098643382	0.9671795168855226
4.869858754846746	0.9643678033630456
4.876444365765909	0.9576160174318575
4.883029976685074	0.9467501425094955
4.889615587604238	0.9315665717378971
4.896201198523402	0.9119389061275518
4.902786809442566	0.8878268890270897
4.909372420361731	0.8592832568682285
4.915958031280894	0.8264580739134182
4.922543642200059	0.7896002143409939
4.929129253119223	0.7490557744900457
4.9357148640383866	0.7052633342262391
4.948886085876715	0.6101013504278852
4.975228529553371	0.40798230733889884
4.981814140472535	0.35921675138066345
4.988399751391699	0.31260310166355865
4.994985362310864	0.2688084394447676
5.001570973230027	0.22844189824834693
5.008156584149191	0.19204092118773453
5.014742195068355	0.1600597000892181
5.02132780598752	0.13286003705126959
5.027913416906683	0.11070476676612628
5.034499027825847	0.09375378132401657
5.041084638745011	0.08206261297620099
5.047670249664176	0.0755834577363661
5.054255860583339	0.07416846560141543
5.060841471502504	0.07757508202092733
5.067427082421668	0.08547319924539032
5.074012693340832	0.09745386353287433
5.080598304259996	0.1130392823724371
5.0871839151791605	0.1316938819856519
5.093769526098324	0.15283617636536473
5.106940747936653	0.20010344677427394
5.113526358855816	0.22494964640919957
5.120111969774981	0.24975196022812085
5.133283191613309	0.2967763327440007
5.139868802532472	0.31786195149102703
5.146454413451637	0.3366534791355704
5.153040024370801	0.35271995067176487
5.159625635289965	0.3657021299438732
5.166211246209128	0.37531975879083923
5.172796857128293	0.3813771576820617
5.179382468047457	0.3837669819663905
5.185968078966621	0.38247195888955954
5.192553689885784	0.3775644617985501
5.199139300804949	0.36920382031324905
5.205724911724113	0.3576313190224756
5.212310522643277	0.3431629021228222
5.218896133562441	0.3261796762652578
5.2254817444816055	0.3071163867835702
5.2386529663199335	0.26467565847064733
5.245238577239098	0.24230970605701874
5.2518241881582615	0.21985486976989144
5.258409799077426	0.1977936075696416
5.26499540999659	0.17657098576088082
5.271581020915754	0.15658080842557887
5.278166631834918	0.1381537489766007
5.284752242754083	0.12154805049562434
5.291337853673246	0.10694327120792302
5.2974827866551495	0.0952079608206331
5.303627719637053	0.08531691114867623
5.309772652618956	0.07722784229647228
5.315917585600859	0.07084535990389274
5.322062518582762	0.06602822193757962
5.328207451564666	0.06259830125211874
5.334352384546569	0.060350813745515985
5.340497317528472	0.05906531025395534
5.346642250510375	0.05851688665513333
5.3527871834922784	0.05848705532438281
5.358932116474182	0.058773744082191826
5.365077049456085	0.05919994534313311
5.371221982437988	0.05962062481262809
5.377366915419891	0.0599276097007424
5.3835118484017945	0.06005230290197794
5.389656781383698	0.059966202466234186
5.395801714365601	0.059679335062838845
5.401946647347504	0.059236828594930735
5.408091580329407	0.058713944605154555
5.414236513311311	0.058209959622254726
5.420381446293214	0.05784132266913522
5.426526379275117	0.057734523033889484
5.43267131225702	0.058019079961781905
5.4388162452389235	0.058821018271567826
5.444961178220827	0.06025712684676687
5.45110611120273	0.06243021731909559
5.457251044184633	0.06542551517902107
5.463395977166536	0.06930823177743894
5.46954091014844	0.07412228907779461
5.475685843130343	0.07989010413366593
5.481830776112245	0.08661329013744812
5.487975709094148	0.0942740969964504
5.4941206420760516	0.10283739678187587
5.500265575057954	0.11225301689783063
5.51255544102176	0.1333802652290519
5.5187003740036635	0.14493861225532179
5.524845306985567	0.15704716503956195
5.537135172949373	0.1825527268284075
5.543280105931276	0.195763725988515
5.54942503891318	0.2091547179175155
5.561714904876986	0.2360991061835902
5.586294636804599	0.2880007809862377
5.592439569786502	0.3000150458203956
5.598584502768405	0.31145912397430386
5.604729435750309	0.3222423732331636
5.610874368732212	0.33227675918044675
5.617019301714115	0.3414780716614736
5.623164234696018	0.34976736023732347
5.629309167677921	0.35707253144319395
5.635454100659825	0.36333002825689764
5.641599033641728	0.3684864933969605
5.647743966623631	0.37250030475548357
5.653888899605534	0.37534286514525483
5.6600338325874375	0.3769995311032557
5.666178765569341	0.37747007768465757
5.672323698551244	0.37676861831599906
5.678468631533147	0.3749229302784651
5.68461356451505	0.37197317576885247
5.691274452212754	0.36758781246341066
5.697935339910457	0.36204020970048045
5.70459622760816	0.3554129300522728
5.711257115305864	0.34779145555345403
5.717918003003568	0.3392599005172081
5.724578890701272	0.32989714174755624
5.737900666096679	0.3089498090328804
5.744561553794382	0.2974744928494659
5.751222441492086	0.28538642412421567
5.764544216887494	0.25948802690812256
5.7911877676783075	0.20157741317684952
5.797848655376011	0.1860772057054345
5.804509543073714	0.17031509304838233
5.817831318469121	0.1384609031354791
5.824492206166825	0.12264662693710493
5.831153093864528	0.1071206276961374
5.844474869259935	0.07763549099470834
5.851135756957639	0.06403364383547583
5.857796644655342	0.05142211722926504
5.864457532353045	0.039957750984037865
5.871118420050749	0.02977821961573257
5.877779307748453	0.02099739577589066
5.884440195446157	0.01370179761137047
5.891101083143861	0.007948243527523324
5.897761970841564	0.003762754813620095
5.904422858539267	0.0011406710471923986
5.9110837462369705	0.000047879588524590844
5.917744633934674	0.0004230114733738688
5.924405521632378	0.002180422620902789
5.931066409330082	0.005213761110986148
5.937727297027785	0.009399916914952122
5.944388184725488	0.014603157754090379
5.951049072423192	0.020679271205693794
5.957709960120896	0.027479556177588016
5.964370847818599	0.0348545339302726
5.977692623214006	0.05074628892168853
6.00433617400482	0.08344369087701953
6.010997061702524	0.09116913368104118
6.017657949400227	0.09854324849007501
6.02431883709793	0.10550106181937302
6.030979724795634	0.11198865229063015
6.0376406124933375	0.11796217448577595
6.044301500191041	0.12338669332345509
6.050962387888745	0.12823489243510267
6.057623275586448	0.13248572026836047
6.064284163284151	0.13612303724573982
6.070945050981855	0.13913432616789212
6.077605938679559	0.14150952595443078
6.084266826377263	0.1432400453951863
6.090927714074967	0.14431800844169507
6.09758860177267	0.14473577528346926
6.104249489470373	0.14448577373082472
6.110910377168077	0.14356066309013116
6.11744946447954	0.1419893722019201
6.123988551791003	0.13975627771556765
6.130527639102466	0.13685908067895558
6.137066726413929	0.13329923358342466
6.143605813725392	0.1290833735703798
6.150144901036855	0.124224854002283
6.156683988348318	0.11874528957033414
6.163223075659781	0.11267602136848587
6.169762162971244	0.10605940400965819
6.176301250282707	0.09894981752252596
6.189379424905633	0.08353281104664889
6.215535774151486	0.05056283963216912
6.22207486146295	0.042547861067503176
6.228613948774413	0.03488065129133694
6.235153036085876	0.027692140360993846
6.241692123397339	0.021109293897775203
6.248231210708802	0.015251509411570278
6.254770298020265	0.010227079631829332
6.261309385331728	0.006129879741544664
6.267848472643191	0.003036430740012328
6.274387559954654	0.0010034773549062658
6.280926647266117	0.00006619641036141755
6.28746573457758	0.00023712149290922756
6.294004821889043	0.001505833980636812
6.300543909200506	0.003839431400104121
6.307082996511969	0.00718374436789861
6.313622083823432	0.01146523584493145
6.320161171134895	0.01659348365844828
6.326700258446358	0.022464121347796795
6.333239345757821	0.028962094844445615
6.346317520380747	0.04334693890464762
6.35285660769221	0.05098098885242369
6.359395695003673	0.05874310014958298
6.3724738696265995	0.07418343502576319
6.3790129569380625	0.08164817649598904
6.3855520442495255	0.08881707789923143
6.3920911315609885	0.09560995970082287
6.3986302188724515	0.10195828541108765
6.405169306183915	0.10780503029918365
6.411708393495378	0.11310418345203066
6.418247480806841	0.11781995689778302
6.4247865681183045	0.1219257816680086
6.431325655429768	0.12540317216886598
6.437864742741231	0.12824053745970954
6.4444038300526945	0.13043201161620344
6.4509429173641575	0.1319763659972466
6.4574820046756205	0.13287605479656128
6.4640210919870835	0.13313643256676566
6.4705601792985465	0.1327651692898324
6.47709926661001	0.131771875743262
6.483638353921473	0.13016793999167886
6.490177441232936	0.1279665652417612
6.496716528544399	0.12518299033354063
6.503255615855862	0.12183486691835066
6.509794703167325	0.11794276188863728
6.516333790478788	0.11353074976737743
6.522872877790251	0.1086270573551853
6.529411965101714	0.10326472176341728
6.5355103744759155	0.09788425024427161
6.541608783850118	0.09217419248213465
6.553805602598523	0.07993362238759572
6.578199240095332	0.05364010041640288
6.5842976494695336	0.04705461509013542
6.590396058843736	0.0406076799368571
6.596494468217939	0.034377057853285375
6.602592877592141	0.028442594577414493
6.608691286966343	0.022885113770990895
6.614789696340544	0.017785170757639968
6.620888105714746	0.013221686378312558
6.626986515088949	0.009270488783414521
6.633084924463152	0.0060027972350367165
6.639183333837353	0.003483687849485495
6.645281743211555	0.0017705863436821012
6.651380152585757	0.0009118368819081013
6.657478561959959	0.000945398659655261
6.6635769713341615	0.0018977225079765958
6.669675380708364	0.0037828581854337795
6.675773790082566	0.006601838835525564
6.681872199456768	0.010342382120111404
6.6879706088309705	0.014978937740397713
6.694069018205173	0.020473098557960645
6.700167427579375	0.0267743776885494
6.706265836953577	0.03382133736320836
6.7123642463277795	0.041543037871210275
6.724561065076184	0.05868991895778408
6.730659474450386	0.06794214245135266
6.7367578838245885	0.0775273399052332
6.748954702572993	0.09733986058179189
6.773348340069802	0.13724506295823358
6.779446749444004	0.14687108280030925
6.7855451588182065	0.1562441834747328
6.797741977566611	0.1740584363229427
6.803840386940813	0.1824261789376378
6.809938796315015	0.19039209888621178
6.822135615063419	0.20500656963759334
6.828234024437622	0.21160171588651377
6.834332433811824	0.21768657442773454
6.8404308431860255	0.22323366014722756
6.846529252560227	0.22821452993360625
6.852627661934429	0.23259984653129195
6.858726071308632	0.23635970126242078
6.8648244806828345	0.23946416324285225
6.870922890057036	0.24188400971630797
6.877021299431238	0.24359158356535193
6.883119708805441	0.24456172014092625
6.8892181181796435	0.24477268615007342
6.895316527553845	0.2442070778886638
6.901414936928047	0.24285263384302103
6.90751334630225	0.24070292663342951
6.9136117556764525	0.23775791040862915
6.919710165050654	0.23402431112160027
6.926324529140657	0.22909948145227776
6.932938893230659	0.22329019421352125
6.939553257320662	0.21663308350193722
6.946167621410664	0.20917420129762188
6.952781985500667	0.2009685840064397
6.959396349590669	0.19207970744473135
6.972625077770674	0.17254449418265594
6.979239441860677	0.16206147455709607
6.985853805950679	0.15122039468947612
6.999082534130684	0.12885035761272756
7.025539990490695	0.0842439357993241
7.0321543545806975	0.07373741283225921
7.038768718670701	0.06369708222230597
7.045383082760703	0.05422072622033469
7.051997446850706	0.045399669170719026
7.058611810940708	0.03731679665293686
7.065226175030711	0.030044510921604317
7.071840539120713	0.02364269213344894
7.078454903210716	0.018156749991993237
7.085069267300718	0.01361586219468558
7.091683631390721	0.010031503042005507
7.098297995480723	0.0073963665622756025
7.104912359570726	0.005683782595835796
7.111526723660728	0.004847710965960372
7.118141087750731	0.004823378149185764
7.124755451840733	0.005528593340692778
7.131369815930736	0.006865747694166258
7.137984180020738	0.008724463591545994
7.144598544110741	0.01098482234496978
7.151212908200743	0.013521061383837463
7.157827272290746	0.016205598517257114
7.164441636380748	0.018913213983967614
7.171056000470751	0.021525203093533563
7.177670364560753	0.023933305141913497
7.184284728650756	0.02604321902454987
7.190899092740758	0.027777532761524393
7.197513456830761	0.029077922237896736
7.204127820920763	0.029906512192949597
7.210742185010766	0.030246337427234815
7.217356549100768	0.03010089130578475
7.223970913190771	0.029492798570198486
7.230585277280774	0.028461696822631
7.237199641370776	0.02706145265964488
7.243814005460779	0.02535687164596956
7.250428369550782	0.023420084169322175
7.263657097730787	0.01915262866658729
7.27027146182079	0.01696963493992265
7.276885825910792	0.014843310057058856
7.283500190000795	0.012830069377604891
7.290114554090797	0.010975385112483638
7.2967289181808	0.009312608719200366
7.303343282270802	0.0078625039222886
7.309957646360805	0.006633474138872941
7.316572010450807	0.00562243512185856
7.32318637454081	0.0048162557899955605
7.329800738630812	0.004193668502427972
7.336415102720815	0.003727534969972135
7.343029466810817	0.003387345644463302
7.349203152963559	0.003155849878779371
7.355376839116301	0.002982762173541209
7.361550525269042	0.0028471845095776604
7.367724211421784	0.0027329889743441527
7.373897897574526	0.002630237712565542
7.3800715837272675	0.0025363635111688154
7.386245269880009	0.0024570779434582857
7.392418956032751	0.0024069842510117123
7.398592642185493	0.0024098820948807997
7.404766328338234	0.0024987606724475864
7.410940014490976	0.002715485259016992
7.417113700643718	0.0031101898607646117
7.423287386796459	0.0037403952842862687
7.4294610729492	0.004669877526761068
7.4356347591019425	0.005967316004065859
7.441808445254684	0.007704754825822446
7.447982131407425	0.009955913187186027
7.454155817560167	0.012794383071028204
7.4603295037129085	0.016291753936171327
7.46650318986565	0.020515704990542227
7.472676876018392	0.02552810607421585
7.478850562171133	0.03138316814782427
7.4850242483238745	0.038125683906449215
7.491197934476617	0.045789398104146395
7.497371620629359	0.05439554573936234
7.5035453067821	0.06395159425730745
7.509718992934841	0.07445022329289142
7.5158926790875835	0.08586857214373467
7.522066365240326	0.09816778104028967
7.528240051393067	0.11129284732708822
7.54058742369855	0.13972128430358932
7.546761109851293	0.154837308491647
7.552934796004034	0.17040656114497787
7.565282168309517	0.20239001629294862
7.571455854462259	0.21852382154711458
7.577629540615001	0.23455442257125103
7.589976912920484	0.2656930558731161
7.596150599073226	0.28049563899016516
7.602324285225968	0.29458937183739287
7.608497971378709	0.3078342943586361
7.614671657531451	0.32010001160356016
7.620845343684192	0.3312678998566396
7.627019029836934	0.34123305555110606
7.633192715989676	0.34990593809636716
7.639366402142417	0.35721366696527235
7.645540088295158	0.36310094410780835
7.6517137744479005	0.3675305845436112
7.657887460600642	0.3704836503485611
7.664061146753383	0.3719591956695374
7.670234832906125	0.37197364234085795
7.6764085190588665	0.3705598166356927
7.682582205211608	0.36776568723644854
7.68875589136435	0.3636528522447202
7.694929577517092	0.3582948287562997
7.701103263669833	0.35177520198658185
7.707276949822575	0.344185692151443
7.713450635975317	0.33562419630966134
7.719624322128059	0.32619285935885967
7.7257980082808	0.3159962235673033
7.738145380586284	0.29372699586775886
7.744835021454826	0.28085161165556904
7.751524662323368	0.26756853017730786
7.7649039440604515	0.24024770442846188
7.791662507534619	0.18542559751743237
7.798352148403161	0.17217573883689852
7.805041789271703	0.15924451310194954
7.818421071008787	0.13455209171285087
7.825110711877329	0.12288231210284573
7.831800352745871	0.11171520771714882
7.845179634482956	0.09101541425594806
7.851869275351499	0.08153533485438857
7.858558916220041	0.07266363772919426
7.865248557088583	0.0644169161388608
7.871938197957125	0.056807874695498084
7.8786278388256665	0.04984514924312289
7.8853174796942085	0.043533038841965244
7.89200712056275	0.03787117704184406
7.898696761431292	0.03285417446902028
7.905386402299834	0.02847126809092515
7.912076043168376	0.02470601419531615
7.918765684036918	0.021536061992451838
7.92545532490546	0.018933042765788777
7.932144965774002	0.016862605672545827
7.938834606642544	0.015284625719567568
7.945524247511086	0.014153602298328627
7.952213888379628	0.0134192582181214
7.95890352924817	0.013027339778517
7.965593170116712	0.012920608492464236
7.972282810985254	0.013040005083402972
7.978972451853796	0.013325956845469333
7.985662092722338	0.013719790889526795
7.99235173359088	0.01416520869446991
7.999041374459422	0.014609772180743885
8.005731015327964	0.015006348573362471
8.012420656196506	0.015314460866768353
8.019110297065048	0.015501492846752285
8.02579993793359	0.015543702324946729
8.032489578802132	0.015427003301751618
8.039179219670674	0.01514748685858791
8.045868860539215	0.014711661219064975
8.052558501407757	0.014136403054082924
8.0592481422763	0.013448624098013617
8.065937783144841	0.012684668852831038
8.072627424013383	0.01188946994415585
8.079317064881925	0.011115496991298102
8.086006705750467	0.010421542192117883
8.09269634661901	0.009871390855537898
8.099385987487551	0.009532427644663555
8.106075628356093	0.009474229276044133
8.112765269224635	0.00976719196258502
8.119454910093177	0.01048123723538974
8.126144550961719	0.011684633287022406
8.132834191830261	0.013442961091667094
8.139523832698803	0.015818245768025818
8.146213473567345	0.018868264467474694
8.152903114435887	0.022646032992851728
8.15959275530443	0.027199464828181474
8.166282396172972	0.03257118867363751
8.172850236655275	0.03867727739774107
8.179418077137576	0.04563846603715338
8.185985917619877	0.05348037188615873
8.192553758102179	0.06222405327223468
8.19912159858448	0.07188622131190892
8.205689439066782	0.08247944875994428
8.218825120031386	0.10648972977393556
8.225392960513688	0.1199126305211109
8.231960800995989	0.1342783557294447
8.245096481960593	0.1658081445427373
8.251664322442895	0.18294688015843175
8.258232162925196	0.20097720477686698
8.271367843889799	0.23960981111042123
8.2779356843721	0.26014668151727416
8.2845035248544	0.28144336891912514
8.297639205819005	0.32611357756459847
8.32391056774821	0.4219190138184683
8.330478408230512	0.4467406869763899
8.337046248712813	0.4717152909599658
8.350181929677417	0.5216738227985374
8.376453291606623	0.6181604785013215
8.383021132088924	0.6408002252303859
8.389588972571225	0.6625781565359683
8.396156813053526	0.6833618353622635
8.402724653535829	0.7030226055195894
8.409292494018132	0.7214372447203177
8.415860334500433	0.738489591139208
8.422428174982734	0.7540721074223151
8.428996015465035	0.768087346762744
8.435563855947336	0.7804492874214917
8.442131696429637	0.7910845049057724
8.448699536911938	0.7999331548169935
8.455267377394241	0.8069497440609419
8.461835217876544	0.812103673510933
8.468403058358845	0.8153795411532523
8.474970898841146	0.8167772010246157
8.481538739323447	0.8163115796398432
8.488106579805748	0.8140122578896236
8.49467442028805	0.8099228323205308
8.50124226077035	0.8041000750889689
8.507810101252653	0.7966129165224949
8.514377941734956	0.7875412779483197
8.520945782217257	0.776974785169932
8.527513622699558	0.7650113945877484
8.53408146318186	0.7517559644776697
8.54064930366416	0.7373188033443854
8.547217144146462	0.7218142256745435
8.560352825111066	0.6880717140029395
8.586624187040272	0.6129371245912769
8.592751349585313	0.5945499475758516
8.598878512130353	0.5760169011529312
8.611132837220435	0.538826916311598
8.635641487400598	0.465888472789282
8.64176864994564	0.448299558682677
8.64789581249068	0.4310665150284607
8.66015013758076	0.3978207702438785
8.684658787760922	0.3369858868237259
8.690785950305962	0.3230578588020614
8.696913112851004	0.3096579574839877
8.709167437941083	0.28443971234121435
8.715294600486125	0.2726107493834129
8.721421763031165	0.26128961340519496
8.733676088121246	0.2401200961508081
8.739803250666288	0.23024295961718666
8.745930413211328	0.22081771888737678
8.75818473830141	0.2032683231237573
8.764311900846451	0.19512227053667242
8.77043906339149	0.18738631130425443
8.782693388481572	0.17314617597694948
8.788820551026614	0.1666579646951889
8.794947713571654	0.1606134936495609
8.801074876116694	0.15503963309143165
8.807202038661735	0.14997192945422322
8.813329201206777	0.14545497376185068
8.819456363751817	0.14154257345761856
8.825583526296857	0.13829771076944208
8.831710688841898	0.13579227671626626
8.83783785138694	0.13410657667748227
8.84396501393198	0.133328610828491
8.85009217647702	0.13355314040834232
8.856219339022061	0.13488055841523394
8.862346501567103	0.13741559058105768
8.868473664112143	0.14126585904268962
8.874600826657183	0.14654034669420524
8.880727989202224	0.1533478045030514
8.886855151747266	0.16179514689148267
8.892982314292306	0.17198588147559501
8.899109476837346	0.1840186189258426
8.905236639382387	0.19798570649061498
8.911363801927429	0.21397202485230782
8.917490964472469	0.23205398266451782
8.923618127017509	0.25229873650807244
8.92974528956255	0.2747636564430245
8.935872452107592	0.29949604908599126
8.941999614652632	0.32653314157160684
8.948126777197672	0.3559023212037635
8.954253939742713	0.38762161739095724
8.960381102287753	0.4217004049036577
8.966508264832793	0.45814030084881185
8.978762589922875	0.5380775667628104
8.985405707183716	0.5853159889299926
8.992048824444556	0.6352711733333418
9.005335058966239	0.7432319481108305
9.01197817622708	0.8011887166933884
9.018621293487922	0.8617678821643957
9.031907528009604	0.9907334404675385
9.038550645270446	1.0591037885081214
9.045193762531287	1.1300654198823232
9.058479997052968	1.2797982798652874
9.085052466096332	1.6110251398624804
9.091695583357174	1.7005877083474776
9.098338700618015	1.792897855368568
9.111624935139696	1.985811463035252
9.13819740418306	2.4045479076265845
9.144840521443902	2.5158497720640116
9.151483638704743	2.6296362636642256
9.164769873226424	2.8641414556308966
9.191342342269788	3.355638601950147
9.19798545953063	3.481757293407501
9.204628576791471	3.6085599823777246
9.217914811313152	3.862763052465093
9.244487280356516	4.3620645972766745
9.251130397617358	4.4823899074965645
9.257773514878199	4.599979122305588
9.27105974939988	4.825063080408784
9.277702866660722	4.9316329579857445
9.284345983921561	5.033627431626684
9.297632218443244	5.222232598716215
9.304275335704085	5.308083485087917
9.310918452964927	5.387848301553274
9.317561570225767	5.461235489598838
9.324204687486608	5.527995213728332
9.33084780474745	5.587921977790088
9.33749092200829	5.640856555802454
9.34413403926913	5.686687197219576
9.350777156529972	5.725350083944765
9.357420273790813	5.756829034456233
9.364063391051655	5.781154468473868
9.370706508312495	5.798401663241023
9.377349625573336	5.808688348875321
9.383992742834177	5.812171705122222
9.390635860095017	5.809044834526628
9.397278977355858	5.799532797315758
9.4039220946167	5.783888300862498
9.41012453394028	5.763989021509987
9.41632697326386	5.739223211500896
9.42252941258744	5.709840524869915
9.42873185191102	5.67609785977697
9.434934291234601	5.63825609154024
9.441136730558181	5.596576940035709
9.453541609205342	5.50274010256258
9.459744048528922	5.451084660534626
9.465946487852502	5.396591662608725
9.478351366499663	5.279986429879108
9.503161123793982	5.021768904447372
9.50936356311756	4.952965463756783
9.51556600244114	4.882729023290835
9.5279708810883	4.738370254579781
9.552780638382622	4.4362836953002365
9.602400152971263	3.7891669263618057
9.608602592294844	3.7049492696137265
9.614805031618424	3.620133921697838
9.627209910265584	3.448949901055695
9.652019667559905	3.1024749491113925
9.701639182148547	2.4155430218627916
9.707841621472127	2.332485971851108
9.714044060795707	2.2504393525069384
9.726448939442868	2.0897935699369086
9.751258696737189	1.7847936855839681
9.757461136060769	1.7123595695392142
9.76366357538435	1.641559737300814
9.77606845403151	1.5050051147111767
9.800878211325829	1.2526025704330264
9.806958850263168	1.1949780999724218
9.81303948920051	1.139007369703901
9.825200767075188	1.0319664954649959
9.831281406012527	0.9808593365136034
9.837362044949867	0.9313332358650801
9.849523322824545	0.8369346508344861
9.855603961761885	0.7920166041786008
9.861684600699224	0.748589317869393
9.873845878573904	0.6661205251594329
9.898168434323264	0.5181749031517637
9.904249073260603	0.48462615298797873
9.910329712197942	0.4524213986430352
9.922490990072623	0.3919879632841078
9.928571629009962	0.36373251151957353
9.934652267947303	0.336767118860674
9.946813545821982	0.286653838975955
9.952894184759321	0.2634787531930344
9.95897482369666	0.24153892321507453
9.965055462634	0.2208189878066834
9.97113610157134	0.20130254855835228
9.977216740508679	0.18297200531492974
9.983297379446018	0.16580840692323628
9.995458657320698	0.13489870723206887
10.001539296258038	0.1211068452450269
10.007619935195379	0.1083902348045338
10.013700574132718	0.09672155263986681
10.019781213070058	0.08607161694393728
10.025861852007397	0.07640937720764451
10.031942490944736	0.06770192796211594
10.038023129882076	0.05991454729555501
10.044103768819415	0.05301076086229428
10.050184407756754	0.04695243188484133
10.056265046694094	0.04169987736825437
10.062345685631435	0.037212010393609496
10.068426324568774	0.033446507939646375
10.074506963506114	0.03036000321421417
10.080587602443455	0.027908300966708655
10.086668241380794	0.026046613721329992
10.092748880318133	0.02472981633224891
10.098829519255473	0.02391271574363102
10.104910158192812	0.023550332352586523
10.110990797130153	0.023598188948596555
10.117071436067492	0.02401260285589568
10.123152075004832	0.024750976648680978
10.129232713942173	0.025772082664971774
10.135313352879512	0.02703633651178855
10.141393991816852	0.02850605484984242
10.147474630754191	0.03014569295855929
10.15355526969153	0.031922057919557434
10.165716547566209	0.03576503497453842
10.190039103315568	0.04392883595508068
10.196635696968709	0.04613220083887723
10.203232290621848	0.04830057906459781
10.216425477928128	0.052497882730621864
10.242811852540688	0.060281503257869073
10.24940844619383	0.06212207564265215
10.256005039846968	0.06393692976329463
10.269198227153248	0.0675342526932495
10.295584601765809	0.07494745229649473
10.30218119541895	0.07691898488209542
10.308777789072089	0.07896064176307228
10.321970976378369	0.08329178778609996
10.32856757003151	0.08559655570494784
10.335164163684649	0.0880017111358216
10.348357350990929	0.09312570526318333
10.35495394464407	0.0958462820992401
10.361550538297209	0.09867064790822305
10.374743725603489	0.10461377692322862
10.401130100216049	0.11745796277835216
10.40772669386919	0.12080312118253851
10.414323287522329	0.12417336609731958
10.427516474828609	0.13092156997837334
10.43411306848175	0.13426310096728394
10.44070966213489	0.1375571654533499
10.45390284944117	0.14392172971427103
10.46049944309431	0.14695062907746514
10.46709603674745	0.14984922824146335
10.473692630400588	0.1525965447862302
10.48028922405373	0.15517187083345368
10.48688581770687	0.15755497018339604
10.49348241136001	0.15972627567237022
10.500079005013149	0.16166708480757314
10.50667559866629	0.16335975157269284
10.51327219231943	0.16478787216716653
10.51986878597257	0.16593646235354215
10.526465379625709	0.16679212403874039
10.53306197327885	0.16734319872416675
10.53965856693199	0.16757990552026364
10.54625516058513	0.16749446154634054
10.552851754238269	0.16708118271092479
10.55944834789141	0.1663365631089437
10.56604494154455	0.16525933155695377
10.57264153519769	0.16385048412167294
10.579238128850829	0.16211329186996887
10.58583472250397	0.1600532834665085
10.59243131615711	0.15767820266372798
10.59902790981025	0.15499794115353432
10.605624503463389	0.15202444766810816
10.61222109711653	0.14877161462146798
10.618377012832408	0.14549793520238696
10.624532928548287	0.14200871641219498
10.636844759980047	0.1344454821309441
10.661468422843562	0.11746122876894416
10.667624338559442	0.11293553733510445
10.673780254275322	0.1083361956667443
10.68609208570708	0.09899335428761098
10.710715748570596	0.08025268217155745
10.716871664286476	0.07565880756433488
10.723027580002356	0.07113385534903771
10.735339411434113	0.06234841209385204
10.741495327149991	0.05811421876831644
10.74765124286587	0.054001435092531025
10.75996307429763	0.0461804286969869
10.76611899001351	0.042489432544238516
10.772274905729388	0.038954275151320196
10.784586737161145	0.03237284329527673
10.790742652877025	0.029334322749759348
10.796898568592905	0.026467195630205772
10.809210400024662	0.02125032882883797
10.81536631574054	0.01889959783358912
10.82152223145642	0.01671837804062599
10.8276781471723	0.01470381407671964
10.83383406288818	0.012852214737675338
10.83998997860406	0.011159119622023043
10.846145894319937	0.00961936926638617
10.852301810035815	0.008227178261142602
10.858457725751695	0.0069762108184867055
10.864613641467574	0.0058596582542097785
10.870769557183454	0.004870317830416221
10.876925472899334	0.0040006723890719
10.883081388615212	0.003242970187547812
10.88923730433109	0.0025893043287827343
10.89539322004697	0.0020316911608160813
10.90154913576285	0.0015621470067398238
10.907705051478729	0.001172762576465411
10.913860967194609	0.0008557744094094856
10.920016882910488	0.0006036327025096648
10.926172798626368	0.0004090648932769149
10.932328714342246	0.0002651343929328462
10.938484630058124	0.00016529390163517316
10.944640545774003	0.00010343278597470078
10.950796461489883	0.00007391805858755589
10.956952377205763	0.00007162857021151062
10.963108292921643	0.0000919821048507418
10.96926420863752	0.00013095515759962983
10.975420124353398	0.0001850952703457958
10.981576040069278	0.0002515259011819839
10.987731955785158	0.00032794390649325614
10.993887871501038	0.00041260981823492207
11.006199702932795	0.0006024394646542263
11.012871573364475	0.0007157922915761901
11.019543443796154	0.000836837237937765
11.026215314227834	0.0009665352707515142
11.032887184659513	0.0011063557742512949
11.039559055091193	0.0012582048092585878
11.046230925522872	0.0014243492621778611
11.052902795954552	0.0016073382445315667
11.059574666386231	0.0018099230985189844
11.06624653681791	0.0020349773307651482
11.07291840724959	0.0022854177366712245
11.07959027768127	0.0025641278950672107
11.086262148112949	0.002873885110184311
11.092934018544629	0.0032172917597616396
11.099605888976308	0.0035967118777983226
11.106277759407988	0.004014213663289384
11.112949629839667	0.004471518465360246
11.119621500271347	0.0049699566554687186
11.126293370703026	0.005510430661693109
11.132965241134706	0.006093385312103622
11.139637111566385	0.00671878551617994
11.146308981998065	0.0073861012074085
11.152980852429744	0.00809429937766945
11.166324593293103	0.009626696218359864
11.172996463724783	0.010446336371931384
11.179668334156462	0.011297770906259512
11.193012075019821	0.013081845608724607
11.219699556746539	0.01685399300667824
11.226371427178218	0.017810652025709285
11.233043297609898	0.01876189802005953
11.246387038473257	0.020625264802544438
11.253058908904936	0.02152580728477889
11.259730779336616	0.02239788483003366
11.273074520199975	0.024034027278006187
11.279746390631654	0.024787172713719708
11.286418261063334	0.025490116569203265
11.293090131495013	0.02613801610509159
11.299762001926693	0.026726361448132008
11.306433872358372	0.027251019571334585
11.313105742790052	0.02770827510601503
11.319777613221731	0.028094867502425725
11.32644948365341	0.028408024071288437
11.33312135408509	0.028645488463800724
11.33979322451677	0.028805544182355605
11.34646509494845	0.028887032759154798
11.353136965380129	0.028889366294299827
11.359808835811808	0.02881253410931707
11.366480706243488	0.02865710334488968
11.373152576675167	0.028424213411754308
11.379824447106847	0.02811556428973244
11.386496317538526	0.0277333987600697
11.393168187970206	0.02728047874855006
11.399840058401885	0.026760056048686257
11.406511928833565	0.026175837783912023
11.413183799265244	0.025531947052380544
11.419855669696924	0.024832879276364912
11.433199410560283	0.02328876871230368
11.439749480605723	0.022469700170197896
11.446299550651162	0.021617319561861942
11.459399690742039	0.019833849970496538
11.485599970923793	0.01610096138613966
11.492150040969232	0.015163242547297229
11.49870011101467	0.014233397183173563
11.51180025110555	0.012414777380588946
11.538000531287306	0.009046763287510884
11.544550601332745	0.008278705089470359
11.551100671378183	0.007544883831222852
11.557650741423622	0.006846972701521233
11.564200811469062	0.00618627314685913
11.570750881514503	0.005563722776808089
11.577300951559941	0.004979906796530993
11.590401091650818	0.0039291474941323375
11.596951161696257	0.003461758245903103
11.603501231741696	0.0030322536573591844
11.610051301787134	0.002639728216394354
11.616601371832575	0.0022830473956557264
11.623151441878015	0.001960873918077857
11.629701511923454	0.001671694679114506
11.636251581968892	0.0014138479862106745
11.642801652014331	0.0011855507942888938
11.64935172205977	0.0009849256367913048
11.655901792105208	0.0008100269743484002
11.662451862150647	0.0006588667069403964
11.669001932196087	0.0005294386198495758
11.675552002241528	0.0004197415586219321
11.682102072286966	0.00032780115300733246
11.688652142332405	0.0002516899344226798
11.695202212377843	0.00018954571554634413
11.701752282423282	0.0001395881241132448
11.70830235246872	0.00010013320580771546
11.71485242251416	0.00006960603321376209
11.7214024925596	0.00004655127922582869
11.72795256260504	0.000029641734012146267
11.734502632650479	0.00001768476475411964
11.741052702695917	9.626736818750753e-6
11.747602772741356	4.555433937530765e-6
11.754152842786795	1.7005332133273742e-6
11.760702912832233	4.322084406148917e-7
11.767252982877672	2.579521466340327e-7
11.773803052923112	8.177229114992874e-7
11.780353122968553	1.8775397391160948e-6
11.786903193013991	3.321659376347933e-6
11.79345326305943	5.143485344957354e-6
11.800003333104868	7.435368856470513e-6
11.806553403150307	0.000010377471517445584
11.813103473195746	0.0000142258676197345
11.819653543241184	0.000019300069632985774
11.826203613286625	0.00002597016414116569
11.832753683332065	0.000034643746723850695
11.839303753377504	0.00004575284310963631
11.845853823422942	0.00005974100026208691
11.85240389346838	0.00007705072488477084
11.85851328557656	0.00009656846502085391
11.864622677684737	0.00011967923797968425
11.870732069792915	0.00014668660332898474
11.876841461901094	0.00017786127260344177
11.882950854009273	0.00021343494701614346
11.88906024611745	0.00025359490564411016
11.895169638225628	0.00029847939335111436
11.901279030333807	0.0003481738463208486
11.907388422441986	0.000402707981443742
11.913497814550164	0.000462053764038432
11.92571659876652	0.0005947733410332663
11.931825990874698	0.0006677962917881572
11.937935382982875	0.000744931175023796
11.950154167199232	0.0009102167809887326
11.95626355930741	0.0009975808408602767
11.962372951415588	0.001087491312077136
11.974591735631943	0.001272911373345715
11.999029304064656	0.0016502679701694812
12.005138696172835	0.0017424494390538533
12.011248088281013	0.0018325368668221911
12.02346687249737	0.0020040174170177032
12.029576264605549	0.0020842475816266475
12.035685656713726	0.0021600692858225324
12.041795048821903	0.0022309694745768598
12.047904440930083	0.0022964715682224947
12.054013833038262	0.0023561398459080295
12.06012322514644	0.0024095833339564396
12.066232617254617	0.0024564591657425926
12.072342009362796	0.0024964753865044146
12.078451401470973	0.0025293931837813356
12.08456079357915	0.0025550285309646386
12.09067018568733	0.002573253238590776
12.096779577795507	0.002583995414742366
12.102888969903685	0.0025872393424428448
12.108998362011864	0.0025830247883767646
12.115107754120041	0.0025714457630977064
12.121217146228219	0.002552648758605139
12.127326538336398	0.0025268304942218556
12.133435930444575	0.0024942352065591895
12.139545322552753	0.0024551515233732367
12.145654714660932	0.002409908964955722
12.151764106769111	0.0023588741196206658
12.157873498877288	0.0023024465425320983
12.170092283093645	0.0021751501138881847
12.176201675201824	0.0021052054523441346
12.182311067310001	0.0020317071313814858
12.194529851526358	0.0018760422461465802
12.200639243634537	0.0017948811338373409
12.206748635742715	0.0017121682429977606
12.218967419959071	0.001544042407651177
12.243404988391783	0.0012098090921143978
12.250030335215762	0.0011223548883418988
12.256655682039739	0.001037119696486978
12.269906375687697	0.0008748157872557055
12.276531722511674	0.0007983869406765901
12.283157069335653	0.0007254550271211754
12.296407762983609	0.0005908436706623192
12.303033109807588	0.0005294296132221123
12.309658456631567	0.0004720460870837153
12.316283803455544	0.0004187175428346918
12.322909150279523	0.00036942929166398995
12.329534497103502	0.000324130404705863
12.33615984392748	0.000282736908546779
12.342785190751458	0.00024513521579433645
12.349410537575437	0.0002111857286938121
12.356035884399416	0.0001807265538814816
12.362661231223395	0.00015357726740446612
12.369286578047372	0.00012954267114316647
12.375911924871351	0.00010841648465611671
12.38253727169533	0.00008998492010517705
12.389162618519308	0.00007403009232167309
12.395787965343287	0.000060333221036712296
12.402413312167266	0.00004867758785131245
12.409038658991244	0.000038851216393075175
12.415664005815223	0.00003064925038524199
12.4222893526392	0.00002387601072030957
12.42891469946318	0.00001834671916513218
12.435540046287159	0.000013888882766078269
12.442165393111136	0.000010343339368241646
12.448790739935115	7.564970752772345e-6
12.455416086759094	5.42309565998202e-6
12.462041433583073	3.801560313207491e-6
12.468666780407052	2.5985488972870455e-6
12.475292127231029	1.7261407275368932e-6
12.481917474055008	1.1096444866856795e-6
12.488542820878987	6.867428774269587e-7
12.495168167702964	4.064832928139337e-7
12.501793514526943	2.281516215020165e-7
12.508418861350922	1.2006706623255182e-7
12.515044208174901	5.8335866615803756e-8
12.52166955499888	2.5601086231082668e-8
12.528294901822857	9.824182526088237e-9
12.534920248646836	3.131954632846934e-9
12.541545595470815	7.597117215732691e-10
12.548170942294792	1.181789541196643e-10
12.554796289118771	7.82668934100307e-12
12.56142163594275	4.783443874148879e-14
12.56804698276673	7.219494555938915e-17
12.574672329590708	1.0630050002640874e-12
12.581297676414685	3.5827132430100953e-11
12.587923023238664	3.234272034698731e-10
12.594548370062643	1.6079527214306413e-9
12.60117371688662	5.677708458496131e-9
12.6077990637106	1.6050350620262157e-8
12.614424410534578	3.880447887804972e-8
12.621049757358557	8.353420419168763e-8
12.627675104182536	1.643996143518088e-7
12.634300451006514	3.0124299153885564e-7
12.640925797830493	5.207381592376345e-7
12.647551144654471	8.575384986902898e-7
12.654176491478449	1.3553880148932944e-6
12.660801838302428	2.0681593785500054e-6
12.667427185126407	3.060783136538183e-6
12.673611854013124	4.3075005503629955e-6
12.679796522899842	5.937095689696192e-6
12.68598119178656	8.031548848021979e-6
12.692165860673278	0.000010682724950581918
12.698350529559995	0.000013992339629469997
12.704535198446713	0.00001807174302266717
12.710719867333431	0.00002304151129632063
12.716904536220149	0.000029030838797820493
12.723089205106866	0.000036176726870331754
12.729273873993584	0.00004462296860740685
12.735458542880302	0.00005451893221269793
12.74164321176702	0.00006601814905807632
12.747827880653738	0.00007927671597692014
12.754012549540455	0.00009445152474676718
12.760197218427173	0.0001116983349928978
12.766381887313889	0.00013116970996735974
12.772566556200605	0.00015301283757750643
12.778751225087323	0.00017736726181749428
12.78493589397404	0.00020436255216606738
12.791120562860758	0.00023411594066273642
12.797305231747476	0.0002667299580880459
12.803489900634194	0.00030229010203731705
12.81585923840763	0.00038249209547985645
12.822043907294347	0.0004271999095528346
12.828228576181065	0.00047498188089004057
12.8405979139545	0.0005796151817797631
12.846782582841218	0.000636317617324886
12.852967251727936	0.0006957943591164715
12.865336589501371	0.0008224358044335593
12.87152125838809	0.0008892047453833048
12.877705927274807	0.000957957026708569
12.890075265048242	0.0011002857681021738
12.914813940595113	0.0013948462488048278
12.920998609481831	0.0014683215454679866
12.927183278368549	0.0015408933962042207
12.939552616141984	0.0016815560714568993
12.945737285028702	0.0017487482842647986
12.95192195391542	0.0018132478668968735
12.964291291688854	0.0019324017692179396
12.97047596057557	0.0019862008171429735
12.976660629462287	0.00203560526303001
12.982845298349005	0.002080235073286299
12.989029967235723	0.0021197366936571045
12.99521463612244	0.0021537869402883476
13.001399305009159	0.0021820966662028964
13.007583973895876	0.002204414156486307
13.013768642782594	0.0022205282076305233
13.019953311669312	0.002230270849240863
13.02613798055603	0.0022335196695650946
13.032322649442747	0.002230199710050778
13.038507318329465	0.002220284898510505
13.044691987216183	0.0022037989950723933
13.0508766561029	0.0021808160302885828
13.057061324989618	0.0021514602202140896
13.063245993876336	0.002115905349102609
13.069308862376813	0.0020752475941589314
13.07537173087729	0.002029098865385149
13.081434599377767	0.0019777532615499627
13.087497467878244	0.0019215435963468263
13.09356033637872	0.0018608385186937697
13.099623204879197	0.0017960392251313473
13.111748941880153	0.001655903176335719
13.11781181038063	0.001581496882751064
13.123874678881108	0.0015048484111609454
13.136000415882062	0.0013468420010905753
13.16025188988397	0.0010261780092117243
13.166314758384447	0.0009479064454535434
13.172377626884924	0.0008713072347882817
13.184503363885879	0.0007247467205269999
13.190566232386356	0.0006555122306586151
13.196629100886835	0.0005893967520441476
13.208754837887788	0.0004675385465922835
13.214817706388265	0.0004121920512929288
13.220880574888742	0.0003607542537266753
13.226943443389219	0.00031330647447913015
13.233006311889696	0.00026988301199981385
13.239069180390173	0.00023047199114350548
13.24513204889065	0.0001950168750249879
13.251194917391128	0.000163418635468104
13.257257785891605	0.00013553856883917378
13.263320654392082	0.00011120173561221488
13.26938352289256	0.00009020099360491358
13.275446391393038	0.00007230158670539119
13.281509259893514	0.000057246243122068945
13.287572128393991	0.000044760729861048225
13.293634996894468	0.000034559803383710013
13.299697865394945	0.00002635349031264423
13.305760733895422	0.000019853626716370926
13.311823602395899	0.000014780579990309378
13.317886470896376	0.000010870073724510962
13.323949339396854	7.880033238059588e-6
13.330012207897331	5.5973677079138755e-6
13.336075076397808	3.844604024264903e-6
13.342137944898287	2.4862876749001802e-6
13.348200813398764	1.4350670629855247e-6
13.35426368189924	6.57379684199734e-7
13.360326550399718	1.7866147204462983e-7
13.366389418900194	8.800432254202914e-8
13.372452287400671	5.421912681574225e-7
13.378515155901148	1.769043923053118e-6
13.384578024401625	4.070022602043453e-6
13.390640892902102	7.822025852507466e-6
13.39670376140258	0.000013478342971657187
13.402766629903057	0.000021568720344263047
13.408829498403534	0.00003269851006474533
13.414892366904013	0.00004754687726086712
13.42095523540449	0.00006686405076319126
13.427018103904967	0.00009146761019449505
13.433080972405444	0.0001222378112171884
13.43914384090592	0.00016011195946479765
13.445206709406397	0.00020607785262273038
13.451269577906874	0.0002611663191542918
13.457848401123151	0.00033250324688215805
13.46442722433943	0.0004172314004382664
13.471006047555708	0.0005167660909193134
13.477584870771985	0.000632527003068422
13.484163693988261	0.0007659211219099358
13.49074251720454	0.0009183248149670814
13.497321340420818	0.0010910652374424698
13.503900163637095	0.0012854012437895608
13.510478986853371	0.0015025040042276074
13.51705781006965	0.001743437538746696
13.523636633285928	0.0020091393936023934
13.530215456502205	0.0023004016959395574
13.536794279718482	0.002617852830923981
13.54337310293476	0.0029619399915531215
13.556530749367315	0.003730808637126766
13.563109572583592	0.004155438780486496
13.56968839579987	0.004606377509579984
13.582846042232426	0.005584237826496359
13.589424865448702	0.006109049523694491
13.59600368866498	0.006655943704283022
13.609161335097536	0.007808913535801908
13.615740158313812	0.008410825852983195
13.622318981530091	0.009026510986641983
13.635476627962646	0.010288317253181445
13.661791920827755	0.01284694453495606
13.668370744044033	0.013474110879937495
13.67494956726031	0.014089102541306598
13.688107213692863	0.015267900563267904
13.69468603690914	0.01582442875330653
13.701264860125418	0.016354293746336807
13.714422506557973	0.017320440845245463
13.72100132977425	0.01775031499583705
13.727580152990528	0.01814077332910741
13.734158976206807	0.018489140120676
13.740737799423083	0.01879300161941636
13.74731662263936	0.019050230538753838
13.753895445855639	0.01925900774451089
13.760474269071917	0.019417840875371576
13.767053092288194	0.019525579675163347
13.77363191550447	0.01958142786300282
13.780210738720749	0.019584951414281182
13.786789561937027	0.019536083174213126
13.793368385153304	0.019435123774323423
13.79994720836958	0.019282738868469783
13.80652603158586	0.01907995275064093
13.813104854802138	0.018828138458790066
13.819683678018414	0.018529004507778342
13.826262501234691	0.01818457842979519
13.83284132445097	0.01779718733137588
13.839420147667248	0.017369435702969446
13.845998970883524	0.01690418073904123
13.852577794099801	0.01640450544512638
13.85915661731608	0.015873689822022276
13.872314263748635	0.014732558625896664
13.878452409027652	0.014170465868050394
13.88459055430667	0.013593635095876907
13.896866844864702	0.012408061759818578
13.921419425980769	0.009994291208038087
13.927557571259786	0.009398968116645236
13.933695716538802	0.008812317998281551
13.945972007096834	0.0076747570417538494
13.952110152375852	0.0071282729578944996
13.958248297654869	0.006599284942857534
13.970524588212902	0.005600435971667416
13.976662733491917	0.005133335954948389
13.982800878770934	0.004689239897962688
13.988939024049952	0.004268942503479169
13.995077169328969	0.0038730001314217465
14.001215314607986	0.003501732581981754
14.007353459887002	0.0031552275595524907
14.019629750445034	0.002535741220755772
14.025767895724051	0.0022618530092250143
14.031906041003069	0.0020109413618314377
14.038044186282086	0.001782095016531024
14.044182331561101	0.0015742535152941995
14.050320476840117	0.0013862296829674223
14.056458622119134	0.001216734176962875
14.062596767398151	0.00106440187634777
14.068734912677169	0.0009278198446678629
14.074873057956186	0.0008055565686383524
14.081011203235201	0.0006961921454938379
14.087149348514217	0.0005983490658769144
14.093287493793234	0.0005107232175346425
14.099425639072251	0.00043211471835817323
14.105563784351268	0.00036145817602456845
14.111701929630286	0.0002978519660189814
14.117840074909301	0.00024058612071643044
14.123978220188317	0.00018916842935886094
14.130116365467334	0.000143348362451781
14.136254510746351	0.00010313845411153572
14.142392656025368	0.0000688328019619296
14.148530801304386	0.0000410223759485448
14.154668946583401	0.000020606864281185085
14.160807091862416	8.802826067464027e-6
14.166945237141434	7.147965156531835e-6
14.173083382420451	0.000017501387577325764
14.179221527699468	0.00004203975467118471
14.185359672978485	0.00008324929476192112
14.191497818257501	0.00014391368697129828
14.197635963536516	0.0002270978807307972
14.203774108815534	0.00033612796271943746
14.20991225409455	0.0004745672287508095
14.216050399373568	0.0006461886606259929
14.222188544652585	0.0008549440469944646
14.2283266899316	0.0011049300218431302
14.234464835210616	0.001400351324696525
14.240602980489633	0.0017454816123659445
14.24674112576865	0.0021446221731464847
14.252879271047668	0.0026020589111423508
14.259017416326685	0.003122017980878195
14.2651555616057	0.003708620460617152
14.271809661600518	0.004424418432908122
14.278463761595333	0.0052279902398737355
14.28511786159015	0.006123788819075481
14.291771961584967	0.007115858868885577
14.298426061579784	0.008207771032582125
14.305080161574601	0.009402558473647446
14.318388361564235	0.012109845822931254
14.325042461559052	0.01362520021637816
14.33169656155387	0.015249038926929106
14.345004761543503	0.018819427546399703
14.35165886153832	0.020762495671289773
14.358312961533137	0.02280703265019189
14.371621161522771	0.02718378378238252
14.378275261517588	0.0295053687218629
14.384929361512405	0.03190717540864764
14.39823756150204	0.036920452632910536
14.424853961481308	0.04752348579669366
14.431508061476125	0.05023137906723787
14.438162161470942	0.052938148494154166
14.451470361460576	0.05829686781766327
14.478086761439844	0.06842342396707637
14.48474086143466	0.07075441379973436
14.491394961429478	0.072979319920242
14.498049061424295	0.07508592347441508
14.504703161419112	0.0770625808539022
14.511357261413929	0.07889833063029003
14.518011361408746	0.08058299515027159
14.524665461403563	0.08210727545789581
14.53131956139838	0.083462838281484
14.537973661393197	0.0846423939188042
14.544627761388014	0.0856397639710865
14.551281861382831	0.0864499380165384
14.557935961377648	0.08706911846827974
14.564590061372465	0.08749475303156062
14.571244161367282	0.08772555435491834
14.5778982613621	0.08776150665537957
14.584552361356916	0.08760385928587891
14.591206461351733	0.08725510739727002
14.59786056134655	0.0867189600279683
14.604514661341367	0.08600029612136903
14.611168761336184	0.08510510912795716
14.617822861331002	0.08404044098701727
14.624476961325819	0.08281430640430143
14.631131061320636	0.08143560844150283
14.637785161315453	0.07991404651346537
14.64443926131027	0.07826001794626399
14.651093361305087	0.07648451428748869
14.66440156129472	0.07261536978687531
14.691017961273989	0.0639433134189724
14.697231383331545	0.061804725312186205
14.7034448053891	0.05964334094196023
14.715871649504214	0.05528907846404079
14.740725337734439	0.046689723810404
14.746938759791995	0.044605636937550874
14.75315218184955	0.042560212199980116
14.765579025964662	0.038604743301579134
14.790432714194887	0.03133128012055028
14.796646136252445	0.029657380695181725
14.80285955831	0.028042496498733346
14.815286402425112	0.02498714504471519
14.821499824482668	0.02354397494071391
14.827713246540224	0.02215453357861302
14.840140090655336	0.019526706804428508
14.846353512712891	0.01828258329001802
14.852566934770447	0.017080896824554194
14.86499377888556	0.014792464093568138
14.889847467115786	0.01060013673602158
14.896060889173341	0.009621290504952341
14.902274311230897	0.008668892471759608
14.914701155346009	0.0068477218736056195
14.920914577403565	0.005983675590729418
14.92712799946112	0.005155713657446034
14.939554843576234	0.0036307420109764205
14.945768265633792	0.0029484348782928826
14.951981687691347	0.002331705589827038
14.958195109748903	0.0017914311187088236
14.964408531806459	0.0013399248461235455
14.970621953864015	0.0009909258379184605
14.97683537592157	0.0007595714519781221
14.983048797979126	0.0006623532972632185
14.989262220036682	0.0007170568120573456
14.995475642094238	0.0009426849698903894
15.001689064151794	0.0013593668510958612
15.00790248620935	0.0019882520309162655
15.014115908266907	0.0028513919263157828
15.020329330324465	0.003971609410351337
15.02654275238202	0.005372358140204064
15.032756174439577	0.007077573152620031
15.038969596497132	0.009111514356402672
15.045183018554688	0.01149860459517843
15.051396440612244	0.014263263967882508
15.0576098626698	0.017429742078873475
15.063823284727356	0.02102194984994575
15.070036706784911	0.025063292462309095
15.076250128842467	0.02957650491729613
15.082463550900023	0.03458349161037082
15.08867697295758	0.04010517120923174
15.094768594628896	0.0460373549401652
15.100860216300212	0.052500725358037154
15.106951837971527	0.0595114385761947
15.113043459642842	0.06708424044324968
15.119135081314159	0.07523236381620582
15.125226702985474	0.08396743550508332
15.137409946328106	0.10323641473739362
15.143501567999422	0.11378485471185265
15.149593189670737	0.12494919803291155
15.161776433013369	0.14913397084091798
15.167868054684686	0.1621537471041717
15.173959676356	0.17578811078412654
15.186142919698632	0.2048780411117268
15.192234541369949	0.2203176299733213
15.198326163041264	0.23633995149322753
15.210509406383895	0.27008141141585085
15.234875893069157	0.34390606262990076
15.240967514740472	0.36357518620817786
15.247059136411789	0.38368808817994604
15.259242379754419	0.42515629376845987
15.283608866439682	0.5124196181829905
15.289700488110999	0.5350024286649422
15.295792109782314	0.5578469509564667
15.307975353124945	0.6042355203010374
15.332341839810207	0.6992608164505916
15.381074813180732	0.894844363910752
15.478540759921783	1.2938554962179478
15.4851483363089	1.3209332839584937
15.491755912696014	1.347975092873506
15.504971065470247	1.4019060845976266
15.53140137101871	1.5087753025682067
15.538008947405826	1.5351903454414284
15.544616523792943	1.5614458600866254
15.557831676567174	1.6133880399495766
15.584261982115638	1.7142623388612768
15.590869558502755	1.738677392541175
15.597477134889871	1.7627018835422745
15.610692287664103	1.8094222751966136
15.617299864051219	1.8320336616685773
15.623907440438334	1.8540854080579954
15.637122593212567	1.8963140308600355
15.643730169599683	1.9163870025164271
15.6503377459868	1.935692714746715
15.656945322373915	1.9541737787554643
15.663552898761031	1.971770936622376
15.670160475148148	1.9884232943730218
15.676768051535262	2.0040685966672007
15.683375627922379	2.018643542715476
15.689983204309495	2.032084142275584
15.696590780696612	2.044326109797164
15.703198357083728	2.055305293997729
15.709805933470843	2.0649581394054684
15.71641350985796	2.073222175673422
15.723021086245076	2.08003652978038
15.72962866263219	2.0853424556517766
15.736236239019307	2.0890838751492113
15.742843815406424	2.091207923965761
15.74945139179354	2.0916654955868537
15.756058968180657	2.0904117762306695
15.762666544567772	2.0874067635645046
15.769274120954888	2.0826157619520984
15.775881697342005	2.0760098471300195
15.78248927372912	2.067566293416562
15.789096850116236	2.0572689569316727
15.795704426503352	2.0451086087708563
15.802312002890469	2.031083212683122
15.808919579277585	2.015198142481059
15.8155271556647	1.997466335218832
15.822134732051817	1.9779083770472696
15.828742308438933	1.9565525195975118
15.835349884826048	1.9334346257530122
15.848565037600281	1.8820934171852093
15.855172613987396	1.8539784130365922
15.861780190374512	1.8243174038695655
15.874995343148743	1.7606459820626388
15.901425648697208	1.6182257047578226
15.907592547147061	1.582589688307824
15.913759445596916	1.5462104672718329
15.926093242496627	1.4715542479122408
15.950760836296048	1.3170003190687831
15.956927734745904	1.2777560296327457
15.963094633195759	1.2384321283126787
15.97542843009547	1.1598573698418368
16.00009602389489	1.0050503976785783
16.006262922344746	0.9672316394203067
16.0124298207946	0.9298892533486658
16.024763617694312	0.8568536618182396
16.049431211493733	0.7187277681041151
16.05559810994359	0.6860921493909595
16.061765008393444	0.6542835388793196
16.074098805293154	0.5932573171203874
16.098766399092572	0.4821506767860048
16.104933297542424	0.4567370007605586
16.11110019599228	0.43228379582674453
16.12343399289199	0.38626369412552913
16.129600891341845	0.3646913675054922
16.1357677897917	0.34406873407161354
16.14810158669141	0.30562801936354056
16.154268485141266	0.2877803577694273
16.16043538359112	0.27082341470993937
16.172769180490832	0.2394925582073154
16.178936078940687	0.22506797999752887
16.185102977390542	0.21143315020857156
16.197436774290253	0.1864087116473332
16.20360367274011	0.17495312273069563
16.209770571189964	0.16415586781147296
16.222104368089674	0.1443930456808798
16.22827126653953	0.13535482580684588
16.234438164989385	0.12683029484117825
16.246771961889095	0.11117977728919665
16.25293886033895	0.10398484559788124
16.259105758788806	0.09716634325113194
16.271439555688517	0.08453753756948512
16.277606454138372	0.07867187870345527
16.283773352588227	0.07307237633209984
16.296107149487938	0.06258829919937714
16.302790002653595	0.05726630385330583
16.309472855819248	0.052173950099355826
16.322838562150558	0.04263109521296493
16.329521415316215	0.038166568152797675
16.336204268481872	0.0339033100976866
16.349569974813182	0.025990298446222304
16.356252827978835	0.022352547867354966
16.362935681144492	0.01893936770482807
16.36961853431015	0.015762277544154046
16.376301387475806	0.0128342814661567
16.382984240641463	0.010169446668473886
16.389667093807116	0.007782480528764707
16.39634994697277	0.005688313340362905
16.403032800138426	0.003901693299322412
16.409715653304083	0.002436799560781522
16.416398506469736	0.0013068783503765724
16.42308135963539	0.0005239062499471925
16.429764212801047	0.00009828390895175176
16.436447065966703	0.00003856259678813867
16.44312991913236	0.00035120523109938295
16.449812772298017	0.0010403828154941508
16.45649562546367	0.0021078066109822546
16.463178478629324	0.0035525958584424477
16.46986133179498	0.005371180467483194
16.476544184960638	0.0075572377870941065
16.483227038126294	0.01010166236908075
16.48990989129195	0.012992567513636838
16.496592744457605	0.0162153173329892
16.503275597623258	0.01975258806736499
16.509958450788915	0.023584457418184546
16.51664130395457	0.02768852070794328
16.523324157120225	0.03204003271857081
16.536689863451535	0.04137574107960604
16.56342127611416	0.061711586389221945
16.570104129279812	0.06694634467548222
16.57678698244547	0.07217088525477214
16.590152688776783	0.08244630916050613
16.59683554194244	0.08742651169246447
16.603518395108093	0.0922557842596571
16.616884101439403	0.10133078893186183
16.62356695460506	0.10551517030059714
16.630249807770713	0.10942651645727777
16.636932660936367	0.11303948744656918
16.643615514102024	0.11633134605980554
16.65029836726768	0.11928217810890292
16.656981220433334	0.12187508164797964
16.663664073598987	0.12409632197569449
16.670346926764644	0.12593544977763754
16.6770297799303	0.12738538037814845
16.683712633095954	0.12844243273978714
16.690395486261608	0.1291063275680562
16.697078339427264	0.1293801446197801
16.70376119259292	0.12927024005907886
16.710444045758578	0.12878612543234824
16.717126898924235	0.12794031051969512
16.72380975208989	0.12674811295020397
16.730370804869303	0.1252579759938741
16.73693185764872	0.12347036123155673
16.743492910428134	0.12140634211936902
16.75005396320755	0.11908866410786227
16.756615015986963	0.11654147375964419
16.763176068766377	0.11379004059601897
16.776298174325206	0.10777945089094251
16.78285922710462	0.10457392223874674
16.789420279884034	0.10127086100914945
16.802542385442866	0.09447856441978954
16.828786596560526	0.08085448224284887
16.83534764933994	0.07757459872661526
16.841908702119355	0.07438569492777325
16.855030807678187	0.06834861448511062
16.8615918604576	0.06552973655204683
16.86815291323702	0.06286029794818568
16.881275018795847	0.05800682579535678
16.88783607157526	0.05583629339968858
16.894397124354676	0.05384219789372251
16.900958177134093	0.05202626271959676
16.907519229913508	0.05038824718406332
16.91408028269292	0.0489259939647282
16.92064133547234	0.04763549004590545
16.927202388251754	0.04651094093572071
16.933763441031168	0.04554485809776605
16.940324493810582	0.04472815958263349
16.946885546589996	0.04405028385434184
16.953446599369414	0.04349931677136744
16.96000765214883	0.0430621315960389
16.966568704928243	0.0427245417681474
16.97312975770766	0.04247146599025031
16.979690810487075	0.042287104934688624
16.98625186326649	0.04215512860708423
16.992812916045903	0.04205887308937711
16.999373968825317	0.04198154505512176
17.005935021604735	0.04190643210937113
17.01249607438415	0.04181711667121224
17.019057127163563	0.041697690802608295
17.02561817994298	0.04153296910995427
17.032179232722395	0.04130869661795726
17.03874028550181	0.041011748352832125
17.045301338281224	0.04063031728760999
17.051862391060638	0.04015408730337337
17.058423443840056	0.03957438791401842
17.06498449661947	0.03888432769339936
17.071545549398884	0.038078903629151215
17.078106602178302	0.03715508400438171
17.084667654957716	0.036111862868334774
17.09122870773713	0.034950284687648256
17.097789760516545	0.033673438356426805
17.10435081329596	0.03228642036759263
17.117472918854787	0.02921186075530642
17.1240339716342	0.02754380031332901
17.130595024413616	0.025804257020130283
17.143717129972448	0.022166205399752295
17.1498375048146	0.020424238770469186
17.155957879656754	0.01867188084972253
17.168198629341063	0.015191687713023413
17.174319004183218	0.013492209959481666
17.180439379025373	0.011838731542737527
17.192680128709682	0.008725265225788717
17.198800503551837	0.007291972876367028
17.20492087839399	0.005957794730368046
17.211041253236147	0.004734424155753925
17.217161628078298	0.003632681517942757
17.22328200292045	0.002662415600706819
17.229402377762604	0.0018324178342537661
17.23552275260476	0.0011503494925891172
17.241643127446913	0.0006226817883132202
17.247763502289068	0.000254648587017528
17.253883877131223	0.000050211291265936375
17.260004251973378	0.00001203530830433397
17.26612462681553	0.00014147741860413843
17.27224500165768	0.00043858330378149235
17.278365376499835	0.0009020944718108187
17.28448575134199	0.001529463831898753
17.290606126184144	0.002316879217412887
17.2967265010263	0.003259294228000323
17.302846875868454	0.004350465855842325
17.30896725071061	0.005582998469238029
17.315087625552763	0.0069483938432819
17.32120800039492	0.008437107044120165
17.327328375237073	0.010038608084041126
17.33956912492138	0.013533338988054755
17.34568949976353	0.015401220123576143
17.351809874605685	0.01733135653479599
17.364050624289995	0.021320611185776918
17.37017099913215	0.023349719589241313
17.376291373974304	0.025381279873397118
17.388532123658614	0.02938922405208244
17.39465249850077	0.03133439113511536
17.400772873342923	0.03321983827614322
17.406893248185078	0.035030602056160896
17.41301362302723	0.036752224252864736
17.41913399786938	0.038370891167194894
17.425254372711535	0.03987357192879877
17.43137474755369	0.04124815392204252
17.437495122395845	0.04248357333217964
17.443615497238	0.04356993871373439
17.449735872080154	0.04449864543441477
17.45585624692231	0.045262478854509965
17.46197662176446	0.04585570416664258
17.46809699660661	0.046274140946980125
17.474217371448766	0.046515220653299
17.48033774629092	0.04657802554924243
17.486458121133076	0.046463307828092985
17.49257849597523	0.04617348805098445
17.498698870817385	0.04571263239193708
17.50481924565954	0.04508640858736867
17.510939620501695	0.044302020908506996
17.51705999534385	0.04336812489908094
17.523180370186004	0.042294723036495466
17.52930074502816	0.041093042868943046
17.53542111987031	0.03977539954290775
17.542057449428263	0.03823105362563106
17.54869377898622	0.036583876510122994
17.561966438102125	0.033056501752650624
17.56860276766008	0.031215156467938203
17.575239097218034	0.0293481540348053
17.588511756333943	0.025614122314872853
17.5951480858919	0.02378413260313706
17.601784415449853	0.02200212430307473
17.608420745007805	0.020284230376830595
17.61505707456576	0.018645311250533404
17.621693404123718	0.017098818619625554
17.62832973368167	0.015656686977202704
17.634966063239624	0.014329253140117966
17.64160239279758	0.013125203361577145
17.648238722355536	0.012051546984780705
17.65487505191349	0.011113615025082249
17.661511381471442	0.010315081583560134
17.6681477110294	0.009658005604136627
17.674784040587355	0.009142890195649685
17.681420370145307	0.008768756556785745
17.68805669970326	0.00853322946298593
17.694693029261217	0.008432631300215931
17.701329358819173	0.008462081755479502
17.707965688377126	0.008615600487894809
17.71460201793508	0.008886210399018393
17.721238347493035	0.00926603948201906
17.72787467705099	0.009746419642281512
17.734511006608944	0.010317981331557202
17.741147336166897	0.01097074330523179
17.747783665724853	0.01169419728125496
17.75441999528281	0.012477387730952992
17.761056324840762	0.013308987448805855
17.77432898395667	0.015070679748172514
17.780965313514628	0.015976902812598448
17.78760164307258	0.016883937567495448
17.80087430218849	0.01865204947210964
17.807510631746446	0.019489179574902885
17.8141469613044	0.020279403979501724
17.82078329086235	0.021011409141136757
17.827419620420308	0.02167433144668339
17.834055949978264	0.022257872764707747
17.840692279536217	0.022752422952271645
17.84732860909417	0.02314918788077052
17.853964938652126	0.02344032095218812
17.860601268210083	0.023619055521792706
17.867237597768035	0.023679835148904656
17.873873927325988	0.02361843819236152
17.880510256883944	0.023432092975551988
17.8871465864419	0.023119579588521712
17.893782915999854	0.022681314386287732
17.900419245557806	0.022119413393474778
17.907055575115763	0.021437731137800203
17.91369190467372	0.0206418719040466
17.920328234231672	0.019739171013881097
17.926964563789625	0.018738644476274824
17.93360089334758	0.0176509061919963
17.940237222905534	0.016488052804387657
17.946873552463487	0.015263517230535727
17.960146211579396	0.012688731213169283
17.966341863200093	0.01145800428340063
17.972537514820786	0.010227621781489393
17.984928818062173	0.007823226871251546
17.991124469682866	0.006676700590309746
17.99732012130356	0.005585113660409487
18.003515772924253	0.004561184109558379
18.009711424544946	0.00361689831269197
18.01590707616564	0.002763348218103104
18.022102727786333	0.002010583020577522
18.028298379407026	0.0013674777616461062
18.03449403102772	0.0008416209166190319
18.040689682648413	0.0004392225690351345
18.046885334269106	0.00016504429268274223
18.0530809858898	0.000022351373304148325
18.059276637510493	0.00001288752215948541
18.065472289131186	0.00013687177452578053
18.07166794075188	0.0003930168399108175
18.077863592372573	0.0007785677870681892
18.084059243993266	0.0012893596133938048
18.09025489561396	0.0019198919705500084
18.096450547234653	0.0026634190991039336
18.102646198855346	0.003512052866094864
18.108841850476043	0.004456876699548175
18.11503750209674	0.0054880681707309
18.121233153717434	0.006595027984378367
18.13362445695882	0.008990772559237026
18.158407063441594	0.014170269844873802
18.164602715062287	0.015473696816931656
18.17079836668298	0.01675611124541595
18.183189669924367	0.0192115422614371
18.18938532154506	0.020362608308405673
18.195580973165754	0.021448930966724532
18.201776624786447	0.02246113234506484
18.20797227640714	0.023390596365877626
18.214167928027834	0.024229523843929797
18.220363579648527	0.024970979491457754
18.22655923126922	0.025608931227626593
18.232754882889914	0.02613828221045942
18.238950534510607	0.026554896022795982
18.2451461861313	0.026855615433520538
18.251341837751994	0.02703827512028749
18.25753748937269	0.027101708685810903
18.263733140993388	0.027045750226366967
18.26992879261408	0.026871230625753945
18.276124444234775	0.026579968652930885
18.282320095855468	0.02617475684365273
18.28851574747616	0.025659342050493757
18.294711399096855	0.025038400459603302
18.300907050717548	0.024317506799392215
18.30710270233824	0.023503097415240457
18.313298353958935	0.02260242685804401
18.319494005579628	0.02162351763754162
18.331885308821015	0.01946656129263164
18.338080960441708	0.018307845367662653
18.3442766120624	0.017109401048628403
18.356667915303788	0.014637049432065962
18.362741766538242	0.013410272115419508
18.368815617772697	0.012188224543699121
18.3809633202416	0.009801473099695274
18.387037171476052	0.008657975369091343
18.393111022710507	0.007561408575042172
18.405258725179415	0.005547573449703653
18.41133257641387	0.004648147910498231
18.41740642764832	0.0038311477364103806
18.42348027888277	0.0031036654481302536
18.429554130117225	0.0024719147987969092
18.43562798135168	0.0019411632960227576
18.441701832586133	0.0015156755823292484
18.447775683820588	0.00119866858201495
18.45384953505504	0.000992279102094866
18.45992338628949	0.0008975443397246374
18.465997237523943	0.0009143955048688673
18.472071088758398	0.0010416645237370029
18.478144939992852	0.0012771035519802618
18.484218791227306	0.0016174168048987553
18.490292642461757	0.0020583040098742927
18.496366493696208	0.0025945146095858254
18.502440344930662	0.0032199116967327746
18.508514196165116	0.0039275445444341
18.51458804739957	0.004709728512800937
18.526735749868475	0.00646386257305414
18.532809601102926	0.007417570720483178
18.53888345233738	0.008409537110709166
18.55103115480629	0.01046812725573773
18.557105006040743	0.01151436266656098
18.563178857275197	0.01255827116834194
18.575326559744102	0.014598920911962063
18.581400410978553	0.015576157768742951
18.587474262213007	0.016512223744369656
18.599621964681916	0.018226151997143426
18.60569581591637	0.01898801329823966
18.61176966715082	0.019676825738454536
18.61784351838527	0.020286202523543184
18.623917369619726	0.02081049418406323
18.62999122085418	0.021244830668855234
18.636065072088634	0.021585157634852664
18.64213892332309	0.021828266894941634
18.64821277455754	0.021971820977172332
18.65428662579199	0.022014371732924663
18.660360477026444	0.02195537291137418
18.666434328260898	0.02179518659501107
18.672508179495352	0.021535083368683417
18.678582030729807	0.021177236074840716
18.684655881964257	0.020724706993697592
18.690729733198708	0.02018142828048203
18.696803584433162	0.019552175495817788
18.702877435667617	0.01884253408102184
18.70895128690207	0.018058858659903684
18.721098989370976	0.01629837527474045
18.727172840605427	0.015337654726181604
18.73324669183988	0.014334943157535494
18.74539439430879	0.012241273009124157
18.751984200259045	0.011078757483384591
18.758574006209297	0.009914035378749044
18.771753618109805	0.007630505285443135
18.778343424060058	0.006537722307465518
18.78493323001031	0.005494466842850209
18.791523035960566	0.004512798148697144
18.798112841910818	0.0036041127065249657
18.80470264786107	0.0027789950479293387
18.811292453811326	0.00204707687276876
18.81788225976158	0.0014169069972353853
18.82447206571183	0.0008958345584395305
18.831061871662087	0.0004899077194126959
18.83765167761234	0.0002037898672416759
18.84424148356259	0.00004069498277314208
18.850831289512847	2.3434919501517382e-6
18.8574210954631	0.00008893949730265845
18.86401090141335	0.0002991698467693916
18.870600707363607	0.0006302250404650765
18.87719051331386	0.0010778415195439428
18.883780319264112	0.0016363644403026272
18.890370125214368	0.002298829625702621
18.89695993116462	0.0030570630187278574
18.903549737114872	0.0039017956484532165
18.910139543065128	0.004822791868950686
18.91672934901538	0.005808988449176958
18.92990896091589	0.007929482033441161
18.9562681847169	0.012409611550983659
18.962857990667153	0.013504805560574169
18.96944779661741	0.014565180539486026
18.97603760256766	0.015579046636277983
18.982627408517914	0.016535344431704933
18.98921721446817	0.017423755124726832
18.99580702041842	0.01823479953097769
19.002396826368674	0.018959925500267854
19.00898663231893	0.019591583555615844
19.015576438269182	0.020123290720300634
19.022166244219434	0.02054968263301893
19.02875605016969	0.02086655415120244
19.035345856119942	0.02107088871291283
19.041935662070195	0.021160876768792178
19.04852546802045	0.02113592361145178
19.055115273970703	0.020996646925760802
19.061705079920955	0.020744864362751546
19.06829488587121	0.020383571409441775
19.074884691821463	0.019916909790296755
19.081474497771715	0.019350126601232816
19.08806430372197	0.018689524346097053
19.094654109672224	0.017942402026198588
19.101243915622476	0.01711698742792521
19.114423527522984	0.015268369878494732
19.121013333473236	0.014265537210561556
19.127603139423492	0.013224958937080429
19.140782751323997	0.011077162104260053
19.147372557274252	0.009993995966608181
19.153962363224505	0.008920941039487908
19.167141975125013	0.006853858481594442
19.173291103138006	0.005946847269980335
19.179440231151	0.005089218942469616
19.18558935916399	0.004289761993073335
19.191738487176984	0.003556748524366077
19.197887615189977	0.0028978450818561846
19.20403674320297	0.002320028152695053
19.210185871215963	0.0018295055641426305
19.216334999228955	0.0014316449980826054
19.222484127241948	0.0011309107883466993
19.22863325525494	0.0009308100879789477
19.234782383267934	0.0008338493826188925
19.240931511280927	0.0008415021862346501
19.24708063929392	0.0009541885879949773
19.253229767306912	0.001171267128184661
19.259378895319905	0.0014910392713744468
19.265528023332894	0.0019107665217637237
19.271677151345884	0.0024266999956815347
19.277826279358877	0.0030341220362685613
19.28397540737187	0.00372739923223046
19.290124535384862	0.004500045994437908
19.296273663397855	0.005344797656201765
19.302422791410848	0.006253691902942261
19.314721047436834	0.008229106863460532
19.320870175449826	0.009277037125500816
19.32701930346282	0.010352128010212461
19.339317559488805	0.01254354209946142
19.363914071540776	0.016808779992583636
19.37006319955377	0.01779357079859899
19.376212327566762	0.018727466420603328
19.382361455579755	0.019602122884068526
19.388510583592748	0.020409762489028493
19.39465971160574	0.02114323219358651
19.400808839618733	0.0217960553783411
19.406957967631726	0.022362477099784984
19.41310709564472	0.022837503009121848
19.41925622365771	0.023216932156497862
19.425405351670705	0.023497383919871197
19.431554479683697	0.02367631929506399
19.43770360769669	0.02375205676135531
19.443852735709683	0.02372378289924922
19.450001863722676	0.02359155788647227
19.45615099173567	0.023356315941305026
19.462300119748658	0.02301986072077874
19.468449247761647	0.022584855621330856
19.47459837577464	0.022054808873960573
19.480747503787633	0.02143405327903155
19.486896631800626	0.02072772039015726
19.49304575981362	0.019941708935210016
19.49919488782661	0.019082647256759885
19.511493143852597	0.017175265837071525
19.51764227186559	0.01614342520676243
19.523791399878583	0.015071372832362102
19.53608965590457	0.012844969141156543
19.56068616795654	0.008347291832565162
19.56755044020467	0.007151863139770738
19.574414712452796	0.006009105587223423
19.581278984700923	0.004932654427548304
19.588143256949053	0.003935466929811303
19.595007529197183	0.003029638693021107
19.60187180144531	0.0022262251538626154
19.608736073693436	0.0015350716375819966
19.615600345941566	0.0009646554068661085
19.622464618189696	0.0005219431835406865
19.629328890437822	0.00021226754369026157
19.63619316268595	0.00003922541010784736
19.64305743493408	4.601583417557231e-6
19.649921707182205	0.00010831986431436569
19.65678597943033	0.0003484238277511077
19.66365025167846	0.0007210887240236795
19.670514523926588	0.0012206653141599612
19.677378796174715	0.0018397557151028365
19.684243068422845	0.0025693205551066862
19.69110734067097	0.003398815946185206
19.697971612919098	0.004316357995495606
19.704835885167228	0.005308911829871178
19.711700157415354	0.006362501426157335
19.72542870191161	0.008593547848133678
19.73229297415974	0.009740437565997462
19.739157246407867	0.010887719671006414
19.752885790904124	0.013123434043619046
19.759750063152254	0.01418329581279704
19.76661433540038	0.01518682939712783
19.773478607648507	0.016122102916235354
19.780342879896637	0.016978427758111835
19.787207152144767	0.017746485541171433
19.794071424392893	0.018418426425658215
19.80093569664102	0.01898793820091443
19.80779996888915	0.019450286401009948
19.81466424113728	0.0198023264738416
19.821528513385406	0.0200424897211145
19.828392785633532	0.020170745313192552
19.835257057881662	0.02018854114654014
19.842121330129793	0.020098726638937504
19.84898560237792	0.01990546074534505
19.855849874626045	0.019614108524903168
19.862714146874175	0.019231129504922416
19.869578419122302	0.0187639608858381
19.87644269137043	0.018220898326442747
19.88330696361856	0.017610976666331518
19.890171235866685	0.01694385250251669
19.89703550811481	0.016229690067584665
19.90389978036294	0.015479051378857904
19.917628324859194	0.013911956675204083
19.924492597107324	0.013117692029575051
19.93135686935545	0.012331146628510384
19.945085413851707	0.010825309276305276
19.951949686099837	0.010127557115606457
19.958813958347964	0.009480434456671377
19.96567823059609	0.008893821982719041
19.97254250284422	0.008377090874983846
19.97940677509235	0.007939015441587552
19.986271047340477	0.007587684301707677
19.993135319588603	0.007330410421614947
19.999999591836733	0.007173640657510083