4.0816326530612243e-7	15.999999999996446
0.006134358411192534	15.999197235244763
0.012268308659119763	15.996789347927214
0.01840225890704699	15.992776917833073
0.02453620915497422	15.987160911052898
0.03067015940290145	15.979942679666973
0.03680410965082868	15.97112396130935
0.042938059898755904	15.960706878607564
0.04907201014668314	15.948693938498266
0.055205960394610364	15.935088031419104
0.06133991064253759	15.919892430376992
0.06747386089046481	15.903110789893269
0.07360781113839204	15.884747144826097
0.07974176138631928	15.86480590907048
0.08587571163424651	15.843291874136472
0.09814361213010096	15.795566451469348
0.10427756237802818	15.769366520340492
0.11041151262595542	15.741616699554406
0.12267941312180988	15.681494371702875
0.1288133633697371	15.649136270122392
0.13494731361766432	15.615257085223702
0.1472152141135188	15.542968247342499
0.15334916436144602	15.504575874665353
0.15948311460937326	15.464696973733924
0.17175101510522772	15.380517999789276
0.19628681609693663	15.194763408862304
0.20242076634486383	15.144764391121194
0.20855471659279107	15.093364463670138
0.22082261708864553	14.986410935670127
0.24535841808035447	14.756250108471265
0.2514923683282817	14.695402456323853
0.2576263185762089	14.63326001985034
0.26989421907206335	14.505149493050617
0.2944300200637723	14.234052271574168
0.3005639703116995	14.16327074636162
0.30669792055962675	14.091318910039492
0.3189658210554812	13.943971456163666
0.34350162204719015	13.635984765541089
0.39257322403060796	12.97089531181669
0.39922312899433554	12.876132241026061
0.40587303395806307	12.780340764092786
0.41917284388551823	12.585774474708094
0.44577246374042856	12.185432721422742
0.4989717034502492	11.345845324078706
0.6053701828698904	9.559949278653205
0.6120200878336179	9.44556275437485
0.6186699927973456	9.331015883221475
0.6319698027248006	9.101550016660635
0.658569422579711	8.641886117554586
0.7117686622895316	7.725565176960842
0.8181671417091729	5.949893534752875
0.8243763687356396	5.85014931075756
0.8305855957621063	5.750944959843268
0.8430040498150397	5.554220963256797
0.8678409579209065	5.167952785686398
0.9175147741326402	4.427435183128241
0.9237240011591068	4.338138842073235
0.9299332281855736	4.249610977649535
0.942351682238507	4.0749076960599835
0.9671885903443738	3.7352228972097943
1.0168624065561074	3.0969744694115495
1.0230716335825742	3.0212199182024158
1.029280860609041	2.9463857208105773
1.0416993146619742	2.7995052241382052
1.066536222767841	2.517065646100849
1.0727454497943079	2.4488460036964117
1.0789546768207745	2.381592018678176
1.0913731308737078	2.2499975692818714
1.1162100389795746	1.9985607364023803
1.1224192660060415	1.9381665885024384
1.1286284930325081	1.878762934620508
1.1410469470854414	1.7629335492855
1.1658838551913082	1.543214267298601
1.2155576714030418	1.151501950702684
1.2216450980432683	1.1078516238310188
1.2277325246834945	1.0651445906865313
1.239907377963947	0.9825487844054268
1.2642570845248517	0.8285349309564856
1.270344511165078	0.792337476461405
1.2764319378053042	0.7570536938360105
1.2886067910857566	0.6892078279508619
1.3129564976466614	0.5642551576778536
1.3190439242868877	0.5352209801905714
1.3251313509271139	0.5070561327676429
1.3373062042075663	0.4533082669293728
1.3433936308477925	0.4277116756664846
1.3494810574880187	0.4029572764396312
1.3616559107684714	0.35594582579111456
1.3677433374086978	0.3336737069270785
1.373830764048924	0.3122136532294109
1.3860056173293764	0.2716976989666356
1.3920930439696027	0.25262536453653234
1.3981804706098289	0.23433223585096016
1.4103553238902813	0.20004900226898742
1.4164427505305075	0.18404122994519936
1.4225301771707337	0.16877733705622303
1.4347050304511861	0.14044431618958098
1.4407924570914123	0.12735642387207632
1.4468798837316386	0.11497489103492291
1.4590547370120912	0.09229202792206963
1.4651421636523176	0.08197097592638765
1.4712295902925439	0.0723168488195507
1.47731701693277	0.06331952188938196
1.4834044435729963	0.05496877288154511
1.4894918702132225	0.047254286454633664
1.4955792968534487	0.040165658640047515
1.501666723493675	0.03369240130490353
1.5077541501339011	0.027823946616233046
1.5138415767741273	0.022549651504727188
1.5199290034143536	0.017858802126298177
1.5260164300545798	0.013740618319733866
1.532103856694806	0.010184258058731724
1.5381912833350322	0.007178821896608794
1.5442787099752584	0.004713357401994477
1.5503661366154846	0.0027768635838244836
1.556453563255711	0.0013582953039662346
1.5625409898959375	0.00044656767581877766
1.5686284165361637	0.000030560447242859947
1.57471584317639	0.00009912236619176267
1.5808032698166161	0.0006410755274273173
1.5868906964568423	0.0016452196987206162
1.5929781230970685	0.00310033662495305
1.5990655497372948	0.004995194308549444
1.605152976377521	0.007318551264692053
1.6117563577335474	0.010310269832804714
1.618359739089574	0.013778612010941174
1.6249631204456008	0.017709225709804564
1.6315665018016272	0.02208776984575367
1.6381698831576539	0.026899920497879842
1.6447732645136806	0.03213137700887192
1.6579800272257337	0.043795157488017766
1.6645834085817603	0.05019905053081338
1.6711867899377868	0.05696539935071058
1.6843935526498401	0.07152914301000173
1.7108070780739464	0.10439015784191286
1.7174104594299728	0.11330270749363189
1.7240138407859995	0.12246690311684699
1.7372206034980526	0.1414964418270978
1.7636341289221589	0.1819895340488899
1.8164611797703716	0.2698492759259136
1.8230645611263983	0.28123688046192247
1.8296679424824247	0.2926753568308046
1.842874705194478	0.3156598732925377
1.8692882306185843	0.36175347291320487
1.9221152814667968	0.452146765978114
1.9287186628228232	0.463092195139972
1.93532204417885	0.47392962010474965
1.948528806890903	0.49524764807190214
1.9749423323150095	0.5362385623686693
1.9815457136710362	0.5461006557807361
1.9881490950270626	0.5557946490385377
2.001355857739116	0.5746523809246173
2.027769383163222	0.6100774019715177
2.033932086581988	0.6178733712726879
2.0400947900007536	0.6254829652143156
2.052420196838285	0.6401275588768158
2.0585829002570506	0.6471552412962968
2.0647456036758163	0.6539819132698774
2.0770710105133476	0.6670194190456347
2.0832337139321133	0.673224262793026
2.089396417350879	0.6792161149403412
2.1017218241884104	0.6905506710721036
2.107884527607176	0.6958886955632512
2.1140472310259417	0.7010043678849366
2.1263726378634735	0.7105610708372521
2.1325353412822396	0.7149987072441628
2.1386980447010053	0.7192072009393341
2.144860748119771	0.7231852483571298
2.1510234515385367	0.7269317012505316
2.1571861549573024	0.7304455654314858
2.163348858376068	0.7337259994528251
2.1756742652135994	0.7395839666230765
2.181836968632365	0.742160567921757
2.1879996720511308	0.7445018723316456
2.1941623754698965	0.7466077803656825
2.200325078888662	0.7484783362001508
2.206487782307428	0.7501137259769338
2.2126504857261935	0.7515142760559426
2.218813189144959	0.752680451218858
2.224975892563725	0.7536128528253596
2.2311385959824905	0.7543122169230169
2.237301299401256	0.7547794123120395
2.243464002820022	0.7550154385660971
2.2496267062387876	0.7550214240104253
2.2557894096575533	0.7547986236584527
2.261952113076319	0.7543484171081966
2.2681148164950846	0.7536723063996733
2.2742775199138503	0.7527719138346002
2.280440223332616	0.7516489797596558
2.2866029267513817	0.7503053603145844
2.2927656301701473	0.7487430251464379
2.298928333588913	0.7469640550912562
2.3050910370076787	0.7449706398244872
2.3112537404264444	0.7427650754814659
2.31741644384521	0.7403497622492692
2.323579147263976	0.7377272019312681
2.3297418506827423	0.7348999954857084
2.335904554101508	0.7318708405396527
2.3482299609390394	0.7252179439202293
2.354392664357805	0.7216000581522942
2.3605553677765707	0.7177919305715256
2.372880774614102	0.7096176029272108
2.3790434780328678	0.7052579299953193
2.3852061814516334	0.7007210642578757
2.397531588289165	0.6911296345960027
2.4221824019642275	0.6699769563160698
2.4288610600987934	0.6638181534551729
2.4355397182333594	0.6574862197362703
2.4488970345024916	0.6443231344600912
2.4756116670407557	0.6161448576037409
2.5290409321172844	0.5535803271102592
2.5357195902518503	0.545285018783733
2.5423982483864167	0.5369028387915682
2.5557555646555485	0.5199003678047449
2.582470197193813	0.4851005443175833
2.6358994622703413	0.41357265330076726
2.6425781204049072	0.40455820108132573
2.649256778539473	0.39554538180632504
2.6626140948086054	0.3775456737689199
2.6893287273468696	0.3417942383250898
2.7427579924233982	0.27238543049597774
2.749436650557964	0.26399646449383113
2.7561153086925305	0.2556859223058744
2.7694726249616624	0.23931663007825685
2.796187257499927	0.20769575490767953
2.849616522576455	0.14972813577617608
2.8561733803247806	0.14315997336465178
2.862730238073106	0.13672018940676872
2.8758439535697575	0.12423528824954677
2.90207138456306	0.10090511815774368
2.9086282423113854	0.09542565758921229
2.915185100059711	0.09009095259100693
2.9282988155563623	0.07986201621359101
2.9545262465496647	0.06120360207766626
2.96108310429799	0.056920486593078815
2.9676399620463156	0.0527918105250849
2.980753677542967	0.04500063134839066
2.987310535291293	0.04133929676394694
2.9938673930396185	0.03783473960104007
3.0069811085362694	0.03129716673046174
3.013537966284595	0.028264502398574337
3.0200948240329204	0.02538931966426683
3.026651681781246	0.022671544299573198
3.033208539529572	0.020111003587979723
3.0397653972778977	0.017707427230239554
3.0463222550262232	0.015460448303356494
3.059435970522874	0.011434338049648373
3.0659928282711997	0.009653999113528159
3.072549686019525	0.008027844663805713
3.0791065437678506	0.006555040834455064
3.0856634015161766	0.0052346639496134014
3.0922202592645025	0.00406570182601236
3.098777117012828	0.003047055120111233
3.1053339747611535	0.0021775387187841374
3.111890832509479	0.0014558831723952104
3.1184476902578044	0.000880736169078364
3.12500454800613	0.00045066404902319206
3.1315614057544554	0.00016415335755296271
3.1381182635027813	0.000019612435766355378
3.1446751212511073	0.000015373047501045615
3.1512319789994327	0.00014969204136427473
3.1577888367477582	0.00042075304656390887
3.1643456944960837	0.0008266682012619244
3.170902552244409	0.0013654799121620958
3.1774594099927347	0.0020351626440340397
3.18401626774106	0.002833624737866992
3.190573125489386	0.0037587102563388206
3.197129983237712	0.0048082008552782175
3.2036868409860375	0.005979817679792549
3.210243698734363	0.007271223283727559
3.2168005564826885	0.008680023571120167
3.223357414231014	0.010203769758302722
3.2299142719793394	0.011839960355313053
3.2430279874759904	0.015439417300313965
3.249584845224316	0.017397435212916305
3.2561417029726414	0.01945740474095147
3.269255418469293	0.023872219279454487
3.2753715982803575	0.026060707507949508
3.2814877780914222	0.028328349692377228
3.2937201377135517	0.033091718775058836
3.3181848569578105	0.04346386494613542
3.3243010367688752	0.04621884658010471
3.33041721657994	0.04903367324340925
3.3426495762020694	0.05483287796129507
3.3671142954463282	0.06703898270346322
3.373230475257393	0.07020232333794463
3.3793466550684577	0.07340529590405218
3.391579014690587	0.07991992554810813
3.416043733934846	0.0933124715619204
3.4649731724233637	0.12098327601472375
3.4710893522344284	0.12447644756903223
3.477205532045493	0.127969077063246
3.4894378916676225	0.13494311897252967
3.5139026109118814	0.14878040481337618
3.562832049400399	0.17550550396448952
3.568948229211464	0.17871514836037414
3.5750644090225285	0.18188887893456326
3.587296768644658	0.18812085202188208
3.611761487888917	0.20007072649190044
3.6178776676999815	0.2029406939736123
3.6239938475110463	0.20576025575083157
3.6362262071331757	0.21124168562161755
3.6606909263774345	0.22153085626095376
3.6673230609043	0.22415599069602687
3.673955195431165	0.22670783959603447
3.687219464484895	0.2315852822819435
3.6938515990117597	0.2339078390987214
3.700483733538625	0.23615103752165603
3.7137480025923555	0.24039401044111852
3.7203801371192204	0.24239127759744758
3.7270122716460854	0.24430417238745622
3.7402765406998157	0.24787257225693796
3.746908675226681	0.24952611095494945
3.753540809753546	0.2510913448625496
3.766805078807276	0.25395371635835606
3.773437213334141	0.25524943395277083
3.780069347861006	0.25645400674502344
3.786701482387871	0.2575668955859551
3.7933336169147363	0.25858762948792985
3.7999657514416016	0.25951580545775943
3.8065978859684666	0.26035108828618564
3.8132300204953316	0.26109321029433735
3.8198621550221965	0.26174197103760155
3.8264942895490615	0.2622972369673733
3.8331264240759264	0.26275894105117303
3.8397585586027914	0.2631270823516454
3.8463906931296568	0.26340172556497055
3.853022827656522	0.26358300051924893
3.859654962183387	0.26367110163343827
3.866287096710252	0.2636662873374429
3.872919231237117	0.26356887945397817
3.879551365763982	0.2633792625428529
3.886183500290847	0.2630978832083328
3.892815634817712	0.2627252493702643
3.8994477693445773	0.2622619294996656
3.9060799038714427	0.26170855181949726
3.9127120383983076	0.26106580347135594
3.9193441729251726	0.2603344296488411
3.9259763074520375	0.25951523269837
3.9326084419789025	0.25860907118822507
3.9392405765057674	0.2576168589466379
3.9458727110326324	0.25653956406972894
3.9525048455594978	0.2553782079001326
3.959136980086363	0.25413386397715615
3.965769114613228	0.25280765695932944
3.979033383666958	0.24991440121838507
3.985665518193823	0.24834984734239032
3.9922976527206884	0.24670841773174165
4.005561921774419	0.24320042818389984
4.012194056301284	0.2413367257506241
4.018826190828149	0.23940186007882808
4.0320904598818785	0.23532480656787425
4.0387225944087435	0.23318579874001877
4.045354728935608	0.23098198503712034
4.058618997989338	0.22638669457686367
4.085147536096799	0.21649454973577237
4.091338992686403	0.21406084737596653
4.097530449276007	0.21158302279824515
4.109913362455217	0.20650123285869998
4.134679188813633	0.19587756960375016
4.184210841530467	0.17315644055734183
4.283274146964134	0.12483605629161809
4.289465603553738	0.12180787130245041
4.295657060143342	0.11878859650161894
4.3080399733225505	0.11278313326811187
4.332805799680967	0.1009481763358131
4.382337452397801	0.07831594436502122
4.388528908987405	0.07561175407943838
4.394720365577009	0.07293974931314033
4.407103278756217	0.06769732827001766
4.431869105114634	0.057652551867811146
4.438060561704239	0.05523973465714444
4.4442520182938425	0.05286844832853329
4.456634931473051	0.04825458903103406
4.481400757831468	0.039568832232144045
4.487470414034831	0.03755550193670316
4.493540070238195	0.0355892037215023
4.505679382644923	0.03180062397983488
4.511749038848286	0.02997972518841277
4.51781869505165	0.028208623483910608
4.529958007458378	0.02481823106008472
4.536027663661741	0.023200070660298847
4.542097319865105	0.021633967673656152
4.554236632271833	0.01865984142308044
4.560306288475196	0.01725269105717057
4.56637594467856	0.015899343737860828
4.578515257085288	0.013355446776320017
4.584584913288651	0.01216551000717161
4.590654569492015	0.011030602016867355
4.602793881898743	0.008926740033826791
4.608863538102106	0.007958138662915105
4.61493319430547	0.007045271446384834
4.627072506712198	0.005387089026759835
4.633142162915561	0.004641868299343611
4.639211819118925	0.003952570951289087
4.645281475322289	0.0033191645669274064
4.651351131525653	0.002741585175783178
4.657420787729016	0.002219737449292661
4.66349044393238	0.0017534949142123976
4.669560100135744	0.0013427001825163797
4.675629756339107	0.0009871651975718217
4.68169941254247	0.0006866714963753294
4.687769068745833	0.000440970487624252
4.693838724949197	0.000249783745389449
4.699908381152561	0.000112803318148557
4.705978037355925	0.00002969205293196591
4.712047693559288	8.393432600647978e-8
4.718117349762652	0.000023584438071153737
4.724187005966016	0.00009977089898621815
4.73025666216938	0.0002281928929428832
4.736326318372743	0.000408372632608518
4.742395974576107	0.0006398053766689479
4.748465630779471	0.0009219598522368015
4.754535286982835	0.0012542786901451849
4.760604943186198	0.0016361788728207467
4.766674599389562	0.002067052194424714
4.772744255592926	0.002546265732945178
4.77881391179629	0.00307316233391882
4.784883567999653	0.0036470611054553654
4.790953224203017	0.004267257924233353
4.797022880406381	0.004933025952131334
4.803092536609745	0.005643616163154268
4.809162192813108	0.006398257880310889
4.821301505219836	0.008036508158210852
4.8273711614231996	0.008918472074211347
4.833440817626563	0.009841199344650546
4.845580130033291	0.011805443487942305
4.869858754846746	0.016183599094045008
4.876444365765909	0.01746840308303046
4.883029976685074	0.01879233541594699
4.896201198523402	0.021552451884987115
4.922543642200059	0.027484790792338325
4.975228529553371	0.04069079291458598
4.981814140472535	0.042439755568038424
4.988399751391699	0.04420574529949442
5.001570973230027	0.047782993572139366
5.027913416906683	0.05507780013288682
5.080598304259996	0.06990398386147992
5.0871839151791605	0.07175152240230843
5.093769526098324	0.07359310607211145
5.106940747936653	0.07725292043410252
5.133283191613309	0.08444147313547448
5.139868802532472	0.08620363176850934
5.146454413451637	0.08794923387457758
5.159625635289965	0.09138578298968365
5.185968078966621	0.09800646953762629
5.192553689885784	0.09960226110451614
5.199139300804949	0.10117206023992413
5.212310522643277	0.10422938887069041
5.2386529663199335	0.10998632111395144
5.245238577239098	0.11134536349912734
5.2518241881582615	0.11267049524956702
5.26499540999659	0.11521558149793934
5.291337853673246	0.11986255006545726
5.2974827866551495	0.12085759128612229
5.303627719637053	0.12181781215367167
5.315917585600859	0.12363176130061337
5.322062518582762	0.12448453332283674
5.328207451564666	0.12530057281930546
5.340497317528472	0.12682080707734023
5.346642250510375	0.12752423926882953
5.3527871834922784	0.1281894140177211
5.358932116474182	0.12881601152423824
5.365077049456085	0.1294037367318465
5.371221982437988	0.12995231938710555
5.377366915419891	0.130461514084773
5.3835118484017945	0.13093110029819968
5.389656781383698	0.1313608823950635
5.395801714365601	0.13175068963849665
5.401946647347504	0.13210037617367126
5.408091580329407	0.13240982099991344
5.414236513311311	0.1326789279284266
5.420381446293214	0.13290762552571134
5.426526379275117	0.13309586704277676
5.43267131225702	0.13324363033024778
5.4388162452389235	0.13335091773947733
5.444961178220827	0.13341775600978378
5.45110611120273	0.13344419614193795
5.457251044184633	0.1334303132580342
5.463395977166536	0.13337620644788517
5.46954091014844	0.13328199860208778
5.475685843130343	0.13314783623191623
5.481830776112245	0.13297388927620238
5.487975709094148	0.1327603508953725
5.4941206420760516	0.13250743725281514
5.500265575057954	0.13221538728376234
5.506410508039857	0.1318844624518711
5.51255544102176	0.13151494649370063
5.5187003740036635	0.13110714515128472
5.524845306985567	0.13066138589300635
5.537135172949373	0.12965741037920583
5.543280105931276	0.12909995502058047
5.54942503891318	0.12850606290322522
5.561714904876986	0.12721071428651815
5.567859837858889	0.1265101799250509
5.5740047708407925	0.12577505236125883
5.586294636804599	0.12420307046453971
5.592439569786502	0.12336728801071371
5.598584502768405	0.12249905531873646
5.610874368732212	0.12066757433134657
5.635454100659825	0.11664180789862783
5.641599033641728	0.11556355828619455
5.647743966623631	0.11445793895904298
5.6600338325874375	0.11216740828820772
5.68461356451505	0.10728960591113915
5.691274452212754	0.10590452900647782
5.697935339910457	0.10449435980712647
5.711257115305864	0.10160279873117274
5.737900666096679	0.09556382202117718
5.7911877676783075	0.08270249414492892
5.797848655376011	0.08104277446865642
5.804509543073714	0.07937519217746224
5.817831318469121	0.07602090559058397
5.844474869259935	0.06926705863181341
5.897761970841564	0.05582522975977498
5.904422858539267	0.05417226022890074
5.9110837462369705	0.05252885915155485
5.924405521632378	0.049274852569094515
5.951049072423192	0.04292596018729153
5.957709960120896	0.04137755003719158
5.964370847818599	0.0398465480727693
5.977692623214006	0.036840408197009365
6.00433617400482	0.031076100080676492
6.010997061702524	0.029691579833846533
6.017657949400227	0.028331284832491827
6.030979724795634	0.02568641578280474
6.057623275586448	0.02071969987905973
6.064284163284151	0.019549258742464465
6.070945050981855	0.018408574347833266
6.084266826377263	0.016218813904195595
6.110910377168077	0.01222075662008766
6.11744946447954	0.01132003069518825
6.123988551791003	0.010451877303549508
6.137066726413929	0.008814760336641157
6.143605813725392	0.008046473705457037
6.150144901036855	0.007312113239839204
6.163223075659781	0.005946261791449621
6.169762162971244	0.005315256088023978
6.176301250282707	0.00471914698427555
6.18284033759417	0.00415811665448739
6.189379424905633	0.003632323031892544
6.195918512217096	0.003141899803504259
6.202457599528559	0.0026869564211422247
6.208996686840022	0.002267578128580903
6.215535774151486	0.0018838260047356417
6.22207486146295	0.0015357370227923799
6.228613948774413	0.0012233241251758556
6.235153036085876	0.0009465763142420808
6.241692123397339	0.0007054587585707676
6.248231210708802	0.0004999129147230648
6.254770298020265	0.00032985666432095817
6.261309385331728	0.0001951844662948944
6.267848472643191	0.00009576752413686167
6.274387559954654	0.00003145396798693339
6.280926647266117	2.06905137219831e-6
6.28746573457758	7.415362408078285e-6
6.294004821889043	0.000047273049263265226
6.300543909200506	0.0001214000596809082
6.307082996511969	0.0002295323943402485
6.313622083823432	0.00037138437383464254
6.320161171134895	0.0005466489190338325
6.326700258446358	0.0007549978445904313
6.333239345757821	0.0009960821653428745
6.339778433069284	0.001269532415359587
6.346317520380747	0.001574958979361781
6.35285660769221	0.0019119524362551973
6.359395695003673	0.002280083914494167
6.3724738696265995	0.0031079504093067685
6.3790129569380625	0.0035667337887497048
6.3855520442495255	0.0040547527042085795
6.3986302188724515	0.005116398459478533
6.405169306183915	0.0056889336721104265
6.411708393495378	0.00628852203561434
6.4247865681183045	0.007566498395538541
6.431325655429768	0.008243668669101747
6.437864742741231	0.008945457586877655
6.4509429173641575	0.010420299761331311
6.47709926661001	0.013636177709136084
6.483638353921473	0.0144915343145243
6.490177441232936	0.015366006112025668
6.503255615855862	0.017169335837862586
6.529411965101714	0.020972334735997435
6.5355103744759155	0.021892538315905062
6.541608783850118	0.02282408283658516
6.553805602598523	0.024718608457839502
6.578199240095332	0.0286151144277819
6.626986515088949	0.03668985250784742
6.633084924463152	0.03771265326378271
6.639183333837353	0.0387362353286056
6.651380152585757	0.04078311173417051
6.675773790082566	0.04485745180208227
6.724561065076184	0.052785764705702655
6.730659474450386	0.0537440975997558
6.7367578838245885	0.05469317613927473
6.748954702572993	0.05656127426308157
6.773348340069802	0.060161628300903644
6.779446749444004	0.06103026804547139
6.7855451588182065	0.06188528623406973
6.797741977566611	0.06355245293699473
6.822135615063419	0.06670186074148628
6.828234024437622	0.06744801268660493
6.834332433811824	0.06817681328448534
6.846529252560227	0.0695807120018476
6.852627661934429	0.0702550162656892
6.858726071308632	0.07091038184906766
6.870922890057036	0.07216284685379301
6.877021299431238	0.07275925335703398
6.883119708805441	0.07333533565786274
6.895316527553845	0.07442528654450518
6.901414936928047	0.07493856817543272
6.90751334630225	0.07543035194263041
6.919710165050654	0.07634840240141186
6.926324529140657	0.07680918875202773
6.932938893230659	0.07724354298595376
6.939553257320662	0.07765120788994195
6.946167621410664	0.07803194588876236
6.952781985500667	0.07838553913393163
6.959396349590669	0.07871178957858078
6.966010713680672	0.0790105190384638
6.972625077770674	0.07928156923911642
6.979239441860677	0.07952480184918463
6.985853805950679	0.07974009849995149
6.992468170040682	0.07992736079110035
6.999082534130684	0.08008651028276137
7.005696898220687	0.08021748847389769
7.012311262310689	0.08032025676709653
7.0189256264006925	0.08039479641983996
7.025539990490695	0.08044110848233756
7.0321543545806975	0.08045921372201435
7.038768718670701	0.08044915253475374
7.045383082760703	0.08041098484300527
7.051997446850706	0.08034478998087509
7.058611810940708	0.0802506665663255
7.065226175030711	0.08012873236061824
7.071840539120713	0.07997912411514402
7.078454903210716	0.07980199740578976
7.085069267300718	0.07959752645500173
7.091683631390721	0.07936590394171128
7.098297995480723	0.07910734079929778
7.104912359570726	0.0788220660017701
7.111526723660728	0.07851032633835538
7.118141087750731	0.07817238617669228
7.131369815930736	0.07741904822225135
7.137984180020738	0.07700426477011331
7.144598544110741	0.07656450895096782
7.157827272290746	0.0756114894351135
7.164441636380748	0.07509896986488819
7.171056000470751	0.0745629655500064
7.184284728650756	0.07342215788816468
7.190899092740758	0.07281821837369738
7.197513456830761	0.07219252107637723
7.210742185010766	0.07087773252913968
7.237199641370776	0.06800845267911193
7.243814005460779	0.06724422609243592
7.250428369550782	0.06646232173690224
7.263657097730787	0.0648477339136811
7.290114554090797	0.06143175480992178
7.343029466810817	0.05398990089590747
7.349203152963559	0.053080137676958496
7.355376839116301	0.05216358035851106
7.367724211421784	0.05031225255541528
7.392418956032751	0.0465520247821712
7.441808445254684	0.03892407698993804
7.447982131407425	0.03797116662079421
7.454155817560167	0.037020191237524085
7.46650318986565	0.03512618218109159
7.491197934476617	0.031384693221307366
7.54058742369855	0.024202197113467053
7.546761109851293	0.023342118232608778
7.552934796004034	0.022491986096951924
7.565282168309517	0.020823350639321628
7.589976912920484	0.017624672282103335
7.596150599073226	0.016856295122328443
7.602324285225968	0.016101229392417534
7.614671657531451	0.014632547929477581
7.639366402142417	0.011871055889975684
7.645540088295158	0.011219304584985238
7.6517137744479005	0.010583640408220166
7.664061146753383	0.009361765609127035
7.670234832906125	0.008776123928529198
7.6764085190588665	0.00820770698620356
7.68875589136435	0.007123562896061336
7.694929577517092	0.006608315126896531
7.701103263669833	0.006111250636827564
7.713450635975317	0.005172502985137558
7.719624322128059	0.004731206177088217
7.7257980082808	0.004308865197073705
7.738145380586284	0.0035216924772816663
7.744835021454826	0.0031275686368834638
7.751524662323368	0.0027563958083497895
7.7582143031919095	0.002408318498645874
7.7649039440604515	0.0020834644186739867
7.771593584928993	0.0017819444502553243
7.778283225797535	0.0015038526250786717
7.784972866666077	0.0012492661155900624
7.791662507534619	0.001018245237789401
7.798352148403161	0.000810833465891825
7.805041789271703	0.0006270574588034308
7.811731430140245	0.00046692709835289604
7.818421071008787	0.00033043553921252794
7.825110711877329	0.00021755927043431221
7.831800352745871	0.00012825818851867977
7.838489993614413	0.00006247568192591946
7.845179634482956	0.000020138726932470655
7.851869275351499	1.1579947267568567e-6
7.858558916220041	5.427969631626032e-6
7.865248557088583	0.00003282707833321308
7.871938197957125	0.0000832178299886245
7.8786278388256665	0.00015644696707770275
7.8853174796942085	0.0002523456268570855
7.89200712056275	0.00037072951326781836
7.898696761431292	0.0005113990791409671
7.905386402299834	0.0006741397185389979
7.912076043168376	0.0008587219690641407
7.918765684036918	0.0010649017239585433
7.92545532490546	0.0012924204538147588
7.932144965774002	0.0015410054377089895
7.938834606642544	0.0018103700035635357
7.952213888379628	0.0024102229422518686
7.95890352924817	0.002740070503605034
7.965593170116712	0.003089416566018597
7.978972451853796	0.003845181812686781
7.985662092722338	0.00425085928855827
7.99235173359088	0.004674552454367905
8.005731015327964	0.005574374783963245
8.012420656196506	0.006049671023262439
8.019110297065048	0.0065413177651542755
8.032489578802132	0.007571883614378073
8.0592481422763	0.009809125301253547
8.065937783144841	0.01040231933111847
8.072627424013383	0.01100807246479505
8.086006705750467	0.012255208803849508
8.112765269224635	0.01487731297123218
8.166282396172972	0.02051102803119423
8.172850236655275	0.02122754846415334
8.179418077137576	0.021947746667899174
8.192553758102179	0.02339701529451904
8.218825120031386	0.026315915516900466
8.271367843889799	0.03211516940576095
8.2779356843721	0.032826188063300635
8.2845035248544	0.033532404751276
8.297639205819005	0.03492842819071816
8.32391056774821	0.037641121899972096
8.376453291606623	0.04264494051362269
8.383021132088924	0.04322238039086277
8.389588972571225	0.04378778798970164
8.402724653535829	0.04488098858514476
8.409292494018132	0.04540804735762074
8.415860334500433	0.045921605842806974
8.428996015465035	0.04690686666460605
8.435563855947336	0.04737791810722327
8.442131696429637	0.04783416785207003
8.455267377394241	0.04870108214484267
8.461835217876544	0.049111185164922855
8.468403058358845	0.0495053637438766
8.481538739323447	0.05024495330751446
8.488106579805748	0.05058989712465124
8.49467442028805	0.050917982410152066
8.50124226077035	0.051229006083355885
8.507810101252653	0.0515227774546899
8.514377941734956	0.05179911831756739
8.520945782217257	0.052057863031508195
8.53408146318186	0.05252196471823776
8.54064930366416	0.05272705386524098
8.547217144146462	0.05291401131614226
8.553784984628763	0.05308273519883647
8.560352825111066	0.05323313652047405
8.566920665593369	0.05336513918864384
8.57348850607567	0.053478680023709806
8.58005634655797	0.053573708762319684
8.586624187040272	0.05365018805210986
8.592751349585313	0.05370478981321319
8.598878512130353	0.05374321665916235
8.605005674675393	0.05376546856645753
8.611132837220435	0.05377155521327472
8.617259999765476	0.05376149594603712
8.623387162310516	0.053735319740351166
8.629514324855556	0.053693065156346635
8.635641487400598	0.05363478028846229
8.64176864994564	0.05356052270972299
8.64789581249068	0.05347035941055599
8.65402297503572	0.05336436673219802
8.66015013758076	0.05324263029474799
8.6662773001258	0.05310524491992233
8.67240446267084	0.05295231454857338
8.678531625215882	0.05278395215303452
8.684658787760922	0.05260027964435818
8.690785950305962	0.05240142777451523
8.696913112851004	0.05218753603362837
8.709167437941083	0.05171523393920701
8.715294600486125	0.05145714526375618
8.721421763031165	0.05118465983436061
8.733676088121246	0.050597232619041636
8.739803250666288	0.05028267770451165
8.745930413211328	0.04995449950392868
8.75818473830141	0.049258131613596434
8.782693388481572	0.047711767323984126
8.788820551026614	0.04729458914949161
8.794947713571654	0.04686568948220888
8.807202038661735	0.04597380341909146
8.831710688841898	0.04406156207765531
8.880727989202224	0.0397907211020136
8.886855151747266	0.039221243451475464
8.892982314292306	0.03864496119316053
8.905236639382387	0.037473357721392674
8.92974528956255	0.03506377258677076
8.978762589922875	0.03005903240225734
8.985405707183716	0.02936949601561955
8.992048824444556	0.02867872217014351
9.005335058966239	0.027295317954149075
9.031907528009604	0.02453401327966307
9.085052466096332	0.019135090219865338
9.091695583357174	0.018480444985500284
9.098338700618015	0.017831720068858553
9.111624935139696	0.016553683711248077
9.13819740418306	0.014086503947886615
9.144840521443902	0.013490495867894064
9.151483638704743	0.012903552769542904
9.164769873226424	0.011758303711193557
9.191342342269788	0.00959201057749555
9.19798545953063	0.009078229086381225
9.204628576791471	0.008576186740428326
9.217914811313152	0.007608492426009643
9.224557928573994	0.0071434036362786925
9.231201045834833	0.006691180008412044
9.244487280356516	0.005826348509452896
9.251130397617358	0.005414225878359095
9.257773514878199	0.005015938606397311
9.27105974939988	0.004261728109526698
9.277702866660722	0.0039062076653051917
9.284345983921561	0.0035653279193735826
9.297632218443244	0.0029281784721385622
9.304275335704085	0.0026322255389624105
9.310918452964927	0.0023515466804040165
9.317561570225767	0.0020862727277409657
9.324204687486608	0.001836523374847213
9.33084780474745	0.0016024071259320063
9.33749092200829	0.00138402125123602
9.34413403926913	0.0011814517506938392
9.350777156529972	0.0009947733255661183
9.357420273790813	0.0008240493580376316
9.364063391051655	0.0006693318987739241
9.370706508312495	0.0005306616624225491
9.377349625573336	0.0004080680310395772
9.383992742834177	0.0003015690654173106
9.390635860095017	0.00021117152428246154
9.397278977355858	0.00013687089132982222
9.4039220946167	0.00007865141005080329
9.41012453394028	0.000038786741879244477
9.41632697326386	0.000012886366662855587
9.42252941258744	9.111427997482305e-7
9.42873185191102	2.813544423998665e-6
9.434934291234601	0.000018537712324968344
9.441136730558181	0.000048019509805462604
9.447339169881761	0.00009118658343198372
9.453541609205342	0.0001479584286274949
9.459744048528922	0.0002182464600543086
9.465946487852502	0.0003019540867319498
9.472148927176082	0.0003989767918321202
9.478351366499663	0.0005092022170902088
9.484553805823243	0.0006325102517701554
9.490756245146823	0.0007687731261168797
9.496958684470403	0.0009178555092279459
9.503161123793982	0.0010796146112735763
9.50936356311756	0.0012539002899919697
9.51556600244114	0.0014405551613838443
9.5279708810883	0.0018503074304402683
9.534173320411881	0.0020730549048856876
9.540375759735461	0.0023074719750712743
9.552780638382622	0.0028105412452483084
9.558983077706202	0.0030787905195413354
9.565185517029782	0.0033579038172541257
9.577590395676943	0.003947848857404005
9.602400152971263	0.005248174258626959
9.608602592294844	0.005596940919959531
9.614805031618424	0.005954679063126616
9.627209910265584	0.006696025566858076
9.652019667559905	0.008274640318131845
9.701639182148547	0.01175182174587584
9.800878211325829	0.019439527980716416
9.806958850263168	0.01992046333889565
9.81303948920051	0.020400708858721434
9.825200767075188	0.021357944260096757
9.849523322824545	0.023251174389083158
9.898168434323264	0.026888644875327605
9.904249073260603	0.02732397444684827
9.910329712197942	0.027754118033204375
9.922490990072623	0.02859782768635368
9.946813545821982	0.03021202364816941
9.952894184759321	0.030598926933219497
9.95897482369666	0.030978712954239825
9.97113610157134	0.031716052985745376
9.995458657320698	0.03309592343895066
10.001539296258038	0.033419974363499916
10.007619935195379	0.03373528083604291
10.019781213070058	0.03433894953678556
10.025861852007397	0.03462697069284442
10.031942490944736	0.034905565424864095
10.044103768819415	0.03543385852893312
10.050184407756754	0.035683263539149385
10.056265046694094	0.03592265554441252
10.068426324568774	0.03637088211699882
10.074506963506114	0.03657947331552259
10.080587602443455	0.036777564883703234
10.092748880318133	0.03714183326781348
10.098829519255473	0.037307818502374024
10.104910158192812	0.03746292102476502
10.110990797130153	0.03760706156867484
10.117071436067492	0.037740167536502355
10.123152075004832	0.03786217302592946
10.129232713942173	0.03797301885250808
10.135313352879512	0.038072652568258224
10.141393991816852	0.038161028476275935
10.147474630754191	0.0382381076413516
10.15355526969153	0.03830385789660223
10.15963590862887	0.038358253846123146
10.165716547566209	0.03840127686366719
10.171797186503548	0.03843291508736123
10.177877825440888	0.03845316341047288
10.183958464378229	0.03846202346824197
10.190039103315568	0.038459503620793714
10.196635696968709	0.03844391835672216
10.203232290621848	0.0384149860026829
10.209828884274987	0.03837274388729364
10.216425477928128	0.03831723849714294
10.22302207158127	0.03824852542097373
10.229618665234408	0.03816666928773498
10.236215258887547	0.038071743698559805
10.242811852540688	0.0379638311527325
10.24940844619383	0.03784302296771059
10.256005039846968	0.03770941919327219
10.262601633500108	0.03756312851986252
10.269198227153248	0.03740426818121762
10.27579482080639	0.0372329638513469
10.282391414459529	0.03704934953595933
10.295584601765809	0.036645767940346026
10.30218119541895	0.03642610927688798
10.308777789072089	0.03619475760687827
10.321970976378369	0.03569767820619885
10.32856757003151	0.035432320732228406
10.335164163684649	0.03515601047077936
10.348357350990929	0.03457135148752684
10.35495394464407	0.03426342995768162
10.361550538297209	0.03394540969381925
10.374743725603489	0.033279999592217606
10.401130100216049	0.03183852924869387
10.40772669386919	0.03145659939883501
10.414323287522329	0.03106657715503839
10.427516474828609	0.030263360774045258
10.45390284944117	0.028572231946095168
10.50667559866629	0.024918369798417557
10.61222109711653	0.017095216958971024
10.618377012832408	0.016639167696238067
10.624532928548287	0.016184829267451017
10.636844759980047	0.01528231692823392
10.661468422843562	0.01350906719297007
10.667624338559442	0.01307383176467254
10.673780254275322	0.01264231698390928
10.68609208570708	0.011791407231230283
10.710715748570596	0.010144600765882745
10.716871664286476	0.009745682938394262
10.723027580002356	0.009352318017428725
10.735339411434113	0.008583095443041259
10.75996307429763	0.0071203916067419425
10.76611899001351	0.006771635352715544
10.772274905729388	0.006430020080606207
10.784586737161145	0.005768921340941966
10.809210400024662	0.004539938841448848
10.81536631574054	0.0042530306190379135
10.82152223145642	0.003974551138138002
10.83383406288818	0.0034434230627881407
10.83998997860406	0.003191033072896432
10.846145894319937	0.002947588902700898
10.858457725751695	0.002487993459472839
10.864613641467574	0.0022720555735645147
10.870769557183454	0.0020654901789377163
10.883081388615212	0.0016808395089231629
10.88923730433109	0.0015029207615280889
10.89539322004697	0.0013347074877332332
10.907705051478729	0.0010276645657050498
10.913860967194609	0.0008889534082229815
10.920016882910488	0.0007601846616182091
10.926172798626368	0.0006414023666022459
10.932328714342246	0.0005326444551667189
10.938484630058124	0.00043394274142186296
10.944640545774003	0.0003453229161336604
10.950796461489883	0.0002668045449544453
10.956952377205763	0.00019840107033969467
10.963108292921643	0.00014011981714187965
10.96926420863752	0.00009196200186969091
10.975420124353398	0.00005392274559888073
10.981576040069278	0.000025991090518985698
10.987731955785158	8.150020097792916e-6
10.993887871501038	3.7648284340058415e-7
11.000043787216917	2.6414196417036144e-6
11.006199702932795	0.000014909794644897805
11.012871573364475	0.000039454949923513864
11.019543443796154	0.0000756424462346368
11.026215314227834	0.00012340419956304087
11.032887184659513	0.00018266410879579515
11.039559055091193	0.0002533381288696427
11.046230925522872	0.0003353343493523577
11.052902795954552	0.000428553078389671
11.059574666386231	0.0005328869319457441
11.06624653681791	0.0006482209282616243
11.07291840724959	0.000774432587452615
11.07959027768127	0.0009113920361620809
11.086262148112949	0.001058962117185837
11.092934018544629	0.0012169985039779889
11.099605888976308	0.001385349819945857
11.112949629839667	0.0017523572313301507
11.119621500271347	0.0019506764620972755
11.126293370703026	0.002158637163284274
11.139637111566385	0.0026027380310914726
11.166324593293103	0.0035981021169887977
11.172996463724783	0.0038680434822511867
11.179668334156462	0.004145982873485694
11.193012075019821	0.004724930082283801
11.219699556746539	0.00596835229410622
11.226371427178218	0.006295569079522122
11.233043297609898	0.006628814428502679
11.246387038473257	0.007312329286312259
11.273074520199975	0.008739843610075636
11.32644948365341	0.011773737671684006
11.433199410560283	0.018034824135610188
11.439749480605723	0.01840715525449778
11.446299550651162	0.01877648025390617
11.459399690742039	0.01950508242241673
11.485599970923793	0.020915057618135273
11.492150040969232	0.02125628434209729
11.49870011101467	0.02159252911180356
11.51180025110555	0.022249153735205
11.538000531287306	0.0234927481137461
11.544550601332745	0.023787897176217206
11.551100671378183	0.024076340926692853
11.564200811469062	0.024632341530837706
11.570750881514503	0.024899525962644303
11.577300951559941	0.02515926046911452
11.590401091650818	0.025655694764195405
11.596951161696257	0.025892066237098325
11.603501231741696	0.026120331351622332
11.616601371832575	0.026551950252840868
11.623151441878015	0.026755023001618954
11.629701511923454	0.02694942748068393
11.642801652014331	0.027311737670611996
11.64935172205977	0.027479412251479776
11.655901792105208	0.027637956431788843
11.662451862150647	0.027787270778754123
11.669001932196087	0.02792726241285818
11.675552002241528	0.028057845056507526
11.682102072286966	0.02817893907808311
11.688652142332405	0.028290471531365022
11.695202212377843	0.02839237619031481
11.701752282423282	0.02848459357920237
11.70830235246872	0.028567070998067077
11.71485242251416	0.028639762543506354
11.7214024925596	0.028702629124787764
11.72795256260504	0.028755638475284194
11.734502632650479	0.028798765159234626
11.741052702695917	0.028831990573836425
11.747602772741356	0.028855302946677815
11.754152842786795	0.02886869732852283
11.760702912832233	0.02887217558146391
11.767252982877672	0.02886574636246033
11.773803052923112	0.028849425102283915
11.780353122968553	0.0288232339798967
11.786903193013991	0.028787201892287714
11.79345326305943	0.028741364419799614
11.800003333104868	0.028685763786978867
11.806553403150307	0.028620448818985553
11.813103473195746	0.028545474893602665
11.819653543241184	0.028460903888886988
11.826203613286625	0.028366804126506787
11.832753683332065	0.028263250310814437
11.839303753377504	0.02815032346370471
11.85240389346838	0.027896705930604664
11.85851328557656	0.02776594387920094
11.864622677684737	0.027627356825732117
11.876841461901094	0.02732707208391657
11.882950854009273	0.027165567591891964
11.88906024611745	0.026996624357587966
11.901279030333807	0.02663685503970738
11.907388422441986	0.02644625595765562
11.913497814550164	0.02624867198462174
11.92571659876652	0.02583304708081819
11.950154167199232	0.024923663902576557
11.95626355930741	0.02468085202904092
11.962372951415588	0.02443214578618635
11.974591735631943	0.023917660351677923
11.999029304064656	0.022824837975738945
12.047904440930083	0.020421571984428087
12.054013833038262	0.020104223159260137
12.06012322514644	0.01978372482827673
12.072342009362796	0.019134037449121347
12.096779577795507	0.017805275828855882
12.145654714660932	0.015073969531584932
12.243404988391783	0.009668639026541763
12.250030335215762	0.009319960229083733
12.256655682039739	0.008974841025288696
12.269906375687697	0.008296174755052312
12.296407762983609	0.006991201595597856
12.303033109807588	0.006677090193713651
12.309658456631567	0.006368236011922811
12.322909150279523	0.005767075930887801
12.349410537575437	0.004636142100723045
12.356035884399416	0.004369309548475518
12.362661231223395	0.0041091710275230585
12.375911924871351	0.0036096036115630887
12.38253727169533	0.003370475591324654
12.389162618519308	0.0031386431637291058
12.402413312167266	0.0026974081254734585
12.409038658991244	0.0024882632567668128
12.415664005815223	0.0022869293080101934
12.42891469946318	0.0019081473874573275
12.435540046287159	0.0017309115210443278
12.442165393111136	0.0015619106618097898
12.455416086759094	0.0012489730748744834
12.462041433583073	0.0011052008407409913
12.468666780407052	0.0009699925115353011
12.475292127231029	0.0008434150790757541
12.481917474055008	0.0007255293679440045
12.488542820878987	0.0006163900060287687
12.495168167702964	0.0005160453994543692
12.501793514526943	0.00042453771190263743
12.508418861350922	0.00034190284833351405
12.515044208174901	0.00026817044310591343
12.52166955499888	0.00020336385249827122
12.528294901822857	0.00014750015162457334
12.534920248646836	0.00010059013573871412
12.541545595470815	0.00006263832591726792
12.548170942294792	0.000033642979107225723
12.554796289118771	0.000013596102522719276
12.56142163594275	2.483472371595478e-6
12.56804698276673	2.8465688957458146e-7
12.574672329590708	6.973043657039906e-6
12.581297676414685	0.000022515871170401124
12.587923023238664	0.00004687426463716827
12.594548370062643	0.00008000327596089381
12.60117371688662	0.000121851927879436
12.6077990637106	0.00017236326221712912
12.614424410534578	0.00023147439220849784
12.621049757358557	0.00029911655884878543
12.627675104182536	0.0003752151912234732
12.634300451006514	0.00045968997076650174
12.640925797830493	0.0005524548993943723
12.647551144654471	0.0006534183714602361
12.654176491478449	0.0007624832494703203
12.667427185126407	0.0010045014942598194
12.673611854013124	0.001128166006940772
12.679796522899842	0.001258511751165627
12.692165860673278	0.001538842815165318
12.698350529559995	0.0016886166254426467
12.704535198446713	0.0018446487917185264
12.716904536220149	0.002175025166247236
12.723089205106866	0.0023491291578977874
12.729273873993584	0.002529011232086099
12.74164321176702	0.002905592645546285
12.766381887313889	0.003722232121858717
12.772566556200605	0.003938791920245049
12.778751225087323	0.004160017951758732
12.791120562860758	0.0046158605526604776
12.81585923840763	0.005576719092092504
12.865336589501371	0.007658316521761701
12.87152125838809	0.007930176476224444
12.877705927274807	0.008204042856122574
12.890075265048242	0.008757081142919745
12.914813940595113	0.009879347048079174
12.964291291688854	0.012148123529723467
12.97047596057557	0.012430470806152772
12.976660629462287	0.012711942922747209
12.989029967235723	0.013271553806959631
13.013768642782594	0.014372548378700598
13.063245993876336	0.016463674146370698
13.069308862376813	0.01670664785403664
13.07537173087729	0.01694622759337407
13.087497467878244	0.017414644525298544
13.111748941880153	0.01830471910967548
13.11781181038063	0.01851673661353456
13.123874678881108	0.018724303939174333
13.136000415882062	0.019125611152231093
13.16025188988397	0.019869743920264613
13.166314758384447	0.020042968557578304
13.172377626884924	0.020210868262726875
13.184503363885879	0.020530316178377663
13.190566232386356	0.020681684489903394
13.196629100886835	0.020827368164167977
13.208754837887788	0.021101359962778468
13.214817706388265	0.021229516152970872
13.220880574888742	0.02135168391346973
13.226943443389219	0.02146779632902805
13.233006311889696	0.0215777901657865
13.239069180390173	0.02168160590154097
13.24513204889065	0.021779187753785102
13.257257785891605	0.021955445528786536
13.263320654392082	0.022034028806012136
13.26938352289256	0.022106192948994248
13.275446391393038	0.022171901215682972
13.281509259893514	0.02223112072465557
13.287572128393991	0.022283822467312416
13.293634996894468	0.022329981317786518
13.299697865394945	0.022369576040564994
13.305760733895422	0.0224025892958223
13.311823602395899	0.02242900764246617
13.317886470896376	0.022448821538898506
13.323949339396854	0.02246202534149521
13.330012207897331	0.022468617300809696
13.336075076397808	0.022468599555506594
13.342137944898287	0.022461978124033194
13.348200813398764	0.022448762894037654
13.35426368189924	0.022428967609544142
13.360326550399718	0.022402609855896573
13.366389418900194	0.022369711042483604
13.372452287400671	0.02233029638325913
13.378515155901148	0.02228439487507357
13.384578024401625	0.02223203927383248
13.390640892902102	0.02217326606850042
13.39670376140258	0.022108115452969108
13.402766629903057	0.022036631295810183
13.408829498403534	0.021958861107933856
13.414892366904013	0.021874856008176336
13.427018103904967	0.021688363367209737
13.433080972405444	0.021585995765075763
13.43914384090592	0.02147763304628353
13.451269577906874	0.021243199904140173
13.457848401123151	0.021106296142974917
13.46442722433943	0.02096268802704622
13.477584870771985	0.02065578275926819
13.484163693988261	0.020492708442673188
13.49074251720454	0.020323375271315527
13.503900163637095	0.01996642377540567
13.510478986853371	0.01977906108703373
13.51705781006965	0.01958595062455968
13.530215456502205	0.019183039246536568
13.556530749367315	0.01831452141404735
13.563109572583592	0.018085216430816575
13.56968839579987	0.01785135746589596
13.582846042232426	0.01737063316526112
13.609161335097536	0.01636189399140343
13.661791920827755	0.014194989025055497
13.668370744044033	0.013913708185265326
13.67494956726031	0.01363074234524576
13.688107213692863	0.013060523313568235
13.714422506557973	0.011908339546596465
13.767053092288194	0.009600311298559854
13.77363191550447	0.009315212796979175
13.780210738720749	0.009031503077954943
13.793368385153304	0.008468994679259356
13.819683678018414	0.007368747644312226
13.872314263748635	0.005306703446562926
13.878452409027652	0.005081235873558445
13.88459055430667	0.004859358273594501
13.896866844864702	0.004426857243270023
13.921419425980769	0.003610121325161674
13.927557571259786	0.003416639175560132
13.933695716538802	0.003227648441338728
13.945972007096834	0.0028635397773174353
13.970524588212902	0.002193436580270698
13.976662733491917	0.002038528480683222
13.982800878770934	0.0018888298877410036
13.995077169328969	0.0016053601119749251
14.001215314607986	0.0014717300807852768
14.007353459887002	0.0013435917863816812
14.019629750445034	0.0011040354535160931
14.025767895724051	0.0009927313079812633
14.031906041003069	0.0008871466287703996
14.038044186282086	0.0007873296095128916
14.044182331561101	0.0006933248995230181
14.050320476840117	0.0006051735831710602
14.056458622119134	0.0005229131614280629
14.062596767398151	0.00044657753559134274
14.068734912677169	0.00037619699319661114
14.074873057956186	0.00031179819612156193
14.081011203235201	0.0002534041708841327
14.087149348514217	0.00020103430113738312
14.093287493793234	0.00015470432236183536
14.099425639072251	0.00011442631875452812
14.105563784351268	0.00008020872231279412
14.111701929630286	0.00005205631410963524
14.117840074909301	0.00002997022775606193
14.123978220188317	0.000013947955044524124
14.130116365467334	3.983353766345756e-6
14.136254510746351	6.665769465838299e-8
14.142392656025368	2.1844887231185303e-6
14.148530801304386	0.000010319871149445462
14.154668946583401	0.00002445224809149093
14.160807091862416	0.000044557500022353946
14.166945237141434	0.00007060796540975523
14.173083382420451	0.00010257246344367026
14.179221527699468	0.00014041631883506746
14.185359672978485	0.00018410138866726774
14.191497818257501	0.00023358609128031996
14.197635963536516	0.00028882543716765916
14.203774108815534	0.00034977106186296036
14.20991225409455	0.0004163712607941079
14.216050399373568	0.0004885710260801313
14.222188544652585	0.0005663120852455769
14.2283266899316	0.0006495329418258871
14.240602980489633	0.000832152198075581
14.24674112576865	0.0009314118762345468
14.252879271047668	0.001035874002779562
14.2651555616057	0.0012600948862356773
14.271809661600518	0.0013899673092746916
14.278463761595333	0.0015255627075811359
14.291771961584967	0.0018134665189848092
14.318388361564235	0.002452730260812728
14.325042461559052	0.0026250180669210024
14.33169656155387	0.0028020248646108067
14.345004761543503	0.0031696310382161776
14.371621161522771	0.003955102891635002
14.378275261517588	0.004161054121843556
14.384929361512405	0.004370524547987997
14.39823756150204	0.004799376928619797
14.424853961481308	0.005692096377901193
14.478086761439844	0.007579234264282219
14.48474086143466	0.007821236515584746
14.491394961429478	0.008064002343697889
14.504703161419112	0.008551107432389463
14.53131956139838	0.009526593128366831
14.584552361356916	0.011442901682749784
14.591206461351733	0.011675791074623947
14.59786056134655	0.011906636206719817
14.611168761336184	0.012361533105767467
14.637785161315453	0.013239640365930836
14.64443926131027	0.013451651026986883
14.651093361305087	0.013660351071856125
14.66440156129472	0.014067231633983145
14.691017961273989	0.01483495856399322
14.697231383331545	0.015004621908266192
14.7034448053891	0.0151704472372051
14.715871649504214	0.015490183968834963
14.722085071561771	0.015643901993751267
14.728298493619327	0.015793395357887957
14.740725337734439	0.016079351392128897
14.746938759791995	0.016215642794580196
14.75315218184955	0.016347367096754245
14.765579025964662	0.01659680406690241
14.771792448022218	0.016714369109223748
14.778005870079774	0.016827071880632597
14.790432714194887	0.01703762938930578
14.796646136252445	0.017135361432781736
14.80285955831	0.017227985882612214
14.809072980367556	0.017315449451174768
14.815286402425112	0.017397702125806883
14.821499824482668	0.017474697194085363
14.827713246540224	0.017546391267034837
14.83392666859778	0.01761274430025455
14.840140090655336	0.017673719612953973
14.846353512712891	0.017729283904889027
14.852566934770447	0.017779407271192007
14.858780356828003	0.017824063215089666
14.86499377888556	0.01786322865850509
14.871207200943118	0.0178968839505404
14.877420623000674	0.017925012873838644
14.88363404505823	0.0179476026488245
14.889847467115786	0.017964643935824667
14.896060889173341	0.017976130835070072
14.902274311230897	0.017982060884583737
14.908487733288453	0.017982435055958746
14.914701155346009	0.01797725774803259
14.920914577403565	0.0179665367784653
14.92712799946112	0.017950283373229885
14.933341421518676	0.01792851215402513
14.939554843576234	0.017901241123621788
14.945768265633792	0.017868491649154696
14.951981687691347	0.017830288443374507
14.958195109748903	0.017786659543873654
14.964408531806459	0.01773763629030313
14.970621953864015	0.01768325329959694
14.97683537592157	0.01762354843922296
14.989262220036682	0.017488340657861236
14.995475642094238	0.01741292945650771
15.001689064151794	0.017332379757772427
15.014115908266907	0.01715608252299848
15.020329330324465	0.017060451398872193
15.02654275238202	0.01695991451950643
15.038969596497132	0.016744388788717365
15.045183018554688	0.016629539735686386
15.051396440612244	0.016510064428714655
15.063823284727356	0.01625754506698265
15.08867697295758	0.015700548605494583
15.094768594628896	0.015553957200364366
15.100860216300212	0.015403577337473906
15.113043459642842	0.015091818575464993
15.137409946328106	0.014426980653102706
15.186142919698632	0.012954935692816819
15.192234541369949	0.012759693804495195
15.198326163041264	0.01256233186789962
15.210509406383895	0.012161714039594445
15.234875893069157	0.01134021820326442
15.283608866439682	0.009643302080890332
15.289700488110999	0.00942852714803856
15.295792109782314	0.009213573172299733
15.307975353124945	0.00878362270655785
15.332341839810207	0.007927001027166071
15.381074813180732	0.0062540807611431
15.387166434852048	0.006051064022661599
15.393258056523363	0.005849788073919363
15.405441299865995	0.005452907760352983
15.429807786551258	0.0046849032335434335
15.478540759921783	0.003275190685504218
15.4851483363089	0.0030991088116318287
15.491755912696014	0.0029269842854647283
15.504971065470247	0.002595037690483298
15.511578641857362	0.002435423231864154
15.518186218244479	0.0022801812071705577
15.53140137101871	0.0019831948300717385
15.538008947405826	0.0018416324274164344
15.544616523792943	0.0017048062427256273
15.557831676567174	0.0014456889708651885
15.56443925295429	0.0013235523270655556
15.571046829341405	0.001206460692370814
15.584261982115638	0.0009876817081379127
15.590869558502755	0.0008861197671513196
15.597477134889871	0.0007898535775591689
15.604084711276986	0.0006989364595893352
15.610692287664103	0.000613417921853236
15.617299864051219	0.0005333436333179291
15.623907440438334	0.00045875539799549814
15.63051501682545	0.00038969113236298023
15.637122593212567	0.0003261848455240762
15.643730169599683	0.00026826662212142645
15.6503377459868	0.0002159626080069987
15.656945322373915	0.0001692949986757927
15.663552898761031	0.00012828203046619482
15.670160475148148	0.00009293797452863079
15.676768051535262	0.0000632731335618098
15.683375627922379	0.000039293841314325773
15.689983204309495	0.000021002464847356008
15.696590780696612	8.397409552104616e-6
15.703198357083728	1.4731269140067466e-6
15.709805933470843	2.2012501364160307e-7
15.71641350985796	4.6249817524810195e-6
15.723021086245076	0.00001467036078972038
15.72962866263219	0.00003033503017456726
15.736236239019307	0.00005159388365656717
15.742843815406424	0.00007841796465460726
15.74945139179354	0.000110774492863583
15.756058968180657	0.00014862689347577273
15.762666544567772	0.00019193482899225746
15.769274120954888	0.00024065423359802632
15.775881697342005	0.00029473735007242655
15.78248927372912	0.00035413276920529403
15.795704426503352	0.0004886368724399135
15.802312002890469	0.0005636248673539886
15.808919579277585	0.0006436838823943115
15.822134732051817	0.0008187356380040998
15.828742308438933	0.0009135803552328471
15.835349884826048	0.0010132001600742671
15.848565037600281	0.0012264334772722563
15.855172613987396	0.0013398734570876317
15.861780190374512	0.0014577415905397033
15.874995343148743	0.0017063825700093871
15.901425648697208	0.002252469212653886
15.907592547147061	0.0023886861052307665
15.913759445596916	0.002528044172905788
15.926093242496627	0.0028158090303778147
15.950760836296048	0.0034248181228179173
16.00009602389489	0.0047538193179334975
16.098766399092572	0.007658411081023442
16.104933297542424	0.0078427525634005
16.11110019599228	0.008026729522417939
16.12343399289199	0.008393131014112697
16.14810158669141	0.009116542495723922
16.197436774290253	0.010500978994239928
16.20360367274011	0.01066609466495971
16.209770571189964	0.010829102479691743
16.222104368089674	0.011148398532071578
16.246771961889095	0.011757427164184419
16.25293886033895	0.01190298512614674
16.259105758788806	0.012045685212622788
16.271439555688517	0.012322170178002176
16.296107149487938	0.012837198462460333
16.302790002653595	0.012967516022298222
16.309472855819248	0.013093730086332946
16.322838562150558	0.013333499889494609
16.329521415316215	0.013446889607934862
16.336204268481872	0.013555843897077325
16.349569974813182	0.013760150035942623
16.356252827978835	0.01385536221376815
16.362935681144492	0.013945859706972949
16.36961853431015	0.014031581278158886
16.376301387475806	0.014112469200179126
16.382984240641463	0.014188469291522293
16.389667093807116	0.014259530949115964
16.403032800138426	0.01438665462156512
16.409715653304083	0.014442633581202806
16.416398506469736	0.01449350804391774
16.42308135963539	0.014539245699326474
16.429764212801047	0.014579817957171372
16.436447065966703	0.01461519996162923
16.44312991913236	0.014645370602939307
16.449812772298017	0.014670312526346596
16.45649562546367	0.014690012138358424
16.463178478629324	0.014704459610314358
16.46986133179498	0.014713648879271096
16.476544184960638	0.014717577646206122
16.483227038126294	0.014716247371545782
16.48990989129195	0.014709663268025194
16.496592744457605	0.014697834290889462
16.503275597623258	0.014680773125447374
16.509958450788915	0.014658496171990762
16.51664130395457	0.014631023528094545
16.523324157120225	0.014598378968314138
16.53000701028588	0.014560589921298906
16.536689863451535	0.014517687444342196
16.543372716617192	0.014469706195390104
16.55005556978285	0.014416684402532872
16.556738422948506	0.01435866383100484
16.56342127611416	0.01429568974772031
16.570104129279812	0.014227810883374476
16.57678698244547	0.014155079392140392
16.590152688776783	0.013995284004704962
16.59683554194244	0.013908341138517556
16.603518395108093	0.013816787608578695
16.616884101439403	0.013620126031529768
16.62356695460506	0.013515164498103248
16.630249807770713	0.013405885213930465
16.643615514102024	0.01317469937967094
16.670346926764644	0.0126642590856416
16.6770297799303	0.01252717475910121
16.683712633095954	0.012386496225442972
16.697078339427264	0.012094767024988155
16.72380975208989	0.011472819657162805
16.730370804869303	0.011312956631434674
16.73693185764872	0.01115047258952562
16.75005396320755	0.010818091106315745
16.776298174325206	0.010126904544827946
16.828786596560526	0.008665692057342392
16.83534764933994	0.008478055736208601
16.841908702119355	0.008289730786231735
16.855030807678187	0.007911522538544864
16.881275018795847	0.00715243133382906
16.933763441031168	0.0056518740225489006
16.940324493810582	0.005468389552465689
16.946885546589996	0.005286220356543452
16.96000765214883	0.004926304877621933
16.98625186326649	0.004227435436252596
16.992812916045903	0.0040577501075744656
16.999373968825317	0.0038902995148260055
17.01249607438415	0.0035625330114336553
17.03874028550181	0.0029384488896426367
17.045301338281224	0.0027895630690869242
17.051862391060638	0.0026437230083712726
17.06498449661947	0.002361545845566965
17.071545549398884	0.002225385790312541
17.078106602178302	0.0020926254741110415
17.09122870773713	0.0018376314478114975
17.097789760516545	0.0017155550915977432
17.10435081329596	0.0015971930819321664
17.117472918854787	0.0013718978493215046
17.143717129972448	0.0009688686811728591
17.1498375048146	0.0008843185367618101
17.155957879656754	0.0008034316078338417
17.168198629341063	0.0006528062945230672
17.174319004183218	0.0005831416659369277
17.180439379025373	0.0005172877268347255
17.192680128709682	0.0003971339880591341
17.198800503551837	0.0003428893623192286
17.20492087839399	0.0002925657476230269
17.211041253236147	0.00024618481268964365
17.217161628078298	0.0002037658402676491
17.22328200292045	0.00016532571899673926
17.229402377762604	0.00013087893671066074
17.23552275260476	0.00010043757518318107
17.241643127446913	0.00007401130631812394
17.247763502289068	0.00005160738978388665
17.253883877131223	0.00003323067209169405
17.260004251973378	0.000018883587116119724
17.26612462681553	8.566158055529377e-6
17.27224500165768	2.276000829212308e-6
17.278365376499835	8.328907210577387e-9
17.28448575134199	1.7559595678695585e-6
17.290606126184144	7.509321577382864e-6
17.2967265010263	0.00001725646428476237
17.302846875868454	0.00003098306812479019
17.30896725071061	0.0000486724565207047
17.315087625552763	0.00007030560917754527
17.32120800039492	0.00009586117675626386
17.327328375237073	0.00012531549691790258
17.333448750079228	0.00015864261172633478
17.33956912492138	0.00019581428639725028
17.34568949976353	0.00023680002938041237
17.351809874605685	0.0002815671137611463
17.35793024944784	0.00033008059996650314
17.364050624289995	0.0003823033597608755
17.37017099913215	0.0004381961015147072
17.376291373974304	0.000497717396729551
17.388532123658614	0.0006274694170072053
17.39465249850077	0.0006976068566859199
17.400772873342923	0.0007711863406104623
17.41301362302723	0.0009284627997600671
17.437495122395845	0.0012819178390974136
17.443615497238	0.001378037972429966
17.449735872080154	0.0014771341290594512
17.46197662176446	0.0016839878378293253
17.486458121133076	0.00213038443991451
17.53542111987031	0.003137059432130421
17.542057449428263	0.003283462804110478
17.54869377898622	0.0034319080918112773
17.561966438102125	0.003734479142143207
17.588511756333943	0.004359164347550858
17.64160239279758	0.005660569243997293
17.648238722355536	0.005825805594547133
17.65487505191349	0.005991211270124489
17.6681477110294	0.00632205048944681
17.694693029261217	0.006980492725691066
17.747783665724853	0.008258070233935128
17.75441999528281	0.008411843057997003
17.761056324840762	0.008563928407663797
17.77432898395667	0.008862606694932879
17.80087430218849	0.0094350676676364
17.807510631746446	0.009572405734929281
17.8141469613044	0.009707237446250785
17.827419620420308	0.009969005897406355
17.853964938652126	0.010458445531597763
17.860601268210083	0.010573202380494372
17.867237597768035	0.010684755741174418
17.880510256883944	0.010897946293334125
17.8871465864419	0.010999436744057272
17.893782915999854	0.011097430320890332
17.907055575115763	0.011282661276616849
17.91369190467372	0.011369772432284006
17.920328234231672	0.011453134348506564
17.93360089334758	0.01160838775373178
17.940237222905534	0.01168017483038547
17.946873552463487	0.011748003908036188
17.960146211579396	0.011871610467647396
17.966341863200093	0.011923735321404411
17.972537514820786	0.011972270242057098
17.97873316644148	0.012017187782461278
17.984928818062173	0.012058462753493695
17.991124469682866	0.012096072236368393
17.99732012130356	0.012129995593546569
18.003515772924253	0.012160214478235119
18.009711424544946	0.012186712842470119
18.01590707616564	0.01220947694378213
18.022102727786333	0.012228495350441262
18.028298379407026	0.012243758945280705
18.03449403102772	0.012255260928098352
18.040689682648413	0.012262996816637011
18.046885334269106	0.012266964446144488
18.0530809858898	0.01226716396751585
18.059276637510493	0.012263597844020846
18.065472289131186	0.012256270846620537
18.07166794075188	0.012245190047877788
18.077863592372573	0.012230364814467416
18.084059243993266	0.012211806798292372
18.09025489561396	0.012189529926213376
18.096450547234653	0.012163550388400121
18.102646198855346	0.012133886625313116
18.108841850476043	0.012100559313325904
18.11503750209674	0.01206359134899847
18.121233153717434	0.01202300783201311
18.127428805338127	0.011978836046785039
18.13362445695882	0.011931105442761042
18.139820108579514	0.011879847613419672
18.146015760200207	0.011825096273987831
18.158407063441594	0.011705258391939269
18.164602715062287	0.0116402496703082
18.17079836668298	0.011571903027261772
18.183189669924367	0.011425373722550924
18.18938532154506	0.011347284807912063
18.195580973165754	0.011266045403174281
18.20797227640714	0.011094323373848282
18.214167928027834	0.011003949419400215
18.220363579648527	0.010910642243623736
18.232754882889914	0.010715464782102096
18.25753748937269	0.010292605426251792
18.263733140993388	0.010180501337474218
18.26992879261408	0.010065978677766346
18.282320095855468	0.009829963170526196
18.30710270233824	0.009332122813793555
18.356667915303788	0.008250737995754247
18.362741766538242	0.008111923813487146
18.368815617772697	0.00797200520381884
18.3809633202416	0.007689181791029056
18.405258725179415	0.007113904893514683
18.45384953505504	0.005943591764442929
18.45992338628949	0.005797092953414308
18.465997237523943	0.005650828033607449
18.478144939992852	0.005359334208450295
18.502440344930662	0.004782811770382624
18.55103115480629	0.00367377983167447
18.557105006040743	0.0035408099872357604
18.563178857275197	0.0034093505288294405
18.575326559744102	0.0031512549300645324
18.599621964681916	0.002656342335527552
18.60569581591637	0.0025374475402714252
18.61176966715082	0.0024206184955499243
18.623917369619726	0.002193412194409619
18.64821277455754	0.0017665117350894432
18.65428662579199	0.001665856819105156
18.660360477026444	0.0015677400806009022
18.672508179495352	0.00137932892100316
18.678582030729807	0.0012891343837380719
18.684655881964257	0.001201677736969497
18.696803584433162	0.0010351596655681198
18.702877435667617	0.0009561847484787655
18.70895128690207	0.0008801206904706513
18.721098989370976	0.0007368788981156692
18.727172840605427	0.0006697735514864556
18.73324669183988	0.0006057238014041553
18.74539439430879	0.00048691573234219723
18.751984200259045	0.00042771419127689763
18.758574006209297	0.0003722475990541329
18.76516381215955	0.00032054643197387556
18.771753618109805	0.00027263851498721364
18.778343424060058	0.00022854900612869356
18.78493323001031	0.00018830038281725462
18.791523035960566	0.00015191243003308025
18.798112841910818	0.00011940223037564934
18.80470264786107	0.00009078415600710395
18.811292453811326	0.00006606986248422765
18.81788225976158	0.0000452682844804387
18.82447206571183	0.000028385633398045815
18.831061871662087	0.000015425396870018147
18.83765167761234	6.3883401488087986e-6
18.84424148356259	1.2725093786212212e-6
18.850831289512847	7.323674635153711e-8
18.8574210954631	2.783147504911117e-6
18.86401090141335	9.392168861499588e-6
18.870600707363607	0.0000198875407220889
18.87719051331386	0.000034253828282042914
18.883780319264112	0.000052472936451685193
18.890370125214368	0.00007452412610417455
18.89695993116462	0.00010038403213191076
18.903549737114872	0.00013002668329661088
18.910139543065128	0.0001634235238566096
18.91672934901538	0.0002005434369540042
18.923319154965633	0.00024135276974322079
18.92990896091589	0.00028581536024086587
18.93649876686614	0.0003338925658760066
18.943088572816393	0.000385543293719019
18.9562681847169	0.0004993888854498102
18.962857990667153	0.0005614896067668191
18.96944779661741	0.0006269756369685924
18.982627408517914	0.0007678900519452068
18.98921721446817	0.0008432061041442019
18.99580702041842	0.0009216828840685231
19.00898663231893	0.001087870480428149
19.015576438269182	0.0011754521169178738
19.022166244219434	0.0012659362164138507
19.035345856119942	0.0014553320179102988
19.061705079920955	0.0018657739818509057
19.06829488587121	0.0019745290953218863
19.074884691821463	0.002085581579884284
19.08806430372197	0.0023142456958819293
19.114423527522984	0.002795403707868762
19.167141975125013	0.0038328117217240093
19.173291103138006	0.0039586498352931
19.179440231151	0.004085221672687164
19.191738487176984	0.004340248050814847
19.216334999228955	0.00485558876180737
19.265528023332894	0.005889406196799045
19.271677151345884	0.006017364054015662
19.277826279358877	0.006144775207697827
19.290124535384862	0.006397644356169476
19.314721047436834	0.006893408117032117
19.363914071540776	0.00782830559109086
19.37006319955377	0.007938461453913682
19.376212327566762	0.008046899222380749
19.388510583592748	0.008258360034301852
19.41310709564472	0.008657866808499556
19.41925622365771	0.008752514332398504
19.425405351670705	0.008844955125952295
19.43770360769669	0.009022997541509866
19.462300119748658	0.009350275022535295
19.468449247761647	0.009425808377355452
19.47459837577464	0.009498736068551934
19.486896631800626	0.00963660491760785
19.49304575981362	0.009701465465833059
19.49919488782661	0.009763559175611055
19.511493143852597	0.009879303639844576
19.51764227186559	0.00993288754337559
19.523791399878583	0.00998357094254838
19.529940527891576	0.01003132485992074
19.53608965590457	0.010076122125775987
19.54223878391756	0.010117937392245332
19.548387911930554	0.010156747146313557
19.554537039943547	0.010192529721701633
19.56068616795654	0.010225265309620445
19.56755044020467	0.010258186960941934
19.574414712452796	0.010287267176149991
19.581278984700923	0.010312486683869587
19.588143256949053	0.010333829148124786
19.595007529197183	0.010351281176508915
19.60187180144531	0.010364832326130896
19.608736073693436	0.010374475107336426
19.615600345941566	0.010380204985204306
19.622464618189696	0.010382020378819875
19.629328890437822	0.01037992265832931
19.63619316268595	0.01037391613977994
19.64305743493408	0.010364008077753659
19.649921707182205	0.010350208655802037
19.65678597943033	0.010332530974693286
19.66365025167846	0.010310991038483056
19.670514523926588	0.010285607738422589
19.677378796174715	0.010256402834719123
19.684243068422845	0.010223400936165488
19.69110734067097	0.010186629477657078
19.697971612919098	0.010146118695615837
19.704835885167228	0.010101901601342937
19.711700157415354	0.010054013952322933
19.72542870191161	0.009947383564577288
19.73229297415974	0.009888725785292452
19.739157246407867	0.009826567298821452
19.752885790904124	0.009691946688991213
19.759750063152254	0.009619590096839348
19.76661433540038	0.009543943773561105
19.780342879896637	0.009383019714424458
19.787207152144767	0.009297866701258938
19.794071424392893	0.009209673302081483
19.80779996888915	0.009024439351937497
19.835257057881662	0.008620617881174979
19.842121330129793	0.008513160976511978
19.84898560237792	0.008403264262492346
19.862714146874175	0.008176487026154035
19.890171235866685	0.007697435912836053
19.89703550811481	0.007572886542157291
19.90389978036294	0.007446607990491155
19.917628324859194	0.007189243884531441
19.945085413851707	0.0066580090084965605
19.951949686099837	0.0065223387731939905
19.958813958347964	0.006385724917507686
19.97254250284422	0.006110073154102359
19.97940677509235	0.0059712398154187765
19.986271047340477	0.005831871839291102
19.993135319588603	0.005692072325360896
19.999999591836733	0.005551944559181276