4.0816326530612243e-7	63.999999999943135
0.006134358411192534	63.98715653722313
0.012268308659119763	63.94864193610571
0.01840225890704699	63.88449328515608
0.02453620915497422	63.794772344400734
0.03067015940290145	63.67956546568553
0.03680410965082868	63.53898348134508
0.042938059898755904	63.37316156134997
0.04907201014668314	63.182259039145734
0.055205960394610364	62.96645920644452
0.06133991064253759	62.72596907727624
0.06747386089046481	62.46101912165228
0.07360781113839204	62.171862969240415
0.07974176138631928	61.85877708349324
0.08587571163424651	61.52206040671753
0.09814361213010096	60.779040514862544
0.10427756237802818	60.373443988357415
0.11041151262595542	59.94562914376202
0.12267941312180988	59.0249844118479
0.1288133633697371	58.533023368120325
0.13494731361766432	58.02058058737616
0.1472152141135188	56.93619040382045
0.15334916436144602	56.36525633469743
0.15948311460937326	55.77586591414755
0.17175101510522772	54.54391799737354
0.19628681609693663	51.88355810979198
0.20242076634486383	51.181063375668174
0.20855471659279107	50.464861187593556
0.22082261708864553	48.99392254377313
0.24535841808035447	45.91647198086894
0.2944300200637723	39.372295577408906
0.39257322403060796	25.954850516180322
0.39922312899433554	25.080304790979124
0.40587303395806307	24.214364024005974
0.41917284388551823	22.510985546618713
0.44577246374042856	19.23586338492388
0.45242236870415614	18.44791528205992
0.4590722736678837	17.67337438638342
0.4723720835953389	16.16646560010322
0.4989717034502492	13.33356442063553
0.5056216084139769	12.665271083977006
0.5122715133777044	12.013612328035832
0.5255713233051595	10.761306474026215
0.5322212282688872	10.161145586324775
0.5388711332326147	9.578591694584109
0.5521709431600699	8.466979665600263
0.5588208481237975	7.938191751540034
0.565470753087525	7.42755162203948
0.5787705630149802	6.460963822862048
0.5854204679787077	6.005075837915193
0.5920703729424353	5.567455675394771
0.6053701828698904	4.746860414594281
0.6120200878336179	4.363745119012808
0.6186699927973456	3.9986182154277534
0.6319698027248006	3.3217916005317587
0.6386197076885283	3.009767188917091
0.6452696126522558	2.7150829905144853
0.658569422579711	2.17685423084217
0.6652193275434386	1.9328199597618363
0.6718692325071661	1.7051479172885544
0.6785191374708937	1.493547308583603
0.6851690424346213	1.2977103315049707
0.6918189473983489	1.1173129674482631
0.6984688523620765	0.9520157894523107
0.705118757325804	0.8014647859182221
0.7117686622895316	0.6652921982759555
0.7184185672532593	0.5431173709211674
0.7250684722169868	0.4345476117371785
0.7317183771807143	0.3391790615123682
0.738368282144442	0.2565975705620919
0.7450181871081696	0.1863795808663456
0.7516680920718971	0.12809301203983323
0.7583179970356246	0.08129814945983285
0.7649679019993523	0.04554853288918312
0.7716178069630799	0.020391843946846504
0.7782677119268074	0.005370790796772803
0.784917616890535	0.000023988447135493434
0.7915675218542626	0.003886833076358623
0.7982174268179902	0.016492368829639358
0.8048673317817178	0.03737214555982846
0.8115172367454453	0.06605706601946246
0.8181671417091729	0.10207822104636055
0.8243763687356396	0.1419223089426693
0.8305855957621063	0.18737507400308057
0.8367948227885731	0.23805896171746604
0.8430040498150397	0.2935989107609104
0.8492132768415064	0.35362289093536975
0.8554225038679731	0.41776242809949543
0.8678409579209065	0.5569351099317617
0.8740501849473732	0.6312536147442107
0.88025941197384	0.7082593446263702
0.8926778660267733	0.868965580032175
0.9175147741326402	1.2079697281620916
0.9237240011591068	1.2945591574271542
0.9299332281855736	1.3812902772648519
0.942351682238507	1.5540605645863912
0.9671885903443738	1.8895434136747336
0.9733978173708404	1.9699151671500172
0.9796070443973072	2.0484470009544435
0.9920254984502406	2.1991945900464698
0.9982347254767072	2.2710390943153342
1.0044439525031739	2.340301352003835
1.0168624065561074	2.4704566870413713
1.0230716335825742	2.5310660440513133
1.029280860609041	2.5885257277533795
1.0354900876355075	2.6427213751084278
1.0416993146619742	2.693549566525544
1.0479085416884408	2.7409177656412225
1.0541177687149075	2.784744240687464
1.0603269957413741	2.8249579678487753
1.066536222767841	2.861498517035892
1.0727454497943079	2.894315920530839
1.0789546768207745	2.9233705249836412
1.0851639038472412	2.9486328272655213
1.0913731308737078	2.9700832947068267
1.0975823579001744	2.9877121702700835
1.103791584926641	3.0015192632295
1.1100008119531077	3.011513725947939
1.1162100389795746	3.0177138173606854
1.1224192660060415	3.020146653792495
1.1286284930325081	3.0188479477500074
1.1348377200589748	3.013861735346095
1.1410469470854414	3.0052400930256185
1.147256174111908	2.993042844273756
1.1534654011383747	2.977337256998243
1.1596746281648413	2.958197732285725
1.1658838551913082	2.935705485239844
1.172093082217775	2.909948218614703
1.1783023092442417	2.8810197899619805
1.1845115362707084	2.849019873013185
1.190720763297175	2.8140536140203993
1.1969299903236417	2.7762312837792837
1.2031392173501083	2.7356679260572236
1.2155576714030418	2.646800039264407
1.2216450980432683	2.5997108599300587
1.2277325246834945	2.5504659682217645
1.239907377963947	2.44601459468158
1.2642570845248517	2.216922951152149
1.3129564976466614	1.708173057052678
1.3190439242868877	1.642476185676969
1.3251313509271139	1.5767534492963147
1.3373062042075663	1.445740129958115
1.3616559107684714	1.188872732544575
1.3677433374086978	1.1264121328758878
1.373830764048924	1.0648747645646879
1.3860056173293764	0.9449824139624137
1.4103553238902813	0.7205929305074109
1.4164427505305075	0.6682088418117639
1.4225301771707337	0.6174657294814306
1.4347050304511861	0.5211765594686376
1.4407924570914123	0.4757555832745053
1.4468798837316386	0.432225625701295
1.4590547370120912	0.3510350329468643
1.4651421636523176	0.31346010195207874
1.4712295902925439	0.2779475656733684
1.47731701693277	0.24452779336314914
1.4834044435729963	0.21322616957368548
1.4894918702132225	0.1840631151184123
1.4955792968534487	0.15705411822869436
1.501666723493675	0.1322097756952684
1.5077541501339011	0.1095358437666051
1.5138415767741273	0.0890332985600572
1.5199290034143536	0.07069840572594882
1.5260164300545798	0.05452279908973312
1.532103856694806	0.040493567983024316
1.5381912833350322	0.0285933529607163
1.5442787099752584	0.018800449588552804
1.5503661366154846	0.011088919973430448
1.556453563255711	0.005428711697413417
1.5625409898959375	0.001785783805930513
1.5686284165361637	0.00012223949092094117
1.57471584317639	0.00039646510081616746
1.5808032698166161	0.0025632751011861812
1.5868906964568423	0.006574062602657055
1.5929781230970685	0.012376955066327675
1.5990655497372948	0.01991697479137689
1.605152976377521	0.02913620378486442
1.6117563577335474	0.040964933273906406
1.618359739089574	0.054617213750323225
1.6249631204456008	0.07000879639537448
1.6315665018016272	0.08705236605698566
1.6381698831576539	0.10565781326421188
1.6447732645136806	0.12573250921831788
1.6579800272257337	0.1699082005419937
1.6645834085817603	0.19381384385329514
1.6711867899377868	0.21879859112675631
1.6843935526498401	0.2716003639763436
1.7108070780739464	0.3856657357424266
1.7174104594299728	0.4153466301928296
1.7240138407859995	0.4452897779436193
1.7372206034980526	0.5055629486517108
1.7636341289221589	0.6249409187690266
1.7702375102781853	0.6539983175979706
1.776840891634212	0.6825635955692959
1.7900476543462651	0.7378846242645567
1.8164611797703716	0.8391297551271243
1.8230645611263983	0.8620729116797586
1.8296679424824247	0.8839425503993441
1.8362713238384514	0.9046822274544452
1.842874705194478	0.9242394779921593
1.8494780865505045	0.9425658965615333
1.8560814679065312	0.9596172059760611
1.8626848492625578	0.975353314592209
1.8692882306185843	0.9897383620100734
1.8758916119746107	1.0027407532310255
1.8824949933306374	1.0143331813355618
1.889098374686664	1.0244926387724482
1.8957017560426905	1.0332004173775764
1.902305137398717	1.0404420972676574
1.9089085187547437	1.0462075247799245
1.9155119001107703	1.0504907796543723
1.9221152814667968	1.0532901316795698
1.9287186628228232	1.0546079870468548
1.93532204417885	1.054450824680532
1.9419254255348766	1.0528291228336408
1.948528806890903	1.0497572762598186
1.9551321882469297	1.0452535042917248
1.9617355696029564	1.0393397501754111
1.9683389509589828	1.032041572027844
1.9749423323150095	1.023388025801491
1.9815457136710362	1.013411540655463
1.9881490950270626	1.0021477871470978
1.9947524763830893	0.9896355386710816
2.001355857739116	0.9759165265852057
2.0079592390951424	0.9610352894726159
2.0145626204511693	0.9450390169999504
2.027769383163222	0.9099024091267988
2.033932086581988	0.8921672395761558
2.0400947900007536	0.8736421964481756
2.052420196838285	0.8344116002152454
2.0770710105133476	0.7486151211076417
2.1263726378634735	0.559372233276095
2.1325353412822396	0.535101734266155
2.1386980447010053	0.5108709780921683
2.1510234515385367	0.4627344357765153
2.1756742652135994	0.36915299916809274
2.181836968632365	0.3465960451274585
2.1879996720511308	0.324464708962633
2.200325078888662	0.28164804915545244
2.224975892563725	0.20289233683983124
2.2311385959824905	0.1848436784590181
2.237301299401256	0.1675147930270782
2.2496267062387876	0.13512787344839297
2.2557894096575533	0.12012046143502268
2.261952113076319	0.10593399183180874
2.2742775199138503	0.08010174112610052
2.280440223332616	0.06848944623174476
2.2866029267513817	0.05776503351109772
2.2927656301701473	0.04793973736801145
2.298928333588913	0.03902257768127383
2.3050910370076787	0.031020361731020445
2.3112537404264444	0.02393769123213611
2.31741644384521	0.017776974406509705
2.323579147263976	0.012538443015294283
2.3297418506827423	0.008220174261892452
2.335904554101508	0.004818117466245589
2.3420672575202737	0.0023261254011940763
2.3482299609390394	0.0007359901721920669
2.354392664357805	0.00003748351253105647
2.3605553677765707	0.00021840135747602248
2.3667180711953364	0.0012646125523494327
2.372880774614102	0.0031601115416352655
2.3790434780328678	0.0058870748786288354
2.3852061814516334	0.009425921388042059
2.391368884870399	0.013755375807299845
2.397531588289165	0.018852535726042414
2.4036942917079305	0.024692941637590338
2.409856995126696	0.031250649910843004
2.416019698545462	0.03849830848627374
2.4221824019642275	0.04640723509536402
2.4288610600987934	0.05569017603693652
2.4355397182333594	0.06567493236821294
2.4488970345024916	0.08758404589496893
2.4555756926370575	0.09942222704595305
2.462254350771624	0.11179013648327264
2.4756116670407557	0.1379313538065897
2.482290325175322	0.1516108611843559
2.488968983309888	0.16563277029782722
2.5023262995790203	0.19451076655994207
2.5290409321172844	0.25424484956057364
2.5357195902518503	0.269308703403149
2.5423982483864167	0.2843294700022553
2.5557555646555485	0.3140561127243565
2.562434222790115	0.32867122864913095
2.569112880924681	0.3430619703312962
2.582470197193813	0.37100032651354553
2.589148855328379	0.38446610446932605
2.595827513462945	0.3975440350405558
2.609184829732077	0.42238871528462096
2.615863487866643	0.4340857421619466
2.6225421460012095	0.44525563533101703
2.6358994622703413	0.4658942576343364
2.6425781204049072	0.475307919450339
2.649256778539473	0.4840844262785072
2.6559354366740395	0.4922013030986599
2.6626140948086054	0.4996381791419816
2.6692927529431714	0.5063768231844261
2.6759714110777377	0.5124011726125475
2.6826500692123036	0.5176973562425691
2.6893287273468696	0.522253710890566
2.696007385481436	0.5260607917085328
2.702686043616002	0.529111376317836
2.7093647017505678	0.5314004627880239
2.716043359885134	0.5329252615251605
2.7227220180197	0.5336851811497375
2.729400676154266	0.5336818084597349
2.7360793342888323	0.5329188825895274
2.7427579924233982	0.5314022634900163
2.749436650557964	0.529139894869601
2.7561153086925305	0.5261417617493058
2.7627939668270964	0.5224198427985758
2.7694726249616624	0.5179880576308562
2.7761512830962287	0.5128622092501085
2.7828299412307946	0.5070599218508066
2.7895085993653606	0.5006005741847078
2.796187257499927	0.4935052287177936
2.802865915634493	0.48579655681015227
2.8095445737690588	0.4774987601602652
2.822901890038191	0.45923975563879366
2.829580548172757	0.4493338485945587
2.8362592063073233	0.4389492392893676
2.849616522576455	0.4168671574872498
2.8561733803247806	0.4054491025609949
2.862730238073106	0.3936922612328495
2.8758439535697575	0.36929122385889945
2.90207138456306	0.31786880543366935
2.9086282423113854	0.3046643187189782
2.915185100059711	0.29138834660425905
2.9282988155563623	0.2647576365880946
2.9545262465496647	0.21211576976839347
2.96108310429799	0.19927409411554003
2.9676399620463156	0.18662266608192835
2.980753677542967	0.16201011325386305
2.987310535291293	0.15010658777523725
2.9938673930396185	0.13850836864826574
3.0069811085362694	0.11633197687171165
3.013537966284595	0.10580303288213394
3.0200948240329204	0.09567773952433348
3.033208539529572	0.07672290847693423
3.0397653972778977	0.06793242493904383
3.0463222550262232	0.05962361797818224
3.059435970522874	0.04451356813773244
3.0659928282711997	0.03773989020415239
3.072549686019525	0.03150296948683061
3.0791065437678506	0.02581278283835022
3.0856634015161766	0.020677755418356404
3.0922202592645025	0.016104750974624403
3.098777117012828	0.01209906638427786
3.1053339747611535	0.008664430434472391
3.111890832509479	0.005803006810832618
3.1184476902578044	0.0035154012510732412
3.12500454800613	0.001800672810582565
3.1315614057544554	0.0006563491763126053
3.1381182635027813	0.0000784459551377193
3.1446751212511073	0.00006148985293532737
3.1512319789994327	0.000598545651031227
3.1577888367477582	0.0016812468773637502
3.1643456944960837	0.003299830060772473
3.170902552244409	0.00544317244823434
3.1774594099927347	0.008098833056669174
3.18401626774106	0.01125309692313727
3.190573125489386	0.014891022409871604
3.197129983237712	0.01899649141364018
3.2036868409860375	0.0235522623224416
3.210243698734363	0.0285400255565017
3.2168005564826885	0.0339404615249813
3.223357414231014	0.03973330082473907
3.2299142719793394	0.04589738650291579
3.2430279874759904	0.05925061799477997
3.249584845224316	0.06639359774048259
3.2561417029726414	0.07381562773700391
3.269255418469293	0.08939795152011759
3.2753715982803575	0.09695675630423874
3.2814877780914222	0.1046719983076602
3.2937201377135517	0.12048699548025074
3.3181848569578105	0.15305572299744205
3.3243010367688752	0.1612684897924216
3.33041721657994	0.16946695721598024
3.3426495762020694	0.18573735218269652
3.3671142954463282	0.21720283829482046
3.373230475257393	0.22473097249488017
3.3793466550684577	0.2320864569553753
3.391579014690587	0.24620902884493634
3.397695194501652	0.2529423951696231
3.4038113743127165	0.25943574007610903
3.416043733934846	0.27164227774985633
3.4221599137459107	0.277327256981347
3.4282760935569754	0.2827158435229011
3.43439227336804	0.287795883088389
3.440508453179105	0.2925560455821549
3.4466246329901695	0.2969858458743685
3.4527408128012342	0.30107566245331097
3.458856992612299	0.3048167539259201
3.4649731724233637	0.30820127334309294
3.4710893522344284	0.31122228033144816
3.477205532045493	0.31387375101845477
3.483321711856558	0.3161505857430345
3.4894378916676225	0.3180486145489304
3.4955540714786872	0.3195646004632899
3.501670251289752	0.32069624056802826
3.5077864311008167	0.3214421648765977
3.5139026109118814	0.3218019330337969
3.520018790722946	0.3217760288611742
3.526134970534011	0.3213658527754273
3.5322511503450755	0.3205737121119466
3.5383673301561402	0.3194028093902904
3.544483509967205	0.3178572285629082
3.5505996897782697	0.31594191929282883
3.5567158695893344	0.31366267931029385
3.562832049400399	0.3110261349024431
3.568948229211464	0.3080397195941287
3.5750644090225285	0.3047116510817424
3.5811805888335932	0.3010509064855875
3.587296768644658	0.29706719598979103
3.5934129484557227	0.2927709349420397
3.5995291282667874	0.28817321448851857
3.611761487888917	0.2781209531264133
3.6178776676999815	0.27269169029434426
3.6239938475110463	0.26701145651496244
3.6362262071331757	0.2549544856040229
3.6606909263774345	0.22847379852466107
3.6673230609043	0.22085375867131593
3.673955195431165	0.21308488547987767
3.687219464484895	0.1971860812815898
3.7137480025923555	0.16455066735528717
3.7203801371192204	0.15634406428577186
3.7270122716460854	0.148161554019424
3.7402765406998157	0.13195368949598102
3.766805078807276	0.10074250037297225
3.773437213334141	0.09330569290802229
3.780069347861006	0.0860526592380622
3.7933336169147363	0.07216776160637829
3.7999657514416016	0.06556908641884217
3.8065978859684666	0.05922048013236436
3.8198621550221965	0.04733135202227901
3.8264942895490615	0.041817654875403704
3.8331264240759264	0.03660761319795827
3.8397585586027914	0.0317123885004174
3.8463906931296568	0.027142194834973696
3.853022827656522	0.02290627691481893
3.859654962183387	0.019012891061333508
3.866287096710252	0.015469289012458578
3.872919231237117	0.012281704617463501
3.879551365763982	0.009455343435241277
3.886183500290847	0.006994375245198132
3.892815634817712	0.004901929471760097
3.8994477693445773	0.0031800935155281433
3.9060799038714427	0.0018299139761937617
3.9127120383983076	0.000851400744497756
3.9193441729251726	0.00024353393280289473
3.9259763074520375	4.273606269229794e-6
3.9326084419789025	0.00013057226919269916
3.9392405765057674	0.0006183900538137158
3.9458727110326324	0.0014627125518379132
3.9525048455594978	0.0026575712220565633
3.959136980086363	0.004196066300825238
3.965769114613228	0.0060703921357748445
3.972401249140093	0.008271864857001966
3.979033383666958	0.010790952294131758
3.985665518193823	0.013617306042083907
3.9922976527206884	0.01673979557310753
3.9989297872475538	0.020146544287700473
4.005561921774419	0.023824967392407206
4.012194056301284	0.027761811488198326
4.018826190828149	0.031943195749190786
4.0320904598818785	0.04098118153984489
4.0387225944087435	0.04580727465795484
4.045354728935608	0.050816982583768724
4.058618997989338	0.061321474938529935
4.085147536096799	0.0837933011228285
4.091338992686403	0.08922564626248498
4.097530449276007	0.09469878890171733
4.109913362455217	0.10570954739635585
4.134679188813633	0.12758699134895052
4.140870645403238	0.1329440356801698
4.147062101992842	0.1382286702795387
4.15944501517205	0.14852772869860756
4.184210841530467	0.167692103755415
4.1904022981200715	0.1721153198221859
4.196593754709675	0.17636934425718076
4.208976667888884	0.18432948535098878
4.215168124478488	0.18801670639809734
4.221359581068092	0.1914969843680784
4.2337424942473	0.19780492537299849
4.239933950836905	0.20061814540269204
4.246125407426509	0.2031955645424987
4.252316864016112	0.20553147191805515
4.258508320605717	0.20762078092412617
4.264699777195322	0.20945903791853898
4.270891233784925	0.21104242933686806
4.277082690374529	0.21236778721977903
4.283274146964134	0.2134325931488016
4.289465603553738	0.21423498059014123
4.295657060143342	0.21477373564996363
4.301848516732946	0.21504829624837765
4.3080399733225505	0.21505874972309477
4.314231429912155	0.21480582887745536
4.320422886501759	0.2142909064911594
4.326614343091363	0.21351598831562582
4.332805799680967	0.21248370457942325
4.338997256270572	0.21119730003264503
4.345188712860176	0.20966062256245055
4.351380169449779	0.20787811041524154
4.357571626039384	0.20585477806409608
4.363763082628989	0.20359620076311413
4.369954539218592	0.2011084978332526
4.382337452397801	0.19547280392212008
4.388528908987405	0.1923396046965016
4.394720365577009	0.18900682183999354
4.407103278756217	0.18177711723755316
4.413294735345822	0.1778985273044248
4.419486191935426	0.17385696828858752
4.431869105114634	0.16532558147293255
4.438060561704239	0.16085684285688817
4.4442520182938425	0.15626725892185722
4.456634931473051	0.14677052586167763
4.481400757831468	0.12683160074345565
4.487470414034831	0.12181991520486252
4.493540070238195	0.11678192456885747
4.505679382644923	0.10667235866995269
4.529958007458378	0.08663342117936443
4.536027663661741	0.08172563278261204
4.542097319865105	0.0768801382453768
4.554236632271833	0.0674175386724444
4.578515257085288	0.04968269491335481
4.584584913288651	0.045551321740587396
4.590654569492015	0.04155823307185767
4.602793881898743	0.03401874095922151
4.608863538102106	0.03048728079314806
4.61493319430547	0.02712396089549395
4.627072506712198	0.020927028121314882
4.633142162915561	0.01810494641946302
4.639211819118925	0.01547404506213866
4.645281475322289	0.013038929553941602
4.651351131525653	0.010803725278432201
4.657420787729016	0.008772070356409156
4.66349044393238	0.006947109675270834
4.669560100135744	0.005331490097280839
4.675629756339107	0.003927356851790856
4.68169941254247	0.0027363511137071727
4.687769068745833	0.0017596087677335648
4.693838724949197	0.00099776035517793
4.699908381152561	0.0004509321973909055
4.705978037355925	0.00011874868721332917
4.712047693559288	3.3573714760365427e-7
4.718117349762652	0.00009432537034894724
4.724187005966016	0.0003988614379574585
4.73025666216938	0.0009116064437680134
4.736326318372743	0.0016297494547676244
4.742395974576107	0.002550015073664432
4.748465630779471	0.0036686734471941666
4.754535286982835	0.004981551281723833
4.760604943186198	0.006484043835483309
4.766674599389562	0.008171127854648196
4.772744255592926	0.010037375418476192
4.77881391179629	0.01207696865676839
4.784883567999653	0.01428371530109072
4.797022880406381	0.019172126562501883
4.803092536609745	0.02183968546776949
4.809162192813108	0.02464622262706173
4.821301505219836	0.03064474688189877
4.8273711614231996	0.03382034687068533
4.833440817626563	0.03710219172141452
4.845580130033291	0.043949450892363996
4.869858754846746	0.05852308997882236
4.876444365765909	0.06261735030313823
4.883029976685074	0.06674879491020694
4.896201198523402	0.07507425220955845
4.922543642200059	0.09163440390941864
4.929129253119223	0.09568556741082589
4.9357148640383866	0.09967779801056546
4.948886085876715	0.1074404061747564
4.975228529553371	0.12177879125316161
4.981814140472535	0.12505765676523356
4.988399751391699	0.12819570631607052
4.994985362310864	0.1311844203067474
5.001570973230027	0.13401573809762288
5.008156584149191	0.1366820777545418
5.014742195068355	0.13917635437848555
5.02132780598752	0.14149199697588757
5.027913416906683	0.14362296383103484
5.034499027825847	0.14556375634626142
5.041084638745011	0.14730943132000224
5.047670249664176	0.14885561163719413
5.054255860583339	0.15019849535098034
5.060841471502504	0.1513348631391679
5.067427082421668	0.1522620841234155
5.074012693340832	0.15297812004366113
5.080598304259996	0.153481527784827
5.0871839151791605	0.15377146025735267
5.093769526098324	0.15384766563759963
5.100355137017488	0.15371048497861267
5.106940747936653	0.15336084820612614
5.113526358855816	0.1528002685190332
5.120111969774981	0.1520308352177997
5.126697580694145	0.15105520498847652
5.133283191613309	0.14987659167404474
5.139868802532472	0.14849875456879566
5.146454413451637	0.14692598527530726
5.153040024370801	0.14516309316730056
5.159625635289965	0.1432153895052511
5.166211246209128	0.14108867025507543
5.172796857128293	0.13878919766350492
5.185968078966621	0.13369925405307467
5.192553689885784	0.1309234568589812
5.199139300804949	0.12800420936870174
5.212310522643277	0.12176880808766458
5.2386529663199335	0.10796169919886113
5.245238577239098	0.10428691355368708
5.2518241881582615	0.10054275714436149
5.26499540999659	0.09288723110301665
5.291337853673246	0.07719838688688026
5.2974827866551495	0.07352181493113183
5.303627719637053	0.06985663052252937
5.315917585600859	0.06259384063237076
5.340497317528472	0.04856665868585603
5.346642250510375	0.04520960055660016
5.3527871834922784	0.04192749183739454
5.365077049456085	0.035616585738166305
5.371221982437988	0.03260143217392472
5.377366915419891	0.0296884850906132
5.389656781383698	0.024193589499175158
5.395801714365601	0.02162309971023812
5.401946647347504	0.019177709025604835
5.408091580329407	0.016862361507000694
5.414236513311311	0.014681667567582726
5.420381446293214	0.012639894422867967
5.426526379275117	0.010740957405950522
5.43267131225702	0.008988412163856728
5.4388162452389235	0.007385447749713045
5.444961178220827	0.005934880623201569
5.45110611120273	0.004639149569558296
5.457251044184633	0.0035003115451350464
5.463395977166536	0.00252003845530243
5.46954091014844	0.0016996148682240312
5.475685843130343	0.001039936665786231
5.481830776112245	0.0005415106307292767
5.487975709094148	0.0002044549667980117
5.4941206420760516	0.00002850074652273363
5.500265575057954	0.000012994279051336991
5.506410508039857	0.00015690038829731815
5.51255544102176	0.0004588065895399815
5.5187003740036635	0.0009169281505246998
5.524845306985567	0.00152911402106444
5.53099023996747	0.002292853613143932
5.537135172949373	0.003205284411579796
5.543280105931276	0.0042632003933977675
5.54942503891318	0.005463061232256135
5.555569971895083	0.006801002262476901
5.561714904876986	0.008272845175546592
5.567859837858889	0.009874109420321258
5.5740047708407925	0.011600024276617972
5.586294636804599	0.015405348997389502
5.592439569786502	0.017473884020572227
5.598584502768405	0.01964534830596705
5.610874368732212	0.024272782428883678
5.635454100659825	0.03448508820351997
5.68461356451505	0.05718047573977123
5.691274452212754	0.0603325652509697
5.697935339910457	0.06347377191566914
5.711257115305864	0.06968665635003583
5.717918003003568	0.07274017274448488
5.724578890701272	0.07574653365716526
5.737900666096679	0.08158322841717056
5.744561553794382	0.08439680363183197
5.751222441492086	0.08712975137086314
5.764544216887494	0.0923230227982034
5.7712051045851975	0.09476871252911721
5.7778659922829005	0.09710454537309755
5.7911877676783075	0.10142101942247483
5.797848655376011	0.10338976541110728
5.804509543073714	0.10522489422586606
5.811170430771417	0.10692143935053885
5.817831318469121	0.10847484976460176
5.824492206166825	0.109881000868298
5.831153093864528	0.11113620415802619
5.837813981562231	0.11223721563053618
5.844474869259935	0.11318124289808787
5.851135756957639	0.11396595100042908
5.857796644655342	0.11458946690316191
5.864457532353045	0.1150503826757981
5.871118420050749	0.11534775734653589
5.877779307748453	0.11548111743451564
5.884440195446157	0.11545045616401584
5.891101083143861	0.11525623136872672
5.897761970841564	0.11489936209787643
5.904422858539267	0.11438122393957156
5.9110837462369705	0.11370364308024362
5.917744633934674	0.11286888912255177
5.924405521632378	0.11187966668747598
5.931066409330082	0.11073910582962844
5.937727297027785	0.10945075129801199
5.944388184725488	0.1080185506775469
5.951049072423192	0.10644684144967356
5.957709960120896	0.10474033701319684
5.964370847818599	0.10290411170927309
5.977692623214006	0.09886450412885325
5.98435351091171	0.09667292747638134
5.991014398609413	0.09437520506100705
6.00433617400482	0.08948806773324121
6.010997061702524	0.08691263706687978
6.017657949400227	0.08425898753188274
6.030979724795634	0.07874723741411727
6.057623275586448	0.06712550317006029
6.110910377168077	0.0433059317803729
6.11744946447954	0.04048459965425947
6.123988551791003	0.03771059051287674
6.137066726413929	0.03233258056643645
6.143605813725392	0.029742138612518097
6.150144901036855	0.02722610205620309
6.163223075659781	0.02244196115521565
6.169762162971244	0.020185586711534132
6.176301250282707	0.018027047706984482
6.18284033759417	0.01597151540854287
6.189379424905633	0.014023859652536183
6.195918512217096	0.012188636870968852
6.202457599528559	0.010470079019011602
6.208996686840022	0.008872083429881222
6.215535774151486	0.007398203620721533
6.22207486146295	0.006051641070425018
6.228613948774413	0.0048352379876146784
6.235153036085876	0.0037514710842536077
6.241692123397339	0.0028024463675636554
6.248231210708802	0.0019898949601240236
6.254770298020265	0.0013151699551998807
6.261309385331728	0.0007792443115192148
6.267848472643191	0.00038270978888587363
6.274387559954654	0.00012577692319427786
6.280926647266117	8.276036604216172e-6
6.28746573457758	0.00002965927585013185
6.294004821889043	0.00018900366890570167
6.300543909200506	0.00048501518750863285
6.307082996511969	0.0009160338003796242
6.313622083823432	0.0014800394993503912
6.320161171134895	0.002174659278055364
6.326700258446358	0.002997175040346864
6.333239345757821	0.003944532413170614
6.339778433069284	0.005013350436293726
6.346317520380747	0.006199932099016666
6.35285660769221	0.007500275691830127
6.359395695003673	0.008910086938902358
6.3724738696265995	0.012039550431041076
6.3790129569380625	0.013749270682093074
6.3855520442495255	0.015548623727238628
6.3986302188724515	0.019393821004966744
6.4247865681183045	0.02790275646795827
6.431325655429768	0.03016379627500192
6.437864742741231	0.032465263020385805
6.4509429173641575	0.0371625686125637
6.47709926661001	0.04674378029871939
6.483638353921473	0.04913805635746761
6.490177441232936	0.051518329275857276
6.503255615855862	0.05621015155934014
6.529411965101714	0.06513759331566596
6.5355103744759155	0.06709857840848721
6.541608783850118	0.06900398378657821
6.553805602598523	0.07263012454023214
6.5599040119727245	0.07434230386631784
6.566002421346927	0.07598181039971122
6.578199240095332	0.07902769463298882
6.5842976494695336	0.0804270151567327
6.590396058843736	0.08173956375323611
6.596494468217939	0.0829623432161712
6.602592877592141	0.08409258074494877
6.608691286966343	0.08512773367745748
6.614789696340544	0.08606549465780844
6.620888105714746	0.0869037962289638
6.626986515088949	0.08764081484151892
6.633084924463152	0.08827497427131421
6.639183333837353	0.08880494843997616
6.645281743211555	0.08922966363391253
6.651380152585757	0.08954830011872121
6.657478561959959	0.08976029314741024
6.6635769713341615	0.08986533336225888
6.669675380708364	0.08986336659157991
6.675773790082566	0.08975459304406576
6.681872199456768	0.08953946590481
6.6879706088309705	0.08921868933849184
6.694069018205173	0.08879321590658916
6.700167427579375	0.08826424340684079
6.706265836953577	0.08763321114451178
6.7123642463277795	0.08690179564632022
6.718462655701982	0.0860719058291588
6.724561065076184	0.08514567763698425
6.730659474450386	0.08412546816045592
6.7367578838245885	0.08301384925506956
6.748954702572993	0.08052770273822353
6.755053111947195	0.07915932854905568
6.7611515213213975	0.07771183578617503
6.773348340069802	0.07459379605674893
6.779446749444004	0.07293080788616191
6.7855451588182065	0.07120379966933299
6.797741977566611	0.06757442655377767
6.822135615063419	0.059737723373729956
6.828234024437622	0.05768499745035118
6.834332433811824	0.05560436805152266
6.846529252560227	0.05137886482962561
6.870922890057036	0.0428086035054044
6.877021299431238	0.040669943719756074
6.883119708805441	0.038542639247367234
6.895316527553845	0.034341369620003476
6.919710165050654	0.026283404349569568
6.926324529140657	0.024207043303269865
6.932938893230659	0.022187399709639066
6.946167621410664	0.0183388770776362
6.952781985500667	0.01651981131836287
6.959396349590669	0.014777063744640618
6.972625077770674	0.011537709602052786
6.979239441860677	0.010049083508553013
6.985853805950679	0.008652716185270989
6.992468170040682	0.007351940615663584
6.999082534130684	0.00614981122529621
7.005696898220687	0.005049096424116333
7.012311262310689	0.004052271972393356
7.0189256264006925	0.0031615151856598483
7.025539990490695	0.0023786999916046965
7.0321543545806975	0.001705392849454126
7.038768718670701	0.0011428495399482133
7.045383082760703	0.000692012831570966
7.051997446850706	0.00035351102624072176
7.058611810940708	0.00012765738521715558
7.065226175030711	0.000014450433533481872
7.071840539120713	0.000013575138832671645
7.078454903210716	0.00012440495807495945
7.085069267300718	0.0003460047432000447
7.091683631390721	0.0006771344944769676
7.098297995480723	0.0011162539479641245
7.104912359570726	0.001661527981237538
7.111526723660728	0.002310832819333388
7.118141087750731	0.003061763020696927
7.124755451840733	0.003911639220839902
7.131369815930736	0.0048575166093881555
7.137984180020738	0.005896194114255419
7.144598544110741	0.007024224264813596
7.157827272290746	0.009533384318802126
7.164441636380748	0.010906484952792382
7.171056000470751	0.012352903671226385
7.184284728650756	0.015447480865960664
7.190899092740758	0.017086108913680644
7.197513456830761	0.01877902196798354
7.210742185010766	0.02230708439035134
7.237199641370776	0.029782076981118143
7.243814005460779	0.031705947995479405
7.250428369550782	0.03364066050178422
7.263657097730787	0.037520070693199424
7.290114554090797	0.045162296347170505
7.2967289181808	0.047016533104176
7.303343282270802	0.04883756908953977
7.316572010450807	0.052359543818441004
7.343029466810817	0.05878745050787398
7.349203152963559	0.06014510351731914
7.355376839116301	0.06144183746693739
7.361550525269042	0.06267455010819795
7.367724211421784	0.06384030557571929
7.373897897574526	0.06493634095645894
7.3800715837272675	0.06596007241756639
7.386245269880009	0.06690910087952884
7.392418956032751	0.06778121722238033
7.398592642185493	0.06857440701391976
7.404766328338234	0.06928685475007464
7.410940014490976	0.06991694759875844
7.417113700643718	0.07046327863980213
7.423287386796459	0.0709246495947827
7.4294610729492	0.07130007304182748
7.4356347591019425	0.0715887741117333
7.441808445254684	0.0717901916630085
7.447982131407425	0.07190397893471448
7.454155817560167	0.07193000367724853
7.4603295037129085	0.07186834776247567
7.46650318986565	0.07171930627586966
7.472676876018392	0.07148338609456925
7.478850562171133	0.07116130395648729
7.4850242483238745	0.07075398402682312
7.491197934476617	0.07026255496952674
7.497371620629359	0.0696883465324338
7.5035453067821	0.06903288565594091
7.509718992934841	0.06829789211620911
7.5158926790875835	0.0674852737149769
7.522066365240326	0.06659712102911941
7.528240051393067	0.06563570173411314
7.54058742369855	0.06350298259180327
7.546761109851293	0.062337046843801966
7.552934796004034	0.06110855860482633
7.565282168309517	0.05847627653345322
7.589976912920484	0.05260404728863216
7.596150599073226	0.051030181833413416
7.602324285225968	0.04942150090548845
7.614671657531451	0.04611531893827325
7.639366402142417	0.03926002892174329
7.645540088295158	0.03751941430691565
7.6517137744479005	0.03577631743398991
7.664061146753383	0.03229912276174164
7.68875589136435	0.025494352316799303
7.694929577517092	0.023847485171368477
7.701103263669833	0.022230041542179984
7.713450635975317	0.019098173789976986
7.738145380586284	0.013344132830820933
7.744835021454826	0.011923544890574414
7.751524662323368	0.010569065735945104
7.7582143031919095	0.009284172758299148
7.7649039440604515	0.008072133191281135
7.771593584928993	0.006935995517698139
7.778283225797535	0.005878581528954513
7.784972866666077	0.004902479057392362
7.791662507534619	0.004010035399910255
7.798352148403161	0.0032033514492054165
7.805041789271703	0.002484276546917499
7.811731430140245	0.0018544040708515014
7.818421071008787	0.0013150677663294557
7.825110711877329	0.0008673388295711439
7.831800352745871	0.0005120237488397621
7.838489993614413	0.00024966290691498907
7.845179634482956	0.00008052994627981269
7.851869275351499	4.631896234867486e-6
7.858558916220041	0.00002171005899053478
7.865248557088583	0.00013124164964021815
7.871938197957125	0.0003324421827919916
7.8786278388256665	0.0006242685965379257
7.8853174796942085	0.0010054231023759765
7.89200712056275	0.0014743577476740424
7.898696761431292	0.002029279675285485
7.905386402299834	0.00266815706299547
7.912076043168376	0.0033887257236032034
7.918765684036918	0.004188496344631655
7.92545532490546	0.0050647623449086515
7.932144965774002	0.006014608323585953
7.938834606642544	0.007034919075560716
7.952213888379628	0.009273532893155634
7.95890352924817	0.010484695034562695
7.965593170116712	0.011752061635936343
7.978972451853796	0.014439428049371707
8.005731015327964	0.020305934906980544
8.012420656196506	0.021849099957510325
8.019110297065048	0.023413686476767382
8.032489578802132	0.02658833114441869
8.0592481422763	0.032986938641984244
8.065937783144841	0.03456931882844796
8.072627424013383	0.03613546733724051
8.086006705750467	0.039200877344276
8.09269634661901	0.040691242524235775
8.099385987487551	0.042147608222180305
8.112765269224635	0.04494169174955383
8.119454910093177	0.04627140409599326
8.126144550961719	0.04755112797435552
8.139523832698803	0.049946236413475655
8.146213473567345	0.05105485680834572
8.152903114435887	0.05209997857568132
8.166282396172972	0.05398824833203297
8.172850236655275	0.054811561400285244
8.179418077137576	0.05556362957034277
8.185985917619877	0.05624247757032276
8.192553758102179	0.05684633826941983
8.19912159858448	0.057373656868439295
8.205689439066782	0.05782309449372485
8.212257279549085	0.058193531186522644
8.218825120031386	0.05848406828150762
8.225392960513688	0.058694030169890374
8.231960800995989	0.0588229654442258
8.23852864147829	0.058870647423749686
8.245096481960593	0.05883707406077057
8.251664322442895	0.05872246723033972
8.258232162925196	0.05852727140710625
8.264800003407498	0.058252151734931756
8.271367843889799	0.057897991496486556
8.2779356843721	0.05746588899167186
8.2845035248544	0.056957153835304856
8.291071365336702	0.05637330268606341
8.297639205819005	0.05571605442020828
8.304207046301308	0.05498732476508201
8.310774886783609	0.05418922040881439
8.32391056774821	0.052394230284861745
8.330478408230512	0.051402452717226224
8.337046248712813	0.050351501704774135
8.350181929677417	0.04808404955256129
8.376453291606623	0.04297838296757936
8.383021132088924	0.04160350110804896
8.389588972571225	0.040196648498545
8.402724653535829	0.037302507010822675
8.428996015465035	0.03130386808247517
8.435563855947336	0.029783993612751726
8.442131696429637	0.028264185413030524
8.455267377394241	0.025241007485263287
8.481538739323447	0.019372140075195356
8.488106579805748	0.01796454602658596
8.49467442028805	0.01658827309076482
8.507810101252653	0.013943888427403432
8.514377941734956	0.012682599384492548
8.520945782217257	0.0114662587474865
8.53408146318186	0.009180661409916501
8.54064930366416	0.008117162663080607
8.547217144146462	0.007110113287460082
8.553784984628763	0.006161998011629073
8.560352825111066	0.005275131999702039
8.566920665593369	0.004451655003721888
8.57348850607567	0.0036935260159188395
8.58005634655797	0.003002518433995156
8.586624187040272	0.0023802157511429458
8.592751349585313	0.001862840013143366
8.598878512130353	0.0014074441784887766
8.605005674675393	0.0010148511552682173
8.611132837220435	0.0006857312469331414
8.617259999765476	0.0004206009811184121
8.623387162310516	0.00021982230957722263
8.629514324855556	0.00008360218009069543
8.635641487400598	0.00001199248032174204
8.64176864994564	4.890352694212391e-6
8.64789581249068	0.0000620388784956421
8.65402297503572	0.00018302812852562272
8.66015013758076	0.00036729657674354575
8.6662773001258	0.0006141328725126825
8.67240446267084	0.0009226779661948407
8.678531625215882	0.0012919275820190343
8.684658787760922	0.0017207350313364932
8.690785950305962	0.0022078143585821967
8.696913112851004	0.0027517438114869055
8.703040275396043	0.0033509696263356553
8.709167437941083	0.004003810118343374
8.715294600486125	0.004708460066512893
8.721421763031165	0.005462995381671063
8.733676088121246	0.007113461309642604
8.739803250666288	0.008004995136796166
8.745930413211328	0.008937631878334037
8.75818473830141	0.010916371007975467
8.782693388481572	0.015254371831716709
8.788820551026614	0.016402080789648544
8.794947713571654	0.017569343292728867
8.807202038661735	0.01995073788097307
8.831710688841898	0.02481711129656589
8.83783785138694	0.026037676156030608
8.84396501393198	0.02725379981874917
8.856219339022061	0.029660794076634436
8.880727989202224	0.03429212424104253
8.886855151747266	0.035395424873642424
8.892982314292306	0.036471493160820184
8.905236639382387	0.03853165532827727
8.911363801927429	0.03951081319654069
8.917490964472469	0.0404528780632411
8.92974528956255	0.042216868759020115
8.935872452107592	0.043034620830314826
8.941999614652632	0.04380694181179879
8.948126777197672	0.044532021819974024
8.954253939742713	0.04520816928889603
8.960381102287753	0.04583381469618141
8.966508264832793	0.04640751398686975
8.972635427377835	0.04692795168777467
8.978762589922875	0.047393943705724924
8.985405707183716	0.047836443422724875
8.992048824444556	0.04821255188521628
8.998691941705397	0.04852130193805088
9.005335058966239	0.048761919208627644
9.01197817622708	0.04893382371707375
9.018621293487922	0.04903663093506684
9.025264410748763	0.04907015229194429
9.031907528009604	0.04903439512830086
9.038550645270446	0.04892956209882625
9.045193762531287	0.048756050027675746
9.051836879792127	0.048514448221194384
9.058479997052968	0.04820553624432433
9.06512311431381	0.04783028116851376
9.07176623157465	0.0473898343004045
9.078409348835491	0.04688552740200761
9.085052466096332	0.046318868414474496
9.091695583357174	0.04569153669892498
9.098338700618015	0.04500537780911567
9.104981817878855	0.04426239781200048
9.111624935139696	0.04346475717345757
9.118268052400538	0.04261476422763218
9.124911169661377	0.04171486824945302
9.13819740418306	0.03977582482294516
9.144840521443902	0.03874221314480003
9.151483638704743	0.03766975368540767
9.164769873226424	0.03542053438669591
9.191342342269788	0.030595247870664827
9.19798545953063	0.029340429347995595
9.204628576791471	0.028073126493929186
9.217914811313152	0.025515130727695543
9.244487280356516	0.020404321578400164
9.251130397617358	0.019148124860176512
9.257773514878199	0.017907412990450296
9.27105974939988	0.015485814183656
9.297632218443244	0.010971506375400487
9.304275335704085	0.009929095467119401
9.310918452964927	0.008926793096380637
9.324204687486608	0.0070528580183945085
9.33084780474745	0.0061860716717283895
9.33749092200829	0.005369073687284873
9.350777156529972	0.003892567890031944
9.357420273790813	0.003236738278663843
9.364063391051655	0.002638043953874339
9.370706508312495	0.0020979191560800874
9.377349625573336	0.0016176292826338913
9.383992742834177	0.0011982678035883654
9.390635860095017	0.0008407536697606086
9.397278977355858	0.0005458292189948712
9.4039220946167	0.0003140585851031231
9.41012453394028	0.00015501375122475047
9.41632697326386	0.00005153074271173001
9.42252941258744	3.6444974921348724e-6
9.42873185191102	0.000011253473952937757
9.434934291234601	0.00007412025855609494
9.441136730558181	0.00019187250505856934
9.447339169881761	0.00036400420216527467
9.453541609205342	0.0005898772656479328
9.459744048528922	0.0008687234501786343
9.465946487852502	0.0011996465753563617
9.472148927176082	0.001581625059649727
9.478351366499663	0.0020135147552414923
9.484553805823243	0.0024940520760418578
9.490756245146823	0.0030218574104396876
9.503161123793982	0.004213195942148586
9.50936356311756	0.004873424303065833
9.51556600244114	0.005574319668798945
9.5279708810883	0.007090424269932532
9.534173320411881	0.007901569740328034
9.540375759735461	0.008745265113392655
9.552780638382622	0.010521323888379118
9.558983077706202	0.011449030910970886
9.565185517029782	0.012399986844986997
9.577590395676943	0.014361732836157437
9.602400152971263	0.01845303402436705
9.608602592294844	0.019495606390502535
9.614805031618424	0.020540801287090342
9.627209910265584	0.022628489337708987
9.652019667559905	0.026719825006343095
9.658222106883485	0.02771018381021808
9.664424546207066	0.02868256553870644
9.676829424854226	0.030563809208385136
9.701639182148547	0.03400856581807309
9.707841621472127	0.03479113571072599
9.714044060795707	0.03553832059611069
9.720246500119288	0.03624830788571539
9.726448939442868	0.03691938109953589
9.732651378766448	0.03754992383370065
9.738853818090028	0.038138423472533545
9.745056257413609	0.03868347463660499
9.751258696737189	0.03918378235899066
9.757461136060769	0.03963816498264188
9.76366357538435	0.0400455567724739
9.76986601470793	0.04040501023649196
9.77606845403151	0.04071569815100357
9.78227089335509	0.040976915285701576
9.78847333267867	0.041188079825149444
9.79467577200225	0.04134873448395182
9.800878211325829	0.04145854731365143
9.806958850263168	0.041516650301966336
9.81303948920051	0.04152561354536543
9.819120128137849	0.04148547671742452
9.825200767075188	0.04139639541466998
9.831281406012527	0.04125864050248573
9.837362044949867	0.04107259719088022
9.843442683887206	0.04083876384295764
9.849523322824545	0.04055775051955968
9.855603961761885	0.04023027726415685
9.861684600699224	0.03985717213267021
9.867765239636565	0.039439368973492844
9.873845878573904	0.038977904963556985
9.879926517511244	0.038473917906849765
9.886007156448585	0.03792864330232885
9.898168434323264	0.036719642774115234
9.904249073260603	0.036058846859028555
9.910329712197942	0.03536261606153229
9.922490990072623	0.033870615422208095
9.946813545821982	0.03053981140577218
9.952894184759321	0.02964629534268738
9.95897482369666	0.028732592344223016
9.97113610157134	0.026853260733395876
9.995458657320698	0.022949142637319862
10.001539296258038	0.021956041525663727
10.007619935195379	0.02096069968838793
10.019781213070058	0.018972485544677512
10.044103768819415	0.015069661764382437
10.050184407756754	0.014122326306672069
10.056265046694094	0.013190688667517991
10.068426324568774	0.011382885072444511
10.092748880318133	0.008044917260938684
10.098829519255473	0.007279183636575061
10.104910158192812	0.006544425992039269
10.117071436067492	0.005174179909934395
10.123152075004832	0.004541657002677586
10.129232713942173	0.003946034534130952
10.141393991816852	0.002870450587801211
10.147474630754191	0.0023927338345832586
10.15355526969153	0.0019564021242593124
10.15963590862887	0.0015623322151117126
10.165716547566209	0.001211299090376947
10.171797186503548	0.000903974372784015
10.177877825440888	0.0006409249866085442
10.183958464378229	0.0004226120698052879
10.190039103315568	0.00024939013818697694
10.196635696968709	0.00011274731096945212
10.203232290621848	0.000029634072868154088
10.209828884274987	7.402901867243859e-8
10.216425477928128	0.00002394207513609808
10.22302207158127	0.00010096512830901721
10.229618665234408	0.00023072326653476876
10.236215258887547	0.00041265127278366246
10.242811852540688	0.000646040578269037
10.24940844619383	0.0009300415985075047
10.256005039846968	0.0012636664546819831
10.262601633500108	0.0016457920717709584
10.269198227153248	0.0020751636438846007
10.27579482080639	0.002550398456255768
10.282391414459529	0.0030699900523728295
10.295584601765809	0.004235626379445675
10.30218119541895	0.004878081569819882
10.308777789072089	0.00555772500175132
10.321970976378369	0.0070202783509696436
10.348357350990929	0.01029555005633464
10.35495394464407	0.0111733484821567
10.361550538297209	0.012069701316564364
10.374743725603489	0.013907612473923515
10.401130100216049	0.017689367030751173
10.40772669386919	0.018641079397772962
10.414323287522329	0.019589873702770353
10.427516474828609	0.02146794963855739
10.45390284944117	0.025072413011711453
10.46049944309431	0.02592708516382647
10.46709603674745	0.026758312493544507
10.48028922405373	0.028341247018160775
10.48688581770687	0.029088561213230727
10.49348241136001	0.02980365637925238
10.50667559866629	0.03112940736982533
10.51327219231943	0.03173642716709624
10.51986878597257	0.0323039654625109
10.526465379625709	0.03283048035747608
10.53306197327885	0.03331454791697079
10.53965856693199	0.0337548658280896
10.54625516058513	0.03415025671189549
10.552851754238269	0.03449967108026102
10.55944834789141	0.034802189930382144
10.56604494154455	0.035057026970671944
10.57264153519769	0.035263530472779574
10.579238128850829	0.03542118474552801
10.58583472250397	0.035529611227623124
10.59243131615711	0.03558856919705236
10.59902790981025	0.035597956096158234
10.605624503463389	0.035557807472439605
10.61222109711653	0.03546829653619965
10.618377012832408	0.035340510650184086
10.624532928548287	0.03517036464160429
10.630688844264167	0.03495831883628214
10.636844759980047	0.034704933977941305
10.643000675695927	0.03441086963946524
10.649156591411804	0.03407688239892647
10.655312507127682	0.03370382378533596
10.661468422843562	0.033292637999607716
10.667624338559442	0.03284435941676289
10.673780254275322	0.032360109875911154
10.68609208570708	0.03128860490817337
10.692248001422957	0.030704003262735913
10.698403917138837	0.03008873143576984
10.710715748570596	0.028772290812364664
10.716871664286476	0.0280743427648185
10.723027580002356	0.027352157943618192
10.735339411434113	0.025842152010371183
10.75996307429763	0.02261168510051798
10.809210400024662	0.015751580908501577
10.81536631574054	0.014896298735561034
10.82152223145642	0.014048284797078847
10.83383406288818	0.012381993855522673
10.83998997860406	0.01156761116234266
10.846145894319937	0.010768276035948645
10.858457725751695	0.009222121911853474
10.864613641467574	0.008478872774088543
10.870769557183454	0.007757802501397717
10.883081388615212	0.006388734680323584
10.88923730433109	0.005743848191975362
10.89539322004697	0.005127355448756492
10.907705051478729	0.003985006225060943
10.913860967194609	0.0034616864994979064
10.920016882910488	0.0029718282379341543
10.926172798626368	0.0025164963779609694
10.932328714342246	0.002096669976076065
10.938484630058124	0.0017132400325685256
10.944640545774003	0.0013670075341845123
10.950796461489883	0.0010586817188134865
10.956952377205763	0.0007888785658893675
10.963108292921643	0.0005581195156489552
10.96926420863752	0.0003668304198287316
10.975420124353398	0.00021534072581677106
10.981576040069278	0.00010388289570886578
10.987731955785158	0.00003259206114635586
10.993887871501038	1.5059142421971834e-6
11.000043787216917	0.00001056483433126872
11.006199702932795	0.000059612249711371296
11.012871573364475	0.00015763099875829687
11.019543443796154	0.00030187498730063197
11.026215314227834	0.000491765344719859
11.032887184659513	0.0007265949506902487
11.039559055091193	0.0010055307539454674
11.046230925522872	0.001327616443045986
11.052902795954552	0.0016917754607180824
11.059574666386231	0.002096814352380906
11.06624653681791	0.0025414264385526576
11.07291840724959	0.0030241957999329436
11.086262148112949	0.004098022473924387
11.092934018544629	0.0046857417450619065
11.099605888976308	0.005304952163051065
11.112949629839667	0.006630197793732858
11.119621500271347	0.0073322157409774795
11.126293370703026	0.008057702085046574
11.139637111566385	0.009570325767411495
11.166324593293103	0.012778170842014302
11.219699556746539	0.019389349791375587
11.226371427178218	0.020187123248909575
11.233043297609898	0.020970704088082315
11.246387038473257	0.02248634605064487
11.253058908904936	0.023214072781640394
11.259730779336616	0.023918950162556726
11.273074520199975	0.02525221688255716
11.279746390631654	0.025876830250060646
11.286418261063334	0.026471052683079914
11.293090131495013	0.02703321309001529
11.299762001926693	0.027561735564067547
11.306433872358372	0.028055143636079635
11.313105742790052	0.02851206423495075
11.319777613221731	0.02893123134506944
11.32644948365341	0.029311489351096922
11.33312135408509	0.029651796061341735
11.33979322451677	0.0299512254018992
11.34646509494845	0.03020896977468169
11.353136965380129	0.030424342073435397
11.359808835811808	0.03059677735282376
11.366480706243488	0.03072583414665319
11.373152576675167	0.030811195432321803
11.379824447106847	0.030852669239582187
11.386496317538526	0.03085018890272299
11.393168187970206	0.030803812956288066
11.399840058401885	0.030713724675462697
11.406511928833565	0.03058023126326239
11.413183799265244	0.030403762687656623
11.419855669696924	0.03018487017274581
11.426527540128603	0.02992422434908215
11.433199410560283	0.02962261306917969
11.439749480605723	0.02928752960836453
11.446299550651162	0.02891479128690974
11.4528496206966	0.02850545812058505
11.459399690742039	0.02806068805697975
11.465949760787478	0.02758173358018218
11.472499830832916	0.027069938064418996
11.485599970923793	0.025953628313177574
11.492150040969232	0.025352219160428232
11.49870011101467	0.024724170261638416
11.51180025110555	0.023395158063935675
11.538000531287306	0.020497826535674623
11.544550601332745	0.01973512428976652
11.551100671378183	0.018961171750826396
11.564200811469062	0.017387938581345817
11.590401091650818	0.014199932800482755
11.596951161696257	0.013406775996308865
11.603501231741696	0.01261941579641814
11.616601371832575	0.011070456601630481
11.642801652014331	0.008132398578342987
11.64935172205977	0.007442538640512845
11.655901792105208	0.006774227611551673
11.669001932196087	0.005509138082757891
11.675552002241528	0.004915628962719471
11.682102072286966	0.004350198869479942
11.695202212377843	0.0033092601073307706
11.701752282423282	0.0028363799546833103
11.70830235246872	0.002396829045712397
11.71485242251416	0.001991693089502923
11.7214024925596	0.0016219611379393456
11.72795256260504	0.0012885230924447727
11.734502632650479	0.0009921674877343854
11.741052702695917	0.0007335795580310768
11.747602772741356	0.0005133395904059816
11.754152842786795	0.0003319215691098176
11.760702912832233	0.00018969211395763032
11.767252982877672	0.00008690971501784204
11.773803052923112	0.00002372426504110758
11.780353122968553	1.768902469711046e-7
11.786903193013991	0.000016200079268543902
11.79345326305943	0.00007161810924079235
11.800003333104868	0.0001661477672070519
11.806553403150307	0.00029939936421478485
11.813103473195746	0.0004708780386768439
11.819653543241184	0.0006799853447907842
11.826203613286625	0.0009260211210384073
11.832753683332065	0.0012081856330321964
11.839303753377504	0.0015255819842383898
11.845853823422942	0.0018772187873872827
11.85240389346838	0.0022620130886837203
11.85851328557656	0.0026497745846314332
11.864622677684737	0.0030643466352631463
11.876841461901094	0.003969547328504572
11.882950854009273	0.004457843577183946
11.88906024611745	0.004968291388111268
11.901279030333807	0.006050403501268484
11.907388422441986	0.006619334500405512
11.913497814550164	0.007204957155534757
11.92571659876652	0.00842038170681279
11.950154167199232	0.010985021403837322
11.95626355930741	0.01164484455744381
11.962372951415588	0.012308911254259008
11.974591735631943	0.013643265328341404
11.999029304064656	0.016291343449261305
12.005138696172835	0.016939676249649167
12.011248088281013	0.0175793747278518
12.02346687249737	0.018826728087341815
12.047904440930083	0.021152009839186615
12.054013833038262	0.02168987266113068
12.06012322514644	0.022207726469905778
12.072342009362796	0.02317854816552036
12.078451401470973	0.02362922223548606
12.08456079357915	0.024055304904709175
12.096779577795507	0.024829760215360822
12.102888969903685	0.025176324769289306
12.108998362011864	0.025494685797628786
12.115107754120041	0.025784107911222237
12.121217146228219	0.026043926254318842
12.127326538336398	0.02627354794693972
12.133435930444575	0.0264724533528693
12.139545322552753	0.02664019717060375
12.145654714660932	0.026776409345013373
12.151764106769111	0.026880795797909033
12.157873498877288	0.026953138976136628
12.163982890985466	0.026993298216260245
12.170092283093645	0.02700120992533374
12.176201675201824	0.026976887577699123
12.182311067310001	0.02692042152818807
12.188420459418179	0.026831978642539177
12.194529851526358	0.02671180174627694
12.200639243634537	0.02656020889372863
12.206748635742715	0.026377592459279113
12.212858027850892	0.02616441805338315
12.218967419959071	0.025921223266267245
12.225076812067249	0.025648616242656675
12.231186204175426	0.025347274091258698
12.237295596283605	0.02501794113312022
12.243404988391783	0.02466142699335257
12.250030335215762	0.02424509870513729
12.256655682039739	0.02379902612423295
12.269906375687697	0.022822825635909733
12.276531722511674	0.022295475384763536
12.283157069335653	0.021743928043897784
12.296407762983609	0.020574538792704204
12.303033109807588	0.019959991010178584
12.309658456631567	0.019327824911651213
12.322909150279523	0.01801776352226679
12.349410537575437	0.01526659115790654
12.356035884399416	0.01456260471209815
12.362661231223395	0.013856014711598854
12.375911924871351	0.012442814677463089
12.402413312167266	0.009670437600108175
12.409038658991244	0.008999666680270234
12.415664005815223	0.008341512426187137
12.42891469946318	0.007070131354610774
12.435540046287159	0.006460328228097277
12.442165393111136	0.005869979751184244
12.455416086759094	0.004753888250393021
12.462041433583073	0.004231106217843726
12.468666780407052	0.003733692791617553
12.475292127231029	0.0032629509994869257
12.481917474055008	0.0028201063775118505
12.488542820878987	0.002406303699368396
12.495168167702964	0.0020226039388844498
12.501793514526943	0.001669981473796687
12.508418861350922	0.0013493215380500168
12.515044208174901	0.0010614179292467
12.52166955499888	0.0008069709771276635
12.528294901822857	0.0005865857782231383
12.534920248646836	0.0004007707010541508
12.541545595470815	0.0002499361655008128
12.548170942294792	0.00013439369917618379
12.554796289118771	0.00005435527286489733
12.56142163594275	9.932916299486012e-6
12.56804698276673	1.1386147592113543e-6
12.574672329590708	0.000027884486190052295
12.581297676414685	0.00008998323775908829
12.587923023238664	0.00018714889997688158
12.594548370062643	0.0003189978357478845
12.60117371688662	0.00048505002094531314
12.6077990637106	0.0006847305923536917
12.614424410534578	0.0009173716580817998
12.621049757358557	0.0011822143648256987
12.627675104182536	0.0014784112156526856
12.634300451006514	0.001805028631289714
12.640925797830493	0.0021610497472331516
12.647551144654471	0.002545377438350736
12.654176491478449	0.0029568375620301324
12.667427185126407	0.0038560943610479446
12.673611854013124	0.004308232994456196
12.679796522899842	0.004779399679434681
12.692165860673278	0.0057739016027087845
12.716904536220149	0.0079350478896824
12.766381887313889	0.01263083161926484
12.772566556200605	0.01322422432462976
12.778751225087323	0.013814103803241615
12.791120562860758	0.014977481042228196
12.81585923840763	0.01719885158879918
12.822043907294347	0.01772422368817098
12.828228576181065	0.01823498197670251
12.8405979139545	0.019207701740981832
12.846782582841218	0.01966729143114362
12.852967251727936	0.020107529368801898
12.865336589501371	0.020925731874750674
12.87152125838809	0.021301719752499993
12.877705927274807	0.021654407120878787
12.883890596161525	0.021982948158911844
12.890075265048242	0.02228655771800038
12.89625993393496	0.02256451312346851
12.902444602821678	0.022816155820099045
12.908629271708396	0.023040892857940615
12.914813940595113	0.023238198215065085
12.920998609481831	0.023407613954358152
12.927183278368549	0.02354875121183689
12.933367947255267	0.023661291014403625
12.939552616141984	0.02374498492536596
12.945737285028702	0.023799655516476
12.95192195391542	0.02382519666566767
12.958106622802138	0.023821573680097886
12.964291291688854	0.023788823244524304
12.97047596057557	0.02372705319547864
12.976660629462287	0.023636442122118555
12.982845298349005	0.02351723879506278
12.989029967235723	0.023369761424930795
12.99521463612244	0.02319439675272127
13.001399305009159	0.022991598974569313
13.007583973895876	0.0227618885038222
13.013768642782594	0.022505850573764582
13.019953311669312	0.022224133684706403
13.02613798055603	0.02191744789952004
13.038507318329465	0.021232306453367565
13.044691987216183	0.0208555613604868
13.0508766561029	0.020457264113871564
13.063245993876336	0.01960001092604879
13.069308862376813	0.019152340230833977
13.07537173087729	0.018688000482110032
13.087497467878244	0.017713733770401793
13.111748941880153	0.015615573310851585
13.16025188988397	0.011101518903476389
13.166314758384447	0.010532869296439257
13.172377626884924	0.009967621833361476
13.184503363885879	0.008852507292177314
13.208754837887788	0.006719101654698089
13.214817706388265	0.006213024337980734
13.220880574888742	0.005720185089218904
13.233006311889696	0.004778621033598515
13.239069180390173	0.004332004654213451
13.24513204889065	0.0039028383826260936
13.257257785891605	0.0031006186676748424
13.263320654392082	0.002729332110333673
13.26938352289256	0.0023790254523529592
13.275446391393038	0.00205045901807769
13.281509259893514	0.0017443407162134135
13.287572128393991	0.001461324473368227
13.293634996894468	0.0012020087971479749
13.299697865394945	0.0009669354719404271
13.305760733895422	0.0007565883902066043
13.311823602395899	0.0005713925217745365
13.317886470896376	0.00041171302330256026
13.323949339396854	0.0002778544897465371
13.330012207897331	0.00017006034932923403
13.336075076397808	0.000088512403170036
13.342137944898287	0.00003333051039311542
13.348200813398764	4.572419188193415e-6
13.35426368189924	2.233743955408385e-6
13.360326550399718	0.000026248088323193018
13.366389418900194	0.00007648731348577167
13.372452287400671	0.0001527619509674317
13.378515155901148	0.0002548217585834662
13.384578024401625	0.00038235641803407403
13.390640892902102	0.0005349963722381445
13.39670376140258	0.0007123138001895773
13.402766629903057	0.0009138237267998719
13.408829498403534	0.0011389852648798142
13.414892366904013	0.0013872029861065486
13.42095523540449	0.001657828417526761
13.427018103904967	0.001950161659858985
13.433080972405444	0.0022634531235768713
13.43914384090592	0.002596905378488761
13.451269577906874	0.0033208751931487882
13.457848401123151	0.00374343291756984
13.46442722433943	0.004185358039340374
13.477584870771985	0.005122102629296755
13.503900163637095	0.007168273795931183
13.556530749367315	0.011614445621686155
13.563109572583592	0.012172812265734226
13.56968839579987	0.012726492129588974
13.582846042232426	0.013813605206805387
13.589424865448702	0.014344000207317931
13.59600368866498	0.014863640313630796
13.609161335097536	0.01586490999098469
13.615740158313812	0.016343761897140142
13.622318981530091	0.016806311108807058
13.635476627962646	0.017677445174947147
13.642055451178923	0.018083632977446678
13.6486342743952	0.01846873040411384
13.661791920827755	0.019171504342335742
13.668370744044033	0.019487266833741638
13.67494956726031	0.019778115951166308
13.681528390476586	0.0200432665690994
13.688107213692863	0.02028200617632309
13.69468603690914	0.020493696705943976
13.701264860125418	0.020677776156188127
13.707843683341697	0.020833759997882874
13.714422506557973	0.020961242365147036
13.72100132977425	0.021059897026415104
13.727580152990528	0.021129478133533917
13.734158976206807	0.0211698207472876
13.740737799423083	0.021180841138326877
13.74731662263936	0.021162536863100954
13.753895445855639	0.02111498661501255
13.760474269071917	0.021038349851637043
13.767053092288194	0.020932866199463197
13.77363191550447	0.020798854638224697
13.780210738720749	0.02063671246749684
13.786789561937027	0.0204469140588285
13.793368385153304	0.0202300093972654
13.79994720836958	0.019986622416695476
13.80652603158586	0.01971744913400809
13.813104854802138	0.019423255587604712
13.819683678018414	0.01910487558632801
13.826262501234691	0.01876320827538931
13.83284132445097	0.018399215526366915
13.845998970883524	0.017608398001513783
13.852577794099801	0.017183784801677277
13.85915661731608	0.016741262991125126
13.872314263748635	0.01580746035680873
13.878452409027652	0.015351916781246111
13.88459055430667	0.014885205208288945
13.896866844864702	0.013922786779880104
13.921419425980769	0.011914617415237739
13.927557571259786	0.01140218271475458
13.933695716538802	0.01088801662665625
13.945972007096834	0.009859367218116553
13.970524588212902	0.007834724700084963
13.976662733491917	0.00734232982821679
13.982800878770934	0.006857771646130506
13.995077169328969	0.005916668128707161
14.001215314607986	0.005462312685486387
14.007353459887002	0.005020168532729564
14.019629750445034	0.004176568120461327
14.025767895724051	0.003777052498926576
14.031906041003069	0.0033936248947123698
14.044182331561101	0.0026784868983468083
14.050320476840117	0.002348395316983369
14.056458622119134	0.0020376256295342164
14.068734912677169	0.0014767761910739945
14.074873057956186	0.001227933676431565
14.081011203235201	0.0010008847252896045
14.087149348514217	0.000796116979279117
14.093287493793234	0.000614063614098511
14.099425639072251	0.00045510239172736396
14.105563784351268	0.00031955484761922817
14.111701929630286	0.000207685614594324
14.117840074909301	0.00011970188482048122
14.123978220188317	0.00005575301093646969
14.130116365467334	0.000015930247035762938
14.136254510746351	2.6662989072283004e-7
14.142392656025368	8.737000459585282e-6
14.148530801304386	0.00004125816538133209
14.154668946583401	0.00009768919782718629
14.160807091862416	0.00017783187674368754
14.166945237141434	0.00028143126319098074
14.173083382420451	0.0004081764121526063
14.179221527699468	0.0005577012178704045
14.185359672978485	0.000729585390439956
14.191497818257501	0.0009233555610905572
14.197635963536516	0.0011384865132689555
14.203774108815534	0.0013744025363477993
14.216050399373568	0.0019060434349280051
14.222188544652585	0.0022003782476165933
14.2283266899316	0.0025127215120143193
14.240602980489633	0.003188178019170846
14.24674112576865	0.0035495656485319744
14.252879271047668	0.003925514790346192
14.2651555616057	0.004717262757536031
14.271809661600518	0.0051663488267573
14.278463761595333	0.005627765166692011
14.291771961584967	0.006582141497044777
14.318388361564235	0.008577566738424563
14.325042461559052	0.009086049411087664
14.33169656155387	0.009595452957630746
14.345004761543503	0.010611151270020762
14.371621161522771	0.01258948495480363
14.378275261517588	0.013064733386581165
14.384929361512405	0.013529500661605824
14.39823756150204	0.014422342649212024
14.404891661496857	0.014847886055855904
14.411545761491674	0.015257892713946246
14.424853961481308	0.016026717847459692
14.431508061476125	0.016383373891426283
14.438162161470942	0.016720174252072104
14.444816261465759	0.017036177311883158
14.451470361460576	0.017330502061508803
14.458124461455393	0.017602330479910108
14.46477856145021	0.0178509097320305
14.471432661445027	0.01807555417811233
14.478086761439844	0.018275647189325752
14.48474086143466	0.018450642764933523
14.491394961429478	0.018600066946784934
14.498049061424295	0.018723519027512518
14.504703161419112	0.018820672549394662
14.511357261413929	0.0188912760914446
14.518011361408746	0.018935153842888887
14.524665461403563	0.018952205961805666
14.53131956139838	0.01894240871830236
14.537973661393197	0.018905814422222198
14.544627761388014	0.01884255113597826
14.551281861382831	0.018752822173719555
14.557935961377648	0.018636905388635293
14.564590061372465	0.018495152250799
14.571244161367282	0.018327986718541564
14.5778982613621	0.018135903906920377
14.584552361356916	0.017919468557418473
14.591206461351733	0.017679313313562005
14.59786056134655	0.01741613680768402
14.604514661341367	0.017130701564586785
14.611168761336184	0.016823831728361983
14.617822861331002	0.016496410619116216
14.624476961325819	0.016149378126817892
14.637785161315453	0.015400504686906333
14.64443926131027	0.015000800789071277
14.651093361305087	0.014585753383696283
14.66440156129472	0.01371438004336949
14.691017961273989	0.011841710507472415
14.697231383331545	0.011386594533813969
14.7034448053891	0.0109269918072027
14.715871649504214	0.009998822573482388
14.740725337734439	0.008138307739062475
14.746938759791995	0.007678892379570133
14.75315218184955	0.007223993920316132
14.765579025964662	0.006332115701077466
14.790432714194887	0.004649586329822416
14.796646136252445	0.004255932700601853
14.80285955831	0.0038749806789321844
14.815286402425112	0.003154746064572763
14.821499824482668	0.0028171560922272175
14.827713246540224	0.0024956489141965145
14.840140090655336	0.0019038308965012582
14.846353512712891	0.0016348854859894997
14.852566934770447	0.001384750506095797
14.858780356828003	0.0011539930735370012
14.86499377888556	0.0009431315720317707
14.871207200943118	0.0007526344551121005
14.877420623000674	0.0005829191740524122
14.88363404505823	0.0004343512333505412
14.889847467115786	0.00030724337587632075
14.896060889173341	0.000201854899479756
14.902274311230897	0.00011839110652455977
14.908487733288453	0.00005700288748245198
14.914701155346009	0.00001778643939141911
14.920914577403565	7.831196474238468e-7
14.92712799946112	5.979435264754027e-6
14.933341421518676	0.00003330716740612107
14.939554843576234	0.00008264363065060036
14.945768265633792	0.00015381206613624364
14.951981687691347	0.0002465821673858662
14.958195109748903	0.00036067073729944144
14.964408531806459	0.0004957424744755496
14.970621953864015	0.0006514108867090754
14.97683537592157	0.0008272393292021776
14.983048797979126	0.0010227421647224075
14.989262220036682	0.0012373860426458673
14.995475642094238	0.0014705912935354
15.001689064151794	0.0017217334356245935
15.014115908266907	0.002275116195483172
15.020329330324465	0.0025758988333235964
15.02654275238202	0.0028917061328588545
15.038969596497132	0.003565071791220066
15.045183018554688	0.00392088670575207
15.051396440612244	0.004288243801245585
15.063823284727356	0.005053785317565789
15.08867697295758	0.006680344581069414
15.094768594628896	0.007092591084233234
15.100860216300212	0.007508168128492086
15.113043459642842	0.00834527799398352
15.137409946328106	0.010014988241061205
15.143501567999422	0.010425607066172796
15.149593189670737	0.010831518657608933
15.161776433013369	0.01162534730537967
15.186142919698632	0.013114883864665253
15.192234541369949	0.01346162694310775
15.198326163041264	0.013796430726213203
15.210509406383895	0.014427085613711199
15.21660102805521	0.014721449773324817
15.222692649726525	0.01500090416981797
15.234875893069157	0.015512499781950398
15.240967514740472	0.015743445410409274
15.247059136411789	0.01595709281231945
15.253150758083104	0.016152946482013125
15.259242379754419	0.01633055392387258
15.265334001425735	0.01648950665648797
15.27142562309705	0.016629441110885892
15.277517244768365	0.016750039420869774
15.283608866439682	0.016851030103770037
15.289700488110999	0.01693218863016618
15.295792109782314	0.01699333788140749
15.301883731453628	0.017034348494026574
15.307975353124945	0.017055139090409517
15.31406697479626	0.017055676395357138
15.320158596467575	0.017035975238442486
15.326250218138892	0.01699609844234033
15.332341839810207	0.016936156597574695
15.338433461481522	0.016856307724398237
15.344525083152838	0.016756756822784186
15.350616704824153	0.016637755311774676
15.356708326495468	0.016499600359689233
15.362799948166785	0.016342634106954225
15.3688915698381	0.016167242783564833
15.374983191509415	0.01597385572343746
15.381074813180732	0.01576294427815231
15.387166434852048	0.01553502063281918
15.393258056523363	0.015290636527027177
15.405441299865995	0.014754883351767856
15.411532921537312	0.014464802758701538
15.417624543208627	0.014160835489286608
15.429807786551258	0.013514179954908032
15.435899408222575	0.01317303456225034
15.44199102989389	0.012821084487608497
15.454174273236521	0.01208813761880373
15.478540759921783	0.010530762224972078
15.4851483363089	0.010093379822480833
15.491755912696014	0.009651847369114348
15.504971065470247	0.008761216328961242
15.53140137101871	0.006984028751054435
15.538008947405826	0.006547694250617331
15.544616523792943	0.006116945328191183
15.557831676567174	0.0052768754610428995
15.584261982115638	0.0037138042258825833
15.590869558502755	0.0033536144075324015
15.597477134889871	0.0030076387325844783
15.610692287664103	0.002361974239864055
15.617299864051219	0.0020639958379443713
15.623907440438334	0.0017836477920856503
15.637122593212567	0.0012787233390867637
15.643730169599683	0.0010554542760740963
15.6503377459868	0.0008524267907860954
15.656945322373915	0.0006701540888409395
15.663552898761031	0.0005090906249172807
15.670160475148148	0.0003696309341264438
15.676768051535262	0.00025210863245488953
15.683375627922379	0.00015679558877948685
15.689983204309495	0.00008390127047527795
15.696590780696612	0.000033572264147426164
15.703198357083728	5.891972529399801e-6
15.709805933470843	8.804880959638643e-7
15.71641350985796	0.000018494643446306652
15.723021086245076	0.000058628238019780096
15.72962866263219	0.00012111244021591388
15.736236239019307	0.00020571636350320114
15.742843815406424	0.0003121478146181225
15.74945139179354	0.0004400542114800077
15.756058968180657	0.0005890236679776745
15.762666544567772	0.0007585862423236952
15.769274120954888	0.0009482153452219732
15.775881697342005	0.0011573293036541829
15.78248927372912	0.0013852930756653949
15.795704426503352	0.0018949743529596613
15.802312002890469	0.002175172373256117
15.808919579277585	0.0024711856377000324
15.822134732051817	0.0031071326644527904
15.848565037600281	0.004527928748171707
15.855172613987396	0.004908189481365672
15.861780190374512	0.0052963220586647935
15.874995343148743	0.006091726362834127
15.901425648697208	0.007726985570847595
15.907592547147061	0.008110877776180797
15.913759445596916	0.008493668528369835
15.926093242496627	0.009252176700630214
15.950760836296048	0.010715004419087883
15.956927734745904	0.011064175499088684
15.963094633195759	0.011404999875848582
15.97542843009547	0.012058310110775433
15.981595328545325	0.012369207704999087
15.98776222699518	0.012668585851852933
16.00009602389489	0.013229915515203191
16.006262922344746	0.013490511767404683
16.0124298207946	0.013736881239293902
16.018596719244456	0.01396843222235792
16.024763617694312	0.01418460995518036
16.030930516144167	0.014384897914695688
16.037097414594022	0.014568819012556652
16.043264313043878	0.014735936693854857
16.049431211493733	0.01488585593567576
16.05559810994359	0.015018224143216486
16.061765008393444	0.015132731941447153
16.0679319068433	0.015229113860553084
16.074098805293154	0.015307148913655968
16.08026570374301	0.015366661065575906
16.086432602192865	0.015407519591662767
16.09259950064272	0.015429639325993708
16.098766399092572	0.0154329807985035
16.104933297542424	0.01541755026088458
16.11110019599228	0.015383399601364195
16.117267094442134	0.015330626148735711
16.12343399289199	0.015259372366289362
16.129600891341845	0.01516982543655428
16.1357677897917	0.015062216738027311
16.141934688241555	0.014936821215324554
16.14810158669141	0.014793956644448419
16.154268485141266	0.014633982795114835
16.16043538359112	0.01445730049233241
16.166602282040976	0.01426435057966669
16.172769180490832	0.014055612786857536
16.178936078940687	0.013831604504686063
16.185102977390542	0.013592879470208225
16.197436774290253	0.013073667334744797
16.20360367274011	0.012794456419505187
16.209770571189964	0.012503077922575639
16.222104368089674	0.011886696375603974
16.246771961889095	0.010540977333061825
16.296107149487938	0.007585676124965224
16.302790002653595	0.007177275272459004
16.309472855819248	0.0067705339321714395
16.322838562150558	0.005966583517499112
16.329521415316215	0.00557162349669977
16.336204268481872	0.0051828147148329715
16.349569974813182	0.004427958245034992
16.356252827978835	0.004064005269629721
16.362935681144492	0.003710387058763147
16.376301387475806	0.0030380220780019352
16.382984240641463	0.0027211216198338743
16.389667093807116	0.0024182433957016616
16.403032800138426	0.0018578079273081517
16.409715653304083	0.0016017664175343883
16.416398506469736	0.0013627744312517394
16.42308135963539	0.0011414692680290065
16.429764212801047	0.0009384367285482213
16.436447065966703	0.0007542095266790316
16.44312991913236	0.0005892658555882001
16.449812772298017	0.00044402811172486635
16.45649562546367	0.0003188617800642222
16.463178478629324	0.000214074483527258
16.46986133179498	0.00012991519902218058
16.476544184960638	0.00006657364207281739
16.483227038126294	0.00002417982151581767
16.48990989129195	2.8037652616115775e-6
16.496592744457605	2.4554176239302805e-6
16.503275597623258	0.000023084708232973093
16.509958450788915	0.00006458179205797922
16.51664130395457	0.00012677745957752275
16.523324157120225	0.00020944371565259417
16.53000701028588	0.0003122945251786454
16.536689863451535	0.00043498672311993
16.543372716617192	0.0005771210860648865
16.55005556978285	0.0007382435619857618
16.556738422948506	0.0009178466544388512
16.56342127611416	0.0011153709570081104
16.570104129279812	0.0013302068333735128
16.57678698244547	0.001561696237976338
16.590152688776783	0.0020717732679044285
16.59683554194244	0.0023488209992553358
16.603518395108093	0.0026394470045201543
16.616884101439403	0.0032579259317705588
16.62356695460506	0.0035839403805084037
16.630249807770713	0.003919861510878034
16.643615514102024	0.0046174337232683235
16.670346926764644	0.006086398467715374
16.72380975208989	0.009077468279634569
16.730370804869303	0.009428709015921518
16.73693185764872	0.009773111741056181
16.75005396320755	0.010437616217202636
16.756615015986963	0.010755884380266709
16.763176068766377	0.011063652324090588
16.776298174325206	0.011644336631712597
16.78285922710462	0.011915661115809198
16.789420279884034	0.012173305894794855
16.79598133266345	0.01241656804693958
16.802542385442866	0.012644785337745193
16.80910343822228	0.012857337978017074
16.815664491001698	0.01305365026246145
16.822225543781112	0.01323319208449058
16.828786596560526	0.013395480323264661
16.83534764933994	0.013540080099353887
16.841908702119355	0.013666605895774486
16.848469754898773	0.013774722541525394
16.855030807678187	0.013864146055135279
16.8615918604576	0.0139346443461191
16.86815291323702	0.01398603777263546
16.874713966016433	0.01401819955403581
16.881275018795847	0.014031056037396688
16.88783607157526	0.014024586817528585
16.894397124354676	0.013998824710359412
16.900958177134093	0.01395385557999319
16.907519229913508	0.01388981802014674
16.91408028269292	0.01380690289106583
16.92064133547234	0.013705352713418464
16.927202388251754	0.013585460921053682
16.933763441031168	0.013447570974898312
16.940324493810582	0.0132920753406443
16.946885546589996	0.01311941433324751
16.953446599369414	0.012930074831621632
16.96000765214883	0.012724588867262465
16.966568704928243	0.012503532090876759
16.97312975770766	0.01226752212142223
16.98625186326649	0.011753312229576367
16.992812916045903	0.01147654097798689
16.999373968825317	0.011187669829577985
17.01249607438415	0.010576853429023588
17.03874028550181	0.00924704425942645
17.045301338281224	0.008897350285020133
17.051862391060638	0.008542649484679626
17.06498449661947	0.007822114076843831
17.09122870773713	0.0063641023132923105
17.097789760516545	0.006001842393199919
17.10435081329596	0.00564244725546566
17.117472918854787	0.004936120181221421
17.143717129972448	0.0035995822723561177
17.1498375048146	0.0033072690416248566
17.155957879656754	0.0030237377321274284
17.168198629341063	0.0024856169395890615
17.174319004183218	0.0022322652170054945
17.180439379025373	0.001990168042580364
17.192680128709682	0.001541917131829407
17.198800503551837	0.0013367794702093337
17.20492087839399	0.001144926158115156
17.211041253236147	0.0009667862600497829
17.217161628078298	0.0008027554068443328
17.22328200292045	0.0006531948960524921
17.229402377762604	0.0005184308757977164
17.23552275260476	0.00039875361390713244
17.241643127446913	0.0002944168539596971
17.247763502289068	0.0002056372596669365
17.253883877131223	0.00013259394879008566
17.260004251973378	0.0000754281175820557
17.26612462681553	0.000034242756524611384
17.27224500165768	9.102457911499485e-6
17.278365376499835	3.331560813224967e-8
17.28448575134199	7.02291709688896e-6
17.290606126184144	0.000030020427696527825
17.2967265010263	0.00006893676662382745
17.302846875868454	0.0001236448743461614
17.30896725071061	0.0001939800704561766
17.315087625552763	0.0002797405010842446
17.32120800039492	0.00038068767465152914
17.327328375237073	0.0004965470845568548
17.333448750079228	0.0006270089171845609
17.33956912492138	0.0007717288434185854
17.34568949976353	0.0009303288916513111
17.351809874605685	0.0011023984000824332
17.364050624289995	0.0014851459488955448
17.37017099913215	0.0016948488463993524
17.376291373974304	0.0019160733372362126
17.388532123658614	0.002390832719899876
17.39465249850077	0.0026431782093527694
17.400772873342923	0.0029046694043870533
17.41301362302723	0.0034524684657283628
17.437495122395845	0.00462799525240727
17.443615497238	0.004934328150894435
17.449735872080154	0.005244154940271626
17.46197662176446	0.005871252850358755
17.486458121133076	0.007133760818732828
17.49257849597523	0.007446643783537355
17.498698870817385	0.00775690652033367
17.510939620501695	0.008366579016904118
17.53542111987031	0.009522175230988967
17.542057449428263	0.009816241764687298
17.54869377898622	0.010100521013411015
17.561966438102125	0.01063655092406829
17.56860276766008	0.010886797899136344
17.575239097218034	0.011124254350486083
17.588511756333943	0.011558182429856184
17.5951480858919	0.011753446348887175
17.601784415449853	0.011933507605275907
17.608420745007805	0.012097868430893879
17.61505707456576	0.01224607601960924
17.621693404123718	0.01237772373391283
17.62832973368167	0.012492452179816333
17.634966063239624	0.012589950147196305
17.64160239279758	0.012669955413140923
17.648238722355536	0.012732255406245816
17.65487505191349	0.01277668773019919
17.661511381471442	0.012803140545394422
17.6681477110294	0.012811552807709832
17.674784040587355	0.012801914363998516
17.681420370145307	0.012774265904234663
17.68805669970326	0.012728698770665845
17.694693029261217	0.012665354624722904
17.701329358819173	0.012584424972837795
17.707965688377126	0.012486150552714705
17.71460201793508	0.01237082058199007
17.721238347493035	0.012238771871601694
17.72787467705099	0.012090387806563779
17.734511006608944	0.011926097197213359
17.741147336166897	0.011746373004353843
17.747783665724853	0.011551730942071304
17.75441999528281	0.011342727962336875
17.761056324840762	0.0111199606258347
17.77432898395667	0.010635706635704512
17.780965313514628	0.010375594988775327
17.78760164307258	0.01010446502387282
17.80087430218849	0.009532244005579888
17.807510631746446	0.009232766934969825
17.8141469613044	0.008925494890135851
17.827419620420308	0.008291038237627382
17.853964938652126	0.006967661129324141
17.860601268210083	0.006630846910666228
17.867237597768035	0.006293513778978614
17.880510256883944	0.005621038021960475
17.907055575115763	0.004310789590196237
17.91369190467372	0.003995746889921276
17.920328234231672	0.003687467890968731
17.93360089334758	0.0030945582613031105
17.940237222905534	0.002811547344046103
17.946873552463487	0.0025385350667041424
17.960146211579396	0.0020254390148931444
17.966341863200093	0.0018022028822717744
17.972537514820786	0.0015900586509911478
17.97873316644148	0.0013895012116370636
17.984928818062173	0.0012009963519858612
17.991124469682866	0.0010249796543487589
17.99732012130356	0.0008618554685242941
18.003515772924253	0.000711995962773393
18.009711424544946	0.0005757402550370954
18.01590707616564	0.00045339362641717064
18.022102727786333	0.0003452268187353757
18.028298379407026	0.0002514754177784595
18.03449403102772	0.00017233932362371732
18.040689682648413	0.00010798230922446468
18.046885334269106	0.00005853166821677973
18.0530809858898	0.000024077952688777453
18.059276637510493	4.674801432080526e-6
18.065472289131186	3.3885897258360065e-7
18.07166794075188	0.000011049785454615415
18.077863592372573	0.000036750357229734975
18.084059243993266	0.0000773466577791995
18.09025489561396	0.00013270835837815716
18.096450547234653	0.000202669087690386
18.102646198855346	0.00028702688926545805
18.108841850476043	0.00038554476569614156
18.11503750209674	0.0004979513079827202
18.121233153717434	0.0006239414084447225
18.127428805338127	0.0007631770553173581
18.13362445695882	0.0009152882069718997
18.139820108579514	0.0010798737435079137
18.146015760200207	0.001256502493277657
18.158407063441594	0.0016440213497309559
18.164602715062287	0.0018539090885489533
18.17079836668298	0.002073837838138399
18.183189669924367	0.0025415414809422977
18.20797227640714	0.0035712199727752337
18.25753748937269	0.005857386253246434
18.263733140993388	0.006150567991645767
18.26992879261408	0.006442971000740144
18.282320095855468	0.0070225392337680175
18.30710270233824	0.008140774232191696
18.313298353958935	0.008407767098117415
18.319494005579628	0.00866839726086865
18.331885308821015	0.009168023683054973
18.338080960441708	0.0094057937058433
18.3442766120624	0.009634751509747345
18.356667915303788	0.010064014646464095
18.362741766538242	0.010259459078237741
18.368815617772697	0.010444432704770086
18.37488946900715	0.010618503797814014
18.3809633202416	0.010781266921331339
18.387037171476052	0.01093234385273746
18.393111022710507	0.011071384438772515
18.39918487394496	0.011198067384068705
18.405258725179415	0.011312100970644102
18.41133257641387	0.011413223706717508
18.41740642764832	0.011501204903408592
18.42348027888277	0.011575845178059253
18.429554130117225	0.011636976883086066
18.43562798135168	0.011684464459451406
18.441701832586133	0.011718204714019525
18.447775683820588	0.0117381270202437
18.45384953505504	0.011744193441812486
18.45992338628949	0.011736398779065058
18.465997237523943	0.011714770538167685
18.472071088758398	0.011679368823225749
18.478144939992852	0.011630286151686743
18.484218791227306	0.011567647193570263
18.490292642461757	0.011491608435239753
18.496366493696208	0.01140235776860738
18.502440344930662	0.011300114006838615
18.508514196165116	0.011185126327794405
18.51458804739957	0.011057673646617226
18.520661898634025	0.010918063919033365
18.526735749868475	0.010766633377104276
18.532809601102926	0.01060374569931656
18.53888345233738	0.010429791117053661
18.55103115480629	0.010050369140276405
18.557105006040743	0.00984580608537156
18.563178857275197	0.009631982609806336
18.575326559744102	0.009178604493975397
18.599621964681916	0.008184321324563603
18.64821277455754	0.005980852687023069
18.65428662579199	0.00569774861966683
18.660360477026444	0.005415128991548955
18.672508179495352	0.004853968329603781
18.696803584433162	0.0037660544970287697
18.702877435667617	0.0035049227781512476
18.70895128690207	0.0032493491559406886
18.721098989370976	0.0027572085241206745
18.727172840605427	0.00252176823338038
18.73324669183988	0.0022941368614736637
18.74539439430879	0.0018643529977045718
18.751984200259045	0.0016465285091646306
18.758574006209297	0.0014402304236527579
18.76516381215955	0.0012460042240303236
18.771753618109805	0.0010643611285228634
18.778343424060058	0.0008957767199640015
18.78493323001031	0.000740689675847254
18.791523035960566	0.0005995006025694656
18.798112841910818	0.00047257097695306197
18.80470264786107	0.00036022219783291904
18.811292453811326	0.00026273475018631523
18.81788225976158	0.00018034748396655645
18.82447206571183	0.00011325700948020865
18.831061871662087	0.00006161721082326683
18.83765167761234	0.000025538878560366264
18.84424148356259	5.089462499310569e-6
18.850831289512847	2.9294507942282236e-7
18.8574210954631	0.000011129835555985493
18.86401090141335	0.00003753728482830067
18.870600707363607	0.0000794093204243349
18.87719051331386	0.00013659720082202426
18.883780319264112	0.00020890988795802627
18.890370125214368	0.0002961146364476613
18.89695993116462	0.000397937697718518
18.903549737114872	0.0005140651369445186
18.910139543065128	0.0006441437603558322
18.91672934901538	0.000787782150198306
18.923319154965633	0.0009445518043218281
18.92990896091589	0.0011139883770889308
18.93649876686614	0.001295593018020211
18.943088572816393	0.0014888338043275362
18.9562681847169	0.0019079399796927108
18.962857990667153	0.0021325902850465642
18.96944779661741	0.0023664500216289586
18.982627408517914	0.0028590837930448473
19.00898663231893	0.003923847835466416
19.015576438269182	0.004202201052891758
19.022166244219434	0.0044838575692344946
19.035345856119942	0.0050538858084670886
19.061705079920955	0.00619823855349939
19.06829488587121	0.00648052588078218
19.074884691821463	0.00675970064282485
19.08806430372197	0.007305598925648017
19.094654109672224	0.007570797541104456
19.101243915622476	0.00782983797721708
19.114423527522984	0.008326579526249031
19.121013333473236	0.008562900420820663
19.127603139423492	0.008790306472042184
19.140782751323997	0.009215883165131378
19.147372557274252	0.009412878432890851
19.153962363224505	0.009598611293692846
19.167141975125013	0.009934280768408651
19.173291103138006	0.010073736868731888
19.179440231151	0.010201809275427496
19.18558935916399	0.010318194506214661
19.191738487176984	0.010422617727268184
19.197887615189977	0.010514833380745015
19.20403674320297	0.010594625740762352
19.210185871215963	0.010661809396575508
19.216334999228955	0.010716229661881332
19.222484127241948	0.010757762909352887
19.22863325525494	0.010786316829692605
19.234782383267934	0.010801830614674665
19.240931511280927	0.010804275063831406
19.24708063929392	0.010793652614623638
19.253229767306912	0.010769997296119669
19.259378895319905	0.010733374606392619
19.265528023332894	0.010683881314029682
19.271677151345884	0.010621645184329577
19.277826279358877	0.010546824630946035
19.28397540737187	0.010459608293913989
19.290124535384862	0.010360214545171638
19.296273663397855	0.010248890922865767
19.302422791410848	0.010125913495897669
19.30857191942384	0.009991586160333967
19.314721047436834	0.009846239869468866
19.320870175449826	0.009690231799482703
19.32701930346282	0.009523944452794439
19.339317559488805	0.009162182772261588
19.345466687501798	0.008967591178240015
19.35161581551479	0.008764483595611263
19.363914071540776	0.008334713910561148
19.37006319955377	0.00810909420202183
19.376212327566762	0.0078770407271664
19.388510583592748	0.007395890080681795
19.41310709564472	0.00638189333085681
19.41925622365771	0.006121167998000265
19.425405351670705	0.0058587944639224366
19.43770360769669	0.005331617745580355
19.462300119748658	0.004285159036462754
19.468449247761647	0.004028828445923943
19.47459837577464	0.0037758381158058516
19.486896631800626	0.0032822655338348807
19.49304575981362	0.003042849838527783
19.49919488782661	0.0028091047249124545
19.511493143852597	0.002360810362031763
19.51764227186559	0.002147312593747866
19.523791399878583	0.0019415858689499177
19.53608965590457	0.0015553434649707956
19.54223878391756	0.0013757243071365558
19.548387911930554	0.0012056671216778936
19.56068616795654	0.0008957787818597279
19.56755044020467	0.0007411821421073668
19.574414712452796	0.0006003057903830392
19.581278984700923	0.00047354383941272665
19.588143256949053	0.0003612473490889767
19.595007529197183	0.00026372332957887455
19.60187180144531	0.00018123387846101483
19.608736073693436	0.00011399545430179679
19.615600345941566	0.00006217828866706467
19.622464618189696	0.000025905938145255352
19.629328890437822	5.254977534828833e-6
19.63619316268595	2.5483492248797174e-7
19.64305743493408	0.000010887768950329622
19.649921707182205	0.00003708898814152449
19.65678597943033	0.00007874691172708139
19.66365025167846	0.00013570357099080838
19.670514523926588	0.00020775514972796167
19.677378796174715	0.0002946526619968711
19.684243068422845	0.00039610276493113786
19.69110734067097	0.0005117687039772017
19.697971612919098	0.000641271387527691
19.704835885167228	0.0007841905875341163
19.711700157415354	0.000940066262309276
19.72542870191161	0.0012886565598011184
19.73229297415974	0.0014802655613511953
19.739157246407867	0.0016826232250235162
19.752885790904124	0.0021170137675502435
19.780342879896637	0.0030849611765776407
19.787207152144767	0.0033432626235810107
19.794071424392893	0.0036065221064580026
19.80779996888915	0.004144661387898581
19.835257057881662	0.005244148751977288
19.842121330129793	0.005518956899423411
19.84898560237792	0.0057920609106416766
19.862714146874175	0.00632984152633764
19.890171235866685	0.0073491175513296795
19.89703550811481	0.007587688766427905
19.90389978036294	0.007818289485432497
19.917628324859194	0.008252829747748288
19.924492597107324	0.008455464084113597
19.93135686935545	0.008647521363847593
19.945085413851707	0.008997641303784035
19.951949686099837	0.009154659793874271
19.958813958347964	0.009299015934836329
19.96567823059609	0.009430281856100323
19.97254250284422	0.00954806971415038
19.97940677509235	0.009652032805511497
19.986271047340477	0.009741866554331307
19.993135319588603	0.009817309371755671
19.999999591836733	0.009878143384686493